FILE: 1033GapCS.txt
100 100 0 
1 3000 30033 30033 30033 30033 30033 30033 30033 30033 0 30033 30033 30033 30033 30033 0 1 30033 30033 30033 1 30033 30033 30033 30033 30033 30033 30033 30033 1 30033 30033 30033 30033 30033 30033 30033 30033 2 30033 30033 30033 1 30033 0 30033 30033 0 30033 30033 30033 30033 30033 30033 2 30033 30033 30033 30033 30033 30033 30033 30033 30033 30033 30033 30033 30033 30033 30033 30033 30033 30033 30033 30033 30033 30033 30033 30033 30033 30033 30033 30033 30033 30033 30033 30033 30033 30033 30033 30033 30033 30033 30033 30033 30033 30033 30033 30033 30033 30033 
2 3000 30033 30033 30033 30033 30033 30033 30033 30033 4 30033 30033 30033 30033 30033 30033 30033 30033 30033 30033 30033 30033 3 30033 30033 30033 30033 30033 30033 30033 0 30033 30033 30033 30033 30033 30033 30033 30033 30033 30033 30033 30033 30033 30033 30033 30033 30033 30033 30033 30033 30033 1 30033 30033 30033 30033 30033 30033 30033 30033 30033 30033 0 30033 30033 30033 30033 30033 30033 30033 3 30033 30033 30033 30033 30033 30033 30033 30033 3 30033 30033 30033 30033 2 30033 30033 30033 30033 30033 30033 30033 30033 30033 30033 30033 1 2 30033 30033 
3 3000 30033 30033 30033 4 1 30033 30033 30033 30033 4 30033 30033 30033 30033 30033 30033 30033 30033 30033 30033 30033 30033 30033 30033 30033 30033 30033 30033 30033 30033 30033 2 30033 3 30033 30033 30033 30033 30033 0 30033 30033 30033 4 0 30033 30033 30033 30033 3 30033 30033 30033 30033 30033 30033 30033 30033 30033 30033 30033 30033 30033 30033 30033 30033 30033 30033 30033 30033 30033 4 30033 30033 30033 30033 30033 30033 30033 30033 30033 30033 30033 30033 30033 30033 30033 30033 30033 30033 30033 30033 30033 30033 30033 30033 30033 30033 30033 30033 
4 3000 30033 30033 30033 30033 30033 30033 30033 30033 30033 30033 30033 30033 30033 30033 3 30033 30033 30033 30033 30033 30033 30033 30033 30033 30033 30033 30033 3 30033 30033 30033 30033 30033 3 30033 30033 30033 30033 30033 30033 30033 30033 30033 30033 30033 30033 30033 30033 30033 30033 30033 30033 30033 30033 30033 30033 30033 30033 30033 30033 30033 30033 30033 30033 30033 30033 3 30033 30033 30033 30033 30033 30033 30033 30033 1 30033 30033 30033 4 30033 30033 30033 30033 30033 4 30033 30033 30033 30033 1 4 30033 30033 3 30033 30033 30033 30033 30033 
5 3000 2 30033 30033 30033 30033 30033 30033 30033 30033 30033 30033 30033 30033 30033 3 30033 30033 30033 30033 30033 30033 30033 30033 30033 30033 30033 2 30033 30033 30033 1 30033 30033 30033 30033 30033 0 30033 30033 30033 30033 30033 30033 30033 30033 30033 30033 30033 30033 30033 30033 30033 30033 30033 30033 30033 30033 30033 30033 30033 30033 30033 30033 30033 30033 30033 30033 30033 30033 30033 30033 30033 30033 30033 1 30033 30033 2 30033 30033 30033 30033 30033 4 30033 30033 30033 30033 30033 30033 30033 30033 0 30033 2 30033 30033 30033 30033 30033 
6 3000 30033 30033 30033 30033 0 30033 30033 30033 30033 30033 30033 30033 30033 30033 30033 30033 30033 30033 30033 30033 30033 30033 1 30033 30033 30033 30033 30033 30033 30033 30033 30033 30033 30033 30033 30033 30033 30033 30033 30033 30033 30033 30033 30033 30033 30033 4 30033 30033 30033 3 30033 30033 30033 30033 30033 4 30033 30033 30033 30033 30033 30033 30033 30033 30033 30033 30033 0 30033 30033 30033 30033 30033 30033 30033 30033 4 30033 30033 30033 30033 30033 30033 4 30033 30033 30033 30033 1 30033 30033 30033 2 30033 30033 30033 30033 30033 30033 
7 3000 30033 30033 30033 30033 30033 30033 30033 30033 30033 30033 30033 30033 30033 30033 30033 30033 30033 30033 30033 30033 30033 30033 30033 30033 30033 30033 0 30033 30033 30033 30033 30033 30033 30033 30033 30033 4 30033 30033 30033 30033 30033 30033 30033 30033 30033 30033 30033 30033 30033 0 30033 30033 30033 30033 30033 30033 30033 30033 0 30033 30033 30033 30033 30033 30033 30033 30033 30033 30033 30033 30033 1 30033 30033 30033 30033 30033 30033 30033 30033 30033 30033 30033 30033 30033 30033 30033 4 30033 30033 2 30033 4 4 30033 30033 3 30033 30033 
8 3000 30033 30033 30033 30033 30033 30033 30033 30033 30033 30033 30033 30033 30033 30033 30033 30033 30033 30033 30033 30033 30033 30033 30033 30033 30033 30033 30033 30033 30033 30033 30033 0 30033 30033 30033 30033 30033 30033 30033 30033 30033 30033 30033 30033 30033 30033 30033 2 30033 30033 30033 0 30033 30033 30033 30033 30033 30033 30033 3 2 30033 30033 30033 30033 30033 30033 30033 30033 30033 30033 1 3 30033 30033 30033 30033 30033 30033 30033 30033 30033 30033 30033 2 30033 3 30033 30033 30033 30033 30033 30033 30033 30033 30033 30033 3 30033 30033 
9 3000 30033 3 30033 30033 30033 30033 30033 2 30033 30033 30033 4 30033 30033 30033 30033 30033 30033 30033 30033 30033 30033 30033 30033 30033 30033 30033 30033 30033 30033 30033 30033 30033 30033 2 30033 30033 30033 2 30033 30033 30033 30033 30033 30033 30033 30033 30033 30033 30033 30033 30033 30033 30033 30033 30033 30033 30033 30033 30033 30033 30033 30033 30033 30033 30033 30033 30033 30033 30033 30033 30033 30033 30033 30033 30033 30033 30033 0 0 30033 30033 0 30033 3 30033 30033 3 30033 30033 30033 30033 30033 30033 30033 30033 30033 30033 30033 30033 
10 3000 30033 30033 30033 1 30033 30033 30033 30033 30033 30033 30033 30033 30033 30033 30033 30033 30033 30033 30033 30033 30033 30033 30033 30033 30033 30033 0 30033 30033 3 3 30033 30033 30033 30033 30033 30033 30033 30033 30033 3 30033 30033 30033 30033 30033 30033 30033 30033 30033 30033 30033 30033 30033 30033 30033 30033 30033 30033 30033 30033 30033 30033 30033 30033 30033 30033 30033 30033 30033 4 30033 30033 30033 30033 30033 30033 30033 30033 30033 30033 30033 30033 30033 30033 30033 30033 0 2 30033 30033 3 30033 30033 30033 30033 3 30033 30033 30033 
11 3000 30033 30033 30033 30033 30033 30033 30033 2 30033 30033 30033 30033 30033 30033 30033 30033 30033 2 30033 30033 30033 30033 30033 30033 1 30033 30033 30033 0 30033 30033 30033 30033 30033 30033 30033 30033 2 30033 30033 30033 30033 30033 30033 30033 30033 30033 30033 30033 30033 30033 30033 4 30033 30033 30033 30033 30033 30033 30033 30033 30033 30033 30033 30033 30033 0 30033 30033 30033 30033 30033 30033 30033 30033 30033 2 1 4 30033 30033 30033 30033 30033 30033 30033 30033 30033 30033 30033 30033 30033 30033 30033 30033 30033 30033 30033 30033 30033 
12 3000 30033 0 30033 30033 30033 30033 30033 3 30033 30033 30033 30033 30033 30033 30033 2 30033 30033 30033 30033 30033 30033 30033 30033 30033 30033 30033 30033 30033 30033 30033 30033 30033 30033 2 30033 30033 30033 30033 30033 30033 30033 30033 30033 30033 30033 30033 30033 30033 0 30033 30033 30033 30033 30033 30033 30033 30033 30033 30033 30033 30033 30033 30033 30033 30033 30033 30033 30033 30033 30033 30033 30033 30033 30033 3 3 30033 30033 30033 1 0 30033 30033 30033 30033 30033 2 30033 30033 30033 30033 30033 30033 30033 30033 30033 30033 30033 30033 
13 3000 30033 3 30033 30033 30033 30033 30033 30033 30033 30033 30033 30033 30033 30033 30033 30033 30033 30033 30033 1 30033 30033 30033 30033 30033 30033 30033 30033 30033 30033 30033 30033 30033 30033 30033 30033 30033 30033 30033 30033 30033 30033 30033 30033 30033 30033 30033 30033 30033 30033 30033 30033 30033 30033 1 30033 30033 30033 30033 30033 30033 30033 30033 3 30033 30033 30033 30033 30033 30033 30033 30033 30033 30033 30033 30033 4 30033 30033 30033 30033 30033 30033 4 0 30033 2 30033 30033 30033 1 30033 30033 0 30033 30033 30033 30033 30033 30033 
14 3000 30033 30033 30033 30033 30033 30033 30033 30033 30033 30033 30033 1 30033 30033 30033 30033 30033 30033 30033 30033 30033 0 30033 30033 0 30033 30033 30033 30033 30033 30033 30033 30033 30033 30033 30033 30033 30033 30033 0 2 2 3 30033 3 30033 30033 30033 30033 30033 30033 30033 30033 30033 30033 30033 30033 30033 30033 30033 30033 30033 0 30033 1 30033 30033 30033 30033 30033 30033 30033 30033 30033 30033 30033 30033 30033 30033 30033 30033 30033 30033 30033 30033 30033 30033 30033 30033 30033 30033 30033 30033 30033 30033 30033 30033 30033 30033 30033 
15 3000 30033 30033 30033 30033 30033 30033 30033 30033 30033 30033 30033 30033 30033 30033 30033 30033 30033 30033 30033 30033 30033 30033 4 4 30033 30033 30033 30033 30033 30033 30033 30033 30033 4 30033 4 30033 30033 0 30033 30033 30033 30033 30033 30033 30033 1 30033 30033 30033 4 30033 30033 30033 30033 30033 30033 30033 30033 30033 4 30033 30033 30033 30033 30033 30033 30033 30033 30033 30033 4 30033 30033 30033 30033 30033 30033 30033 30033 30033 30033 30033 30033 30033 30033 2 30033 30033 30033 30033 30033 30033 30033 30033 30033 30033 30033 30033 30033 
16 3000 30033 30033 4 1 30033 30033 4 1 30033 30033 30033 30033 30033 30033 1 30033 30033 30033 30033 30033 30033 30033 30033 30033 30033 30033 30033 30033 30033 30033 30033 30033 30033 30033 30033 30033 3 30033 30033 30033 2 30033 30033 30033 30033 30033 30033 30033 30033 30033 30033 30033 30033 30033 0 30033 30033 2 30033 30033 30033 30033 30033 3 30033 30033 30033 30033 30033 30033 30033 30033 30033 30033 30033 30033 30033 30033 30033 30033 30033 30033 30033 30033 30033 30033 30033 30033 30033 30033 30033 30033 30033 30033 30033 30033 30033 30033 30033 30033 
17 3000 30033 30033 30033 30033 3 30033 30033 30033 30033 30033 30033 3 30033 2 30033 30033 30033 30033 30033 30033 30033 30033 30033 30033 30033 30033 30033 30033 30033 30033 30033 30033 30033 30033 30033 30033 30033 30033 30033 30033 30033 30033 30033 30033 30033 30033 30033 30033 30033 30033 30033 30033 1 30033 30033 30033 30033 30033 30033 30033 30033 30033 30033 30033 30033 30033 30033 30033 30033 30033 30033 30033 30033 30033 30033 30033 30033 30033 30033 30033 30033 30033 1 30033 30033 30033 30033 30033 30033 30033 30033 30033 2 1 30033 30033 2 30033 2 3 
18 3000 30033 30033 30033 30033 30033 30033 30033 30033 30033 30033 30033 30033 30033 30033 30033 30033 30033 30033 30033 30033 30033 30033 30033 30033 30033 30033 30033 30033 30033 30033 30033 30033 30033 30033 30033 30033 30033 30033 4 30033 30033 30033 30033 30033 30033 30033 30033 30033 30033 30033 30033 30033 30033 30033 30033 30033 30033 30033 30033 30033 30033 30033 30033 30033 30033 30033 0 0 0 30033 30033 30033 30033 30033 30033 30033 30033 30033 30033 4 30033 3 4 30033 30033 4 3 30033 30033 1 30033 30033 30033 30033 30033 30033 30033 30033 30033 30033 
19 3000 30033 30033 30033 0 30033 30033 30033 30033 30033 30033 30033 30033 30033 30033 30033 30033 30033 4 30033 30033 30033 30033 30033 30033 30033 30033 30033 30033 30033 30033 0 30033 30033 30033 30033 1 30033 30033 30033 30033 30033 30033 30033 30033 30033 30033 30033 30033 30033 30033 30033 3 30033 30033 30033 1 30033 30033 30033 30033 2 30033 0 30033 30033 30033 30033 30033 30033 30033 30033 30033 30033 30033 30033 30033 3 30033 30033 30033 30033 30033 30033 30033 30033 30033 30033 30033 30033 4 30033 30033 30033 30033 30033 30033 30033 30033 30033 30033 
20 3000 30033 30033 30033 30033 30033 30033 30033 30033 30033 30033 30033 30033 1 30033 30033 30033 30033 30033 30033 30033 30033 30033 30033 0 2 30033 30033 30033 30033 30033 30033 30033 30033 30033 30033 2 30033 30033 30033 4 30033 30033 30033 30033 30033 30033 1 30033 30033 30033 30033 30033 30033 30033 30033 30033 30033 30033 1 30033 30033 2 30033 30033 30033 30033 30033 30033 1 30033 30033 30033 30033 1 30033 30033 30033 30033 30033 30033 30033 30033 30033 30033 30033 30033 30033 30033 30033 30033 30033 30033 30033 30033 30033 30033 30033 30033 30033 30033 
21 3000 30033 30033 30033 0 30033 30033 30033 30033 30033 30033 30033 2 30033 30033 30033 30033 30033 30033 30033 30033 1 30033 30033 30033 30033 30033 30033 30033 30033 30033 30033 30033 30033 30033 4 30033 30033 30033 30033 30033 30033 0 30033 30033 30033 30033 30033 30033 30033 30033 30033 30033 30033 30033 0 30033 30033 3 30033 30033 30033 30033 30033 30033 30033 30033 30033 0 30033 30033 30033 30033 30033 30033 30033 1 30033 30033 3 30033 30033 30033 30033 30033 30033 30033 30033 30033 30033 30033 30033 30033 30033 30033 30033 30033 30033 30033 30033 30033 
22 3000 30033 30033 30033 30033 30033 30033 30033 30033 30033 30033 30033 30033 30033 30033 30033 30033 30033 30033 30033 30033 30033 1 30033 30033 30033 3 30033 30033 30033 30033 30033 30033 30033 3 30033 30033 30033 30033 30033 30033 1 4 30033 30033 30033 30033 30033 4 0 30033 0 30033 30033 30033 30033 0 30033 30033 30033 30033 30033 30033 30033 30033 30033 30033 30033 30033 30033 30033 30033 30033 30033 3 30033 30033 30033 30033 30033 30033 30033 30033 30033 30033 30033 30033 30033 30033 30033 30033 30033 30033 30033 30033 30033 30033 30033 30033 30033 30033 
23 3000 30033 30033 0 30033 30033 30033 30033 30033 30033 30033 30033 30033 30033 30033 30033 30033 30033 30033 4 30033 30033 30033 30033 30033 30033 1 0 1 30033 30033 30033 30033 30033 30033 30033 30033 30033 30033 30033 30033 30033 30033 4 30033 3 30033 30033 1 30033 30033 30033 30033 30033 30033 30033 30033 30033 30033 30033 30033 30033 30033 30033 30033 30033 30033 30033 30033 30033 30033 30033 30033 30033 30033 30033 30033 30033 30033 0 30033 3 30033 30033 30033 30033 30033 30033 30033 30033 30033 30033 30033 30033 30033 30033 30033 30033 30033 30033 30033 
24 3000 30033 30033 30033 30033 30033 30033 30033 30033 30033 30033 1 30033 30033 1 30033 30033 30033 0 30033 30033 30033 30033 30033 30033 30033 4 30033 30033 2 30033 30033 0 30033 30033 30033 30033 1 30033 0 30033 30033 30033 30033 30033 30033 2 30033 30033 30033 30033 30033 30033 30033 30033 1 30033 30033 30033 30033 30033 30033 30033 30033 30033 30033 30033 30033 30033 30033 30033 30033 30033 30033 30033 30033 30033 30033 30033 30033 30033 30033 30033 30033 30033 30033 30033 30033 30033 30033 30033 30033 30033 30033 30033 30033 30033 30033 30033 30033 30033 
25 3000 30033 30033 30033 30033 2 30033 30033 30033 30033 30033 30033 30033 30033 30033 30033 30033 1 30033 30033 0 30033 30033 30033 30033 3 30033 30033 30033 30033 30033 30033 30033 30033 30033 30033 30033 30033 30033 30033 30033 30033 30033 30033 30033 30033 30033 30033 2 2 30033 30033 30033 30033 30033 0 30033 30033 30033 30033 2 30033 30033 30033 3 30033 30033 30033 30033 30033 30033 30033 30033 30033 30033 30033 30033 3 30033 30033 30033 30033 30033 30033 30033 30033 30033 30033 30033 30033 30033 30033 30033 30033 30033 30033 30033 30033 30033 30033 30033 
26 3000 30033 30033 30033 30033 30033 30033 30033 30033 30033 30033 30033 30033 30033 30033 30033 30033 30033 30033 30033 2 30033 30033 30033 30033 30033 30033 30033 2 30033 30033 30033 30033 30033 30033 30033 30033 30033 30033 30033 30033 30033 30033 30033 30033 30033 30033 30033 0 30033 30033 30033 30033 30033 30033 30033 30033 30033 30033 30033 30033 30033 30033 30033 30033 30033 30033 30033 30033 30033 4 30033 30033 30033 30033 30033 30033 30033 30033 30033 30033 30033 4 4 30033 30033 30033 30033 30033 2 4 30033 30033 30033 30033 30033 30033 30033 0 0 30033 
27 3000 30033 30033 30033 30033 30033 30033 30033 30033 30033 30033 30033 30033 30033 30033 30033 30033 30033 30033 30033 30033 4 30033 30033 30033 30033 30033 30033 30033 0 30033 30033 30033 30033 30033 2 30033 30033 30033 30033 30033 30033 30033 30033 30033 30033 30033 30033 30033 30033 30033 30033 30033 30033 30033 30033 30033 30033 30033 30033 30033 30033 30033 30033 30033 30033 30033 30033 30033 30033 30033 30033 30033 30033 30033 30033 30033 30033 30033 30033 30033 30033 30033 30033 30033 30033 30033 30033 30033 30033 30033 3 30033 4 30033 0 0 3 30033 1 0 
28 3000 30033 30033 30033 30033 30033 30033 2 30033 30033 30033 30033 30033 30033 30033 30033 30033 30033 30033 0 30033 30033 4 30033 30033 30033 30033 30033 30033 30033 30033 30033 30033 30033 30033 30033 30033 30033 30033 30033 30033 30033 30033 30033 30033 30033 30033 30033 30033 30033 30033 30033 30033 30033 30033 30033 30033 30033 30033 30033 30033 30033 1 30033 30033 30033 30033 30033 30033 30033 30033 2 30033 30033 30033 30033 30033 30033 0 30033 30033 30033 30033 30033 3 30033 30033 2 30033 30033 4 30033 0 30033 30033 30033 30033 30033 30033 30033 30033 
29 3000 30033 30033 30033 30033 30033 30033 30033 3 30033 30033 30033 30033 30033 30033 30033 30033 30033 30033 30033 30033 30033 30033 30033 30033 30033 30033 30033 4 30033 30033 30033 30033 30033 30033 30033 30033 30033 30033 30033 1 30033 30033 30033 30033 30033 30033 30033 30033 30033 30033 30033 2 30033 30033 30033 30033 30033 30033 30033 0 30033 30033 30033 30033 30033 30033 1 0 30033 30033 2 30033 30033 4 30033 30033 30033 30033 30033 30033 30033 30033 30033 30033 30033 30033 1 30033 30033 30033 30033 30033 30033 30033 30033 30033 30033 30033 30033 30033 
30 3000 30033 30033 30033 30033 30033 30033 30033 30033 30033 30033 30033 30033 30033 30033 30033 30033 30033 30033 30033 30033 30033 30033 30033 0 30033 30033 30033 30033 30033 30033 4 30033 30033 30033 30033 30033 30033 2 30033 30033 30033 30033 1 30033 30033 30033 30033 30033 1 30033 30033 30033 30033 30033 30033 30033 30033 30033 30033 30033 30033 30033 30033 30033 30033 30033 30033 1 30033 30033 30033 30033 1 3 30033 30033 30033 30033 1 30033 30033 0 30033 30033 30033 30033 30033 30033 30033 30033 30033 30033 30033 30033 30033 30033 30033 30033 30033 30033 
31 3000 30033 30033 30033 30033 30033 30033 30033 30033 30033 30033 30033 30033 30033 30033 30033 30033 30033 30033 30033 30033 30033 30033 1 30033 30033 30033 30033 30033 30033 2 30033 30033 30033 4 30033 3 30033 30033 30033 30033 30033 0 30033 30033 30033 30033 30033 30033 1 30033 30033 30033 3 30033 30033 30033 30033 30033 30033 30033 30033 30033 30033 30033 30033 30033 30033 30033 30033 30033 30033 30033 30033 30033 30033 30033 30033 30033 30033 30033 30033 30033 3 30033 30033 1 30033 30033 30033 30033 30033 30033 30033 30033 3 30033 30033 30033 30033 30033 
32 3000 30033 30033 1 30033 30033 30033 30033 30033 30033 30033 30033 30033 30033 30033 30033 30033 30033 30033 30033 4 30033 30033 30033 30033 30033 30033 30033 30033 30033 30033 1 30033 30033 30033 30033 30033 30033 30033 30033 30033 30033 30033 30033 30033 30033 30033 30033 30033 30033 30033 30033 30033 2 30033 30033 30033 0 30033 30033 30033 4 30033 30033 30033 30033 0 30033 30033 30033 3 30033 30033 30033 1 30033 30033 3 30033 30033 30033 30033 30033 30033 30033 30033 30033 30033 30033 30033 30033 30033 30033 30033 30033 30033 30033 30033 30033 30033 30033 
33 3000 30033 30033 30033 30033 30033 0 30033 30033 30033 30033 4 30033 30033 30033 30033 30033 30033 30033 30033 30033 30033 30033 30033 30033 30033 30033 30033 30033 30033 30033 30033 30033 30033 30033 2 30033 30033 0 30033 2 30033 30033 30033 3 30033 30033 30033 30033 30033 30033 30033 30033 30033 30033 30033 2 30033 30033 30033 30033 30033 30033 3 30033 30033 30033 30033 30033 30033 30033 30033 30033 30033 0 30033 30033 30033 30033 30033 30033 30033 30033 4 30033 30033 30033 30033 30033 30033 30033 30033 30033 30033 30033 30033 30033 30033 30033 30033 30033 
34 3000 30033 30033 30033 30033 30033 30033 30033 1 30033 30033 30033 30033 30033 30033 30033 30033 30033 30033 30033 30033 0 30033 30033 30033 30033 30033 30033 30033 30033 30033 30033 30033 30033 30033 30033 30033 30033 30033 30033 2 30033 30033 30033 30033 30033 30033 30033 30033 1 30033 30033 4 30033 30033 30033 30033 3 0 30033 30033 30033 30033 30033 30033 30033 1 30033 30033 1 30033 30033 1 30033 30033 30033 30033 30033 30033 30033 30033 30033 30033 30033 30033 30033 30033 30033 30033 30033 30033 30033 30033 30033 30033 30033 30033 30033 30033 30033 30033 
35 3000 30033 0 30033 30033 30033 30033 30033 30033 30033 30033 30033 30033 30033 30033 30033 30033 30033 30033 30033 30033 30033 30033 30033 30033 30033 30033 30033 30033 30033 30033 3 4 4 30033 30033 30033 30033 3 30033 30033 30033 30033 30033 30033 3 30033 30033 30033 30033 30033 30033 30033 3 30033 30033 2 30033 30033 30033 30033 30033 30033 30033 30033 30033 30033 4 30033 30033 30033 30033 30033 30033 30033 30033 30033 30033 30033 30033 30033 30033 30033 30033 3 30033 30033 30033 30033 30033 30033 30033 30033 30033 30033 30033 30033 30033 30033 30033 30033 
36 3000 30033 30033 30033 30033 30033 2 30033 30033 30033 30033 30033 30033 30033 30033 30033 1 30033 30033 0 30033 2 30033 30033 30033 30033 30033 30033 30033 30033 30033 30033 30033 30033 30033 30033 30033 30033 30033 30033 30033 30033 30033 30033 30033 30033 3 30033 30033 30033 30033 4 30033 30033 30033 30033 30033 30033 30033 30033 30033 30033 30033 30033 30033 30033 30033 30033 30033 30033 30033 30033 30033 30033 30033 30033 30033 1 30033 30033 0 30033 30033 30033 30033 30033 30033 30033 30033 30033 30033 30033 2 30033 30033 30033 30033 30033 30033 0 30033 
37 3000 30033 30033 1 30033 30033 30033 30033 30033 30033 1 30033 4 30033 4 30033 30033 3 30033 30033 30033 30033 30033 30033 30033 30033 30033 30033 30033 30033 2 30033 30033 1 30033 30033 30033 30033 30033 30033 30033 30033 30033 0 30033 30033 4 30033 30033 30033 30033 30033 30033 30033 30033 30033 30033 30033 3 30033 30033 30033 30033 30033 30033 30033 30033 30033 30033 30033 30033 30033 30033 30033 30033 30033 30033 30033 30033 30033 30033 30033 30033 30033 30033 30033 30033 30033 30033 30033 30033 30033 30033 30033 30033 30033 30033 30033 30033 30033 30033 
38 3000 30033 1 30033 30033 30033 30033 30033 30033 30033 30033 4 30033 30033 30033 30033 30033 30033 30033 30033 30033 30033 30033 4 30033 30033 30033 30033 30033 30033 30033 30033 30033 30033 30033 30033 0 0 30033 30033 30033 30033 30033 30033 30033 30033 30033 30033 30033 30033 30033 30033 3 30033 30033 30033 30033 30033 30033 30033 4 30033 30033 30033 30033 30033 4 30033 30033 30033 30033 30033 30033 30033 30033 30033 30033 30033 30033 3 30033 30033 30033 30033 30033 30033 30033 30033 0 30033 30033 30033 30033 30033 30033 30033 30033 30033 30033 30033 30033 
39 3000 30033 30033 30033 30033 30033 2 30033 30033 30033 30033 30033 30033 30033 30033 1 30033 0 30033 30033 30033 30033 30033 30033 3 30033 30033 30033 30033 30033 30033 30033 30033 30033 30033 30033 30033 30033 30033 30033 30033 30033 30033 30033 30033 30033 30033 30033 30033 4 30033 30033 30033 30033 4 30033 30033 30033 30033 30033 30033 30033 30033 30033 3 30033 30033 30033 30033 30033 30033 30033 30033 30033 30033 30033 30033 30033 30033 30033 30033 30033 30033 30033 30033 30033 30033 30033 30033 30033 30033 30033 30033 30033 30033 30033 4 1 1 30033 30033 
40 3000 30033 30033 30033 30033 30033 30033 30033 30033 30033 30033 30033 30033 30033 30033 30033 30033 30033 30033 30033 30033 30033 30033 30033 30033 30033 1 30033 30033 30033 30033 30033 3 30033 30033 30033 30033 30033 30033 30033 30033 0 30033 30033 30033 30033 30033 4 30033 30033 4 30033 30033 30033 30033 30033 30033 30033 30033 30033 30033 30033 30033 30033 30033 30033 30033 30033 30033 30033 30033 30033 30033 30033 30033 30033 30033 30033 2 30033 30033 30033 30033 30033 4 0 30033 30033 4 30033 2 30033 30033 30033 30033 30033 30033 30033 30033 30033 30033 
41 3000 30033 30033 30033 30033 30033 30033 30033 30033 30033 30033 30033 30033 30033 30033 3 30033 30033 30033 30033 30033 0 30033 3 30033 30033 30033 30033 30033 4 30033 30033 30033 30033 30033 30033 30033 30033 30033 30033 30033 30033 30033 30033 30033 30033 30033 30033 30033 30033 4 30033 30033 2 30033 30033 30033 30033 30033 30033 30033 4 0 30033 3 30033 30033 30033 30033 30033 30033 30033 30033 1 30033 30033 30033 30033 30033 30033 30033 30033 30033 30033 30033 30033 30033 30033 30033 30033 30033 30033 30033 30033 30033 30033 30033 30033 30033 30033 30033 
42 3000 30033 1 2 30033 30033 30033 30033 30033 30033 30033 30033 30033 30033 30033 30033 1 30033 30033 30033 30033 30033 30033 30033 30033 1 30033 30033 30033 30033 30033 1 30033 3 30033 30033 30033 30033 30033 30033 30033 30033 30033 30033 30033 30033 30033 30033 30033 30033 30033 0 30033 1 30033 30033 30033 30033 30033 30033 30033 30033 30033 30033 30033 30033 30033 30033 30033 30033 30033 30033 30033 30033 30033 0 30033 30033 30033 30033 30033 30033 30033 30033 30033 30033 30033 30033 1 30033 30033 30033 30033 30033 30033 30033 30033 30033 30033 30033 30033 
43 3000 30033 30033 30033 30033 30033 30033 30033 30033 30033 30033 30033 30033 30033 30033 30033 30033 1 30033 30033 30033 30033 30033 30033 30033 30033 30033 30033 30033 30033 30033 30033 30033 30033 30033 30033 30033 30033 30033 30033 30033 30033 30033 30033 0 30033 4 30033 30033 30033 30033 30033 30033 30033 30033 30033 30033 30033 30033 30033 30033 30033 30033 30033 30033 30033 30033 30033 30033 30033 30033 30033 30033 1 4 1 30033 30033 30033 30033 30033 30033 30033 30033 2 30033 30033 30033 0 30033 30033 30033 30033 30033 0 30033 2 30033 30033 30033 30033 
44 3000 30033 30033 30033 30033 30033 30033 30033 30033 30033 30033 30033 30033 30033 30033 30033 30033 30033 3 30033 30033 30033 30033 30033 30033 30033 30033 30033 30033 30033 30033 30033 30033 0 30033 30033 30033 30033 30033 30033 30033 30033 30033 30033 30033 30033 30033 30033 30033 0 30033 30033 30033 30033 30033 30033 30033 30033 2 30033 30033 30033 30033 30033 30033 30033 30033 30033 30033 30033 30033 30033 30033 30033 30033 3 0 30033 30033 30033 30033 30033 30033 30033 30033 30033 30033 30033 30033 30033 2 0 30033 30033 30033 30033 3 30033 30033 30033 0 
45 3000 30033 30033 30033 30033 30033 30033 30033 30033 30033 30033 30033 30033 30033 30033 30033 30033 30033 30033 30033 30033 30033 30033 30033 30033 0 30033 30033 30033 30033 30033 30033 30033 30033 30033 30033 30033 1 30033 30033 30033 30033 30033 30033 30033 2 30033 1 30033 30033 30033 30033 30033 30033 30033 30033 30033 30033 30033 30033 30033 30033 30033 30033 30033 30033 30033 30033 30033 30033 30033 30033 30033 30033 30033 30033 30033 30033 30033 30033 30033 30033 30033 30033 30033 30033 30033 30033 30033 30033 30033 0 30033 30033 30033 30033 0 4 4 3 1 
46 3000 30033 30033 30033 30033 0 30033 30033 30033 30033 30033 30033 30033 30033 30033 30033 30033 30033 4 30033 30033 30033 30033 30033 2 30033 30033 30033 30033 30033 30033 30033 30033 30033 30033 30033 30033 30033 30033 30033 30033 30033 30033 30033 30033 4 30033 30033 30033 30033 30033 30033 30033 30033 30033 30033 30033 30033 2 0 30033 30033 30033 30033 30033 30033 30033 30033 30033 30033 30033 30033 30033 30033 30033 30033 3 30033 0 30033 30033 2 30033 30033 30033 30033 2 30033 30033 30033 30033 30033 30033 30033 30033 30033 30033 30033 30033 30033 30033 
47 3000 30033 30033 30033 30033 30033 30033 30033 30033 30033 30033 30033 30033 30033 30033 30033 30033 30033 30033 30033 30033 30033 30033 30033 30033 30033 30033 30033 30033 30033 30033 30033 30033 30033 1 30033 30033 30033 30033 30033 30033 30033 30033 0 30033 30033 30033 30033 30033 30033 30033 30033 30033 30033 30033 30033 1 30033 30033 30033 30033 30033 2 30033 30033 30033 30033 30033 30033 30033 30033 30033 30033 30033 30033 2 30033 30033 30033 30033 30033 30033 30033 30033 30033 30033 30033 30033 30033 1 30033 30033 0 3 0 30033 1 30033 30033 30033 30033 
48 3000 30033 30033 2 30033 2 30033 30033 30033 30033 30033 30033 30033 30033 30033 30033 2 4 30033 30033 30033 30033 30033 30033 30033 30033 30033 30033 30033 30033 30033 30033 30033 30033 30033 30033 3 30033 30033 30033 30033 30033 30033 30033 4 3 30033 30033 1 30033 30033 30033 30033 30033 30033 30033 30033 30033 30033 30033 30033 30033 30033 30033 30033 30033 30033 30033 30033 30033 3 30033 30033 4 30033 30033 30033 30033 30033 30033 30033 30033 30033 30033 30033 30033 30033 30033 30033 30033 30033 30033 30033 30033 30033 30033 30033 30033 30033 30033 30033 
49 3000 30033 30033 30033 30033 30033 30033 30033 30033 30033 0 2 30033 30033 30033 30033 30033 4 30033 30033 30033 30033 3 30033 30033 30033 1 30033 30033 30033 30033 30033 30033 4 30033 2 30033 30033 30033 30033 30033 30033 30033 30033 30033 30033 30033 30033 30033 30033 30033 30033 30033 30033 30033 30033 30033 30033 30033 30033 30033 30033 30033 30033 30033 30033 30033 30033 30033 1 30033 30033 30033 30033 30033 30033 30033 30033 30033 30033 30033 30033 30033 30033 0 30033 4 30033 30033 30033 30033 30033 30033 30033 30033 30033 30033 30033 30033 30033 30033 
50 3000 30033 30033 30033 30033 30033 30033 30033 30033 30033 4 30033 30033 30033 30033 30033 1 30033 30033 30033 30033 30033 30033 30033 30033 30033 30033 30033 30033 30033 30033 30033 30033 30033 30033 30033 30033 30033 30033 30033 30033 3 2 30033 30033 30033 30033 30033 30033 30033 30033 30033 30033 30033 30033 30033 30033 30033 30033 30033 30033 30033 30033 30033 30033 30033 30033 30033 30033 30033 1 30033 30033 30033 30033 30033 30033 4 30033 30033 30033 3 30033 30033 30033 30033 3 30033 30033 30033 30033 30033 30033 30033 3 30033 2 30033 30033 30033 30033 
51 3000 30033 30033 30033 30033 30033 30033 30033 30033 30033 30033 30033 30033 3 30033 30033 30033 30033 30033 30033 0 30033 0 30033 30033 30033 30033 0 30033 30033 30033 30033 30033 30033 30033 30033 30033 30033 4 30033 30033 30033 30033 30033 30033 30033 30033 30033 30033 30033 30033 30033 30033 30033 30033 30033 30033 30033 4 30033 30033 30033 30033 30033 30033 30033 30033 30033 30033 30033 30033 30033 30033 30033 30033 30033 30033 1 0 30033 30033 30033 0 2 30033 30033 30033 30033 30033 30033 30033 30033 30033 30033 30033 30033 30033 30033 30033 30033 30033 
52 3000 2 30033 30033 30033 30033 0 30033 30033 0 30033 30033 30033 30033 30033 4 30033 30033 30033 30033 30033 30033 30033 30033 30033 30033 3 30033 30033 30033 0 30033 30033 30033 30033 30033 30033 30033 30033 2 30033 30033 30033 30033 30033 30033 30033 30033 30033 30033 30033 1 30033 30033 30033 4 30033 30033 30033 4 30033 30033 30033 30033 30033 30033 30033 30033 30033 30033 30033 30033 30033 30033 30033 30033 30033 30033 30033 30033 30033 30033 30033 30033 30033 30033 30033 30033 30033 30033 30033 30033 30033 30033 30033 30033 30033 30033 30033 30033 30033 
53 3000 30033 30033 30033 3 30033 30033 4 30033 30033 30033 30033 30033 4 30033 30033 30033 30033 30033 30033 30033 30033 30033 30033 30033 30033 2 30033 30033 30033 30033 30033 30033 30033 30033 30033 30033 30033 30033 30033 30033 30033 3 30033 30033 30033 30033 30033 30033 30033 4 30033 30033 3 30033 30033 30033 3 30033 30033 30033 4 30033 30033 30033 30033 30033 4 30033 30033 30033 30033 30033 30033 30033 30033 30033 30033 30033 30033 30033 30033 30033 30033 30033 30033 30033 30033 30033 30033 30033 30033 30033 30033 30033 30033 30033 30033 30033 30033 30033 
54 3000 30033 30033 30033 30033 30033 30033 4 30033 30033 30033 30033 1 30033 30033 30033 30033 30033 3 0 30033 30033 30033 30033 30033 30033 30033 1 30033 30033 30033 30033 30033 30033 30033 30033 30033 30033 30033 30033 30033 30033 30033 30033 30033 30033 30033 30033 30033 30033 30033 30033 30033 30033 2 30033 30033 30033 30033 30033 30033 30033 30033 30033 30033 30033 30033 30033 30033 30033 30033 30033 30033 30033 30033 30033 30033 30033 30033 30033 30033 30033 30033 30033 30033 30033 30033 30033 30033 30033 30033 30033 30033 1 30033 30033 30033 30033 1 1 3 
55 3000 30033 30033 30033 30033 3 30033 30033 30033 30033 30033 30033 30033 30033 30033 3 30033 30033 30033 30033 30033 4 30033 30033 30033 30033 30033 30033 30033 30033 30033 30033 30033 30033 30033 30033 30033 30033 30033 30033 30033 30033 30033 30033 0 30033 30033 30033 0 30033 30033 30033 30033 30033 30033 30033 30033 30033 30033 30033 30033 30033 30033 30033 30033 30033 30033 30033 30033 30033 30033 30033 30033 30033 30033 30033 3 30033 30033 30033 30033 30033 1 30033 30033 30033 30033 1 30033 30033 30033 1 30033 0 30033 30033 30033 30033 30033 30033 30033 
56 3000 30033 30033 30033 30033 30033 4 30033 30033 30033 30033 30033 30033 30033 30033 30033 30033 30033 30033 30033 30033 30033 30033 30033 30033 30033 30033 30033 30033 30033 30033 1 30033 30033 2 30033 30033 30033 30033 30033 30033 30033 30033 30033 30033 30033 30033 30033 30033 30033 30033 30033 0 30033 30033 30033 30033 30033 30033 4 30033 30033 30033 30033 30033 30033 4 30033 30033 30033 30033 30033 30033 30033 30033 30033 30033 30033 30033 30033 30033 30033 30033 30033 4 30033 30033 30033 30033 4 30033 30033 3 2 30033 30033 30033 30033 30033 30033 30033 
57 3000 30033 30033 30033 30033 30033 30033 4 2 30033 30033 30033 30033 30033 30033 30033 30033 30033 30033 30033 30033 30033 30033 30033 30033 30033 30033 3 30033 30033 0 30033 30033 30033 30033 4 30033 30033 30033 30033 30033 30033 30033 30033 30033 30033 2 30033 30033 2 30033 30033 30033 30033 30033 30033 30033 30033 30033 30033 30033 30033 30033 30033 30033 3 30033 30033 30033 30033 30033 30033 30033 30033 30033 30033 30033 30033 30033 30033 30033 30033 30033 30033 30033 30033 30033 4 1 30033 30033 30033 30033 30033 30033 30033 30033 30033 30033 30033 30033 
58 3000 30033 30033 30033 30033 30033 30033 30033 30033 30033 30033 30033 30033 30033 30033 30033 30033 30033 30033 4 4 30033 30033 30033 30033 30033 30033 30033 30033 30033 30033 30033 30033 30033 30033 30033 30033 30033 30033 30033 30033 30033 30033 30033 30033 30033 30033 30033 30033 30033 30033 30033 30033 30033 1 30033 30033 30033 30033 1 30033 30033 30033 3 3 30033 30033 30033 30033 30033 30033 30033 30033 30033 30033 30033 30033 30033 30033 2 30033 30033 30033 2 30033 30033 30033 30033 30033 30033 30033 30033 30033 30033 30033 4 30033 3 30033 30033 30033 
59 3000 30033 30033 30033 30033 30033 30033 30033 30033 30033 30033 30033 30033 30033 30033 30033 30033 30033 30033 30033 30033 3 30033 30033 30033 30033 30033 30033 30033 0 30033 30033 30033 30033 30033 30033 30033 3 30033 30033 30033 30033 30033 30033 30033 30033 30033 30033 30033 1 30033 30033 30033 30033 30033 30033 2 30033 30033 30033 30033 30033 30033 30033 30033 30033 30033 30033 2 3 4 30033 30033 30033 30033 30033 30033 30033 30033 30033 30033 30033 30033 30033 30033 30033 1 30033 30033 30033 30033 2 30033 30033 30033 30033 30033 30033 30033 30033 30033 
60 3000 30033 30033 30033 30033 30033 30033 30033 3 3 30033 30033 30033 30033 30033 30033 30033 2 30033 30033 30033 30033 30033 30033 30033 30033 30033 30033 30033 30033 30033 30033 30033 30033 30033 30033 30033 1 30033 30033 30033 30033 30033 2 30033 30033 30033 30033 30033 30033 30033 30033 30033 30033 30033 30033 30033 30033 3 30033 3 30033 30033 30033 1 30033 30033 30033 30033 30033 30033 30033 30033 30033 30033 30033 30033 30033 30033 30033 30033 30033 30033 30033 30033 30033 30033 30033 0 30033 2 30033 30033 30033 30033 30033 30033 30033 30033 30033 30033 
61 3000 30033 30033 30033 30033 30033 30033 30033 30033 4 30033 30033 30033 30033 30033 30033 30033 30033 30033 30033 30033 30033 30033 30033 30033 30033 3 30033 30033 30033 30033 30033 30033 1 30033 30033 30033 30033 30033 30033 30033 30033 30033 30033 30033 30033 30033 30033 30033 30033 30033 3 30033 30033 30033 30033 30033 30033 30033 30033 1 30033 30033 30033 30033 30033 30033 30033 1 30033 3 30033 30033 30033 2 1 30033 30033 30033 0 30033 30033 30033 30033 30033 30033 30033 30033 30033 30033 30033 30033 30033 30033 30033 30033 30033 30033 30033 30033 30033 
62 3000 30033 30033 30033 30033 30033 30033 0 30033 30033 1 2 30033 30033 30033 30033 0 30033 30033 30033 30033 30033 30033 30033 30033 30033 30033 30033 3 30033 30033 30033 30033 30033 30033 30033 30033 30033 30033 30033 30033 1 30033 30033 30033 30033 30033 30033 30033 30033 30033 2 2 30033 30033 1 30033 30033 30033 30033 30033 30033 30033 30033 30033 30033 2 30033 30033 30033 30033 30033 30033 30033 30033 30033 30033 30033 30033 30033 30033 30033 30033 30033 30033 30033 30033 30033 30033 30033 30033 30033 30033 30033 30033 30033 30033 30033 30033 30033 30033 
63 3000 30033 30033 30033 30033 30033 30033 30033 30033 30033 0 30033 30033 30033 30033 30033 30033 30033 30033 30033 30033 30033 30033 4 3 30033 30033 30033 30033 30033 30033 30033 30033 30033 30033 30033 30033 30033 30033 30033 30033 1 30033 30033 30033 30033 30033 30033 0 30033 30033 30033 30033 30033 30033 1 0 30033 30033 30033 30033 30033 30033 30033 30033 30033 30033 1 30033 30033 30033 30033 30033 30033 30033 30033 30033 30033 30033 1 0 30033 30033 30033 30033 30033 30033 30033 30033 30033 30033 30033 30033 30033 30033 30033 30033 30033 30033 30033 30033 
64 3000 2 1 30033 2 30033 30033 30033 30033 30033 30033 30033 30033 30033 30033 30033 30033 30033 30033 2 30033 30033 0 30033 30033 30033 30033 30033 30033 0 30033 30033 30033 30033 30033 30033 30033 30033 30033 30033 30033 30033 30033 30033 30033 30033 30033 30033 1 30033 30033 30033 30033 30033 30033 30033 30033 1 30033 30033 0 30033 30033 30033 30033 4 30033 30033 30033 30033 30033 30033 30033 30033 30033 30033 30033 30033 30033 30033 30033 30033 30033 30033 30033 30033 30033 30033 30033 30033 30033 30033 30033 30033 30033 30033 30033 30033 30033 30033 30033 
65 3000 30033 30033 30033 30033 30033 30033 30033 30033 30033 30033 30033 30033 30033 30033 30033 30033 4 0 30033 30033 30033 30033 30033 30033 30033 30033 30033 30033 30033 30033 30033 30033 30033 4 30033 30033 30033 30033 30033 30033 30033 30033 0 30033 30033 30033 2 30033 30033 30033 30033 30033 30033 30033 30033 30033 30033 30033 30033 30033 30033 2 30033 30033 30033 30033 30033 30033 30033 30033 0 30033 30033 30033 30033 30033 30033 30033 30033 30033 30033 30033 30033 1 30033 30033 30033 30033 30033 30033 30033 1 30033 30033 0 30033 30033 30033 30033 30033 
66 3000 4 30033 30033 30033 30033 30033 30033 30033 30033 3 30033 30033 4 30033 30033 30033 30033 30033 30033 30033 30033 30033 30033 30033 30033 30033 30033 30033 30033 30033 30033 30033 30033 30033 30033 0 30033 30033 30033 30033 30033 30033 30033 30033 30033 30033 30033 30033 30033 3 30033 30033 30033 30033 30033 30033 30033 30033 30033 30033 30033 1 30033 30033 30033 30033 30033 30033 30033 30033 30033 30033 30033 2 30033 30033 30033 30033 30033 30033 30033 30033 1 30033 30033 0 30033 4 30033 30033 30033 30033 30033 30033 30033 30033 30033 30033 30033 30033 
67 3000 30033 30033 30033 30033 30033 30033 30033 30033 30033 30033 30033 30033 30033 30033 30033 30033 30033 30033 30033 30033 30033 30033 4 30033 30033 30033 30033 30033 30033 30033 30033 30033 30033 30033 30033 0 30033 30033 30033 30033 30033 30033 30033 30033 30033 30033 30033 30033 30033 30033 30033 30033 30033 30033 30033 30033 30033 30033 30033 30033 30033 30033 30033 30033 30033 1 30033 3 1 30033 30033 30033 30033 30033 30033 30033 30033 30033 30033 30033 30033 30033 30033 30033 30033 30033 30033 30033 30033 30033 1 30033 30033 30033 30033 4 3 30033 0 1 
68 3000 30033 30033 30033 30033 30033 30033 30033 30033 30033 30033 30033 30033 30033 30033 30033 30033 30033 30033 30033 4 30033 30033 30033 30033 30033 30033 1 30033 30033 1 30033 30033 30033 30033 30033 30033 30033 30033 30033 30033 30033 30033 30033 30033 30033 30033 30033 30033 30033 30033 30033 30033 30033 30033 30033 30033 30033 30033 30033 2 30033 30033 30033 30033 30033 30033 30033 30033 30033 30033 3 30033 30033 30033 30033 30033 30033 30033 30033 1 30033 30033 30033 30033 1 30033 2 30033 30033 2 30033 30033 30033 0 30033 30033 30033 30033 30033 30033 
69 3000 4 4 2 30033 0 30033 0 30033 30033 30033 30033 30033 4 30033 30033 30033 30033 30033 30033 30033 30033 30033 30033 30033 30033 30033 30033 30033 30033 30033 30033 30033 4 30033 30033 30033 30033 30033 30033 30033 30033 0 30033 30033 30033 3 30033 30033 30033 2 30033 30033 30033 30033 30033 30033 30033 30033 30033 30033 30033 30033 30033 30033 30033 30033 30033 30033 30033 30033 30033 30033 30033 30033 30033 30033 30033 30033 30033 30033 30033 30033 30033 30033 30033 30033 30033 30033 30033 30033 30033 30033 30033 30033 30033 30033 30033 30033 30033 30033 
70 3000 30033 1 30033 30033 30033 3 30033 30033 30033 30033 30033 30033 30033 4 30033 0 30033 30033 30033 30033 30033 30033 30033 30033 30033 30033 30033 30033 30033 2 30033 30033 30033 30033 30033 30033 30033 30033 30033 30033 30033 30033 30033 30033 30033 30033 30033 30033 30033 30033 30033 30033 30033 30033 30033 30033 30033 4 2 30033 30033 30033 30033 30033 2 30033 30033 2 30033 30033 30033 30033 30033 30033 30033 30033 30033 1 30033 30033 30033 30033 30033 30033 30033 30033 30033 30033 30033 30033 30033 30033 30033 30033 30033 30033 30033 30033 30033 30033 
71 3000 30033 30033 30033 30033 30033 30033 30033 30033 30033 30033 30033 30033 30033 3 30033 30033 30033 30033 30033 30033 30033 0 30033 30033 30033 30033 30033 3 30033 30033 30033 30033 1 30033 30033 30033 30033 30033 30033 30033 30033 30033 30033 30033 30033 30033 30033 30033 30033 30033 30033 30033 30033 30033 30033 30033 4 30033 30033 30033 30033 2 3 30033 1 30033 30033 30033 30033 30033 30033 30033 30033 30033 3 30033 30033 4 30033 30033 30033 30033 30033 30033 30033 30033 30033 30033 30033 30033 30033 30033 30033 30033 30033 30033 30033 30033 30033 30033 
72 3000 4 30033 30033 4 30033 3 30033 30033 30033 30033 30033 30033 30033 30033 30033 30033 30033 3 30033 0 30033 30033 30033 30033 30033 30033 30033 30033 30033 30033 30033 30033 30033 30033 30033 30033 30033 30033 30033 1 30033 30033 30033 30033 30033 30033 30033 30033 30033 30033 30033 30033 30033 30033 30033 30033 30033 30033 30033 30033 30033 30033 30033 30033 4 30033 30033 30033 30033 30033 30033 30033 30033 30033 30033 30033 30033 30033 30033 30033 30033 30033 30033 30033 30033 30033 30033 30033 30033 30033 30033 30033 30033 30033 30033 30033 30033 1 1 0 
73 3000 30033 30033 30033 30033 30033 30033 0 30033 1 30033 30033 30033 30033 2 30033 30033 30033 30033 30033 30033 30033 30033 30033 30033 30033 3 30033 30033 30033 30033 30033 30033 30033 30033 30033 30033 30033 30033 4 0 30033 30033 4 0 30033 30033 30033 30033 30033 30033 30033 30033 30033 30033 30033 0 30033 30033 3 30033 30033 30033 30033 30033 30033 30033 30033 30033 30033 30033 30033 30033 30033 30033 30033 30033 30033 30033 30033 30033 30033 30033 30033 30033 30033 30033 30033 30033 30033 30033 30033 30033 30033 30033 30033 30033 30033 30033 30033 30033 
74 3000 30033 30033 30033 30033 30033 30033 30033 30033 3 30033 30033 30033 30033 30033 30033 30033 30033 30033 30033 30033 30033 30033 30033 30033 0 30033 30033 4 30033 30033 30033 30033 30033 4 30033 30033 30033 30033 30033 30033 30033 30033 30033 30033 30033 3 30033 30033 30033 1 30033 30033 30033 30033 30033 1 30033 30033 30033 30033 30033 30033 30033 2 30033 30033 30033 30033 30033 2 30033 30033 4 30033 30033 30033 30033 30033 30033 30033 30033 30033 30033 30033 30033 30033 30033 30033 30033 30033 30033 30033 30033 30033 30033 30033 30033 30033 30033 30033 
75 3000 30033 30033 4 30033 30033 30033 30033 30033 0 30033 30033 30033 30033 30033 30033 2 30033 30033 30033 30033 30033 30033 30033 30033 30033 30033 30033 30033 30033 30033 1 2 30033 30033 30033 30033 30033 4 30033 30033 30033 30033 30033 30033 30033 30033 30033 30033 30033 30033 30033 30033 30033 30033 30033 30033 30033 1 30033 30033 3 30033 30033 30033 30033 30033 0 30033 30033 30033 30033 30033 30033 30033 30033 30033 30033 4 30033 30033 30033 30033 30033 30033 30033 30033 30033 30033 30033 30033 30033 30033 30033 30033 30033 30033 30033 30033 30033 30033 
76 3000 30033 30033 30033 30033 30033 30033 30033 30033 30033 30033 0 30033 30033 30033 30033 30033 30033 30033 30033 30033 30033 30033 30033 3 30033 30033 30033 30033 2 30033 30033 30033 30033 30033 30033 30033 30033 1 30033 30033 30033 30033 30033 30033 1 30033 30033 3 30033 30033 30033 30033 30033 30033 30033 30033 30033 30033 30033 30033 30033 30033 30033 30033 30033 4 0 30033 30033 1 30033 4 30033 30033 30033 30033 30033 30033 30033 30033 30033 30033 30033 30033 30033 30033 30033 30033 30033 30033 30033 30033 30033 30033 30033 30033 30033 30033 30033 30033 
77 3000 30033 30033 1 30033 30033 30033 30033 30033 0 30033 30033 30033 30033 30033 30033 30033 30033 30033 30033 30033 30033 1 30033 30033 30033 3 30033 30033 30033 30033 30033 30033 30033 30033 30033 30033 30033 30033 30033 30033 30033 30033 30033 30033 30033 3 30033 30033 30033 30033 30033 30033 30033 30033 3 30033 30033 30033 30033 30033 30033 30033 30033 30033 30033 30033 30033 30033 4 30033 30033 30033 30033 30033 1 30033 30033 30033 30033 30033 2 0 30033 30033 30033 30033 30033 30033 30033 30033 30033 30033 30033 30033 30033 30033 30033 30033 30033 30033 
78 3000 30033 30033 30033 30033 30033 30033 30033 30033 30033 30033 30033 30033 3 30033 30033 0 30033 30033 30033 30033 30033 30033 30033 30033 1 30033 30033 30033 30033 30033 30033 30033 30033 30033 30033 30033 30033 30033 30033 30033 30033 30033 30033 30033 30033 30033 4 30033 30033 30033 4 30033 30033 4 30033 30033 30033 30033 30033 30033 4 30033 30033 30033 2 30033 30033 30033 30033 30033 30033 30033 30033 30033 3 4 30033 30033 30033 30033 30033 30033 30033 30033 30033 30033 30033 30033 30033 30033 30033 30033 30033 30033 30033 30033 30033 30033 30033 30033 
79 3000 30033 30033 30033 30033 30033 30033 30033 30033 4 3 30033 30033 30033 4 30033 30033 30033 30033 30033 30033 30033 30033 30033 30033 30033 30033 30033 30033 0 1 30033 30033 30033 30033 30033 30033 30033 30033 30033 30033 30033 30033 30033 2 30033 30033 30033 30033 30033 30033 30033 30033 30033 30033 1 30033 30033 30033 30033 30033 30033 30033 30033 30033 2 30033 30033 30033 0 30033 30033 30033 30033 30033 30033 30033 30033 30033 30033 30033 4 30033 30033 30033 30033 30033 30033 30033 30033 30033 30033 30033 30033 30033 30033 30033 30033 30033 30033 30033 
80 3000 30033 30033 30033 30033 30033 30033 30033 30033 30033 30033 4 30033 30033 3 30033 30033 30033 30033 30033 30033 30033 30033 30033 30033 30033 30033 30033 30033 30033 30033 30033 30033 30033 30033 30033 30033 30033 30033 30033 30033 30033 4 1 30033 30033 4 30033 30033 30033 30033 30033 30033 30033 0 30033 30033 30033 30033 30033 30033 30033 30033 30033 30033 30033 2 30033 30033 30033 30033 30033 2 30033 30033 30033 4 2 30033 30033 30033 30033 30033 30033 30033 30033 30033 30033 30033 30033 30033 30033 30033 30033 30033 30033 30033 30033 30033 30033 30033 
81 3000 30033 30033 30033 30033 2 30033 30033 30033 30033 30033 30033 4 3 30033 30033 30033 30033 30033 30033 30033 30033 30033 30033 4 30033 30033 30033 30033 30033 0 30033 30033 4 30033 30033 30033 30033 30033 30033 30033 30033 30033 3 30033 30033 30033 30033 30033 30033 30033 30033 30033 30033 30033 30033 30033 30033 30033 30033 30033 30033 30033 30033 30033 30033 30033 30033 30033 30033 30033 2 30033 30033 1 30033 30033 30033 30033 30033 30033 4 30033 30033 30033 30033 30033 30033 30033 30033 30033 30033 30033 30033 30033 30033 30033 30033 30033 30033 30033 
82 3000 30033 30033 30033 30033 30033 30033 30033 30033 30033 30033 30033 30033 30033 30033 30033 30033 1 30033 4 30033 0 30033 30033 30033 30033 30033 30033 30033 30033 30033 30033 0 30033 30033 4 30033 30033 30033 30033 30033 3 30033 30033 30033 30033 30033 30033 30033 30033 30033 30033 30033 30033 30033 30033 30033 30033 30033 30033 30033 30033 0 30033 30033 30033 30033 0 30033 30033 30033 30033 30033 30033 30033 30033 30033 30033 30033 30033 30033 30033 30033 30033 30033 30033 30033 30033 30033 30033 0 30033 30033 0 30033 30033 30033 30033 30033 30033 30033 
83 3000 2 30033 30033 30033 30033 30033 30033 30033 30033 30033 30033 30033 30033 30033 30033 30033 30033 30033 30033 30033 30033 30033 30033 30033 30033 30033 30033 30033 30033 30033 30033 30033 30033 30033 30033 1 30033 30033 30033 30033 30033 30033 30033 30033 30033 30033 30033 30033 30033 30033 30033 30033 30033 30033 30033 30033 3 30033 3 1 0 30033 30033 30033 30033 3 30033 30033 30033 30033 30033 30033 4 30033 30033 30033 30033 30033 30033 4 30033 1 30033 30033 30033 30033 30033 30033 30033 30033 30033 30033 30033 30033 30033 30033 30033 30033 30033 30033 
84 3000 30033 2 30033 30033 1 3 30033 30033 30033 30033 30033 30033 30033 30033 30033 30033 30033 4 30033 30033 30033 30033 30033 30033 30033 30033 30033 30033 30033 30033 30033 30033 30033 30033 30033 30033 30033 30033 1 30033 30033 30033 30033 30033 30033 30033 30033 30033 30033 30033 30033 30033 30033 30033 30033 30033 30033 30033 30033 30033 30033 30033 30033 30033 30033 30033 30033 30033 30033 30033 30033 3 0 30033 3 30033 30033 30033 30033 1 30033 30033 30033 30033 4 30033 30033 30033 30033 30033 30033 30033 30033 30033 30033 30033 30033 30033 30033 30033 
85 3000 30033 30033 0 30033 30033 30033 30033 30033 30033 2 3 2 30033 30033 0 30033 30033 30033 0 30033 3 30033 30033 30033 30033 30033 0 30033 30033 30033 30033 30033 30033 30033 30033 30033 4 30033 30033 30033 30033 30033 30033 30033 30033 30033 30033 30033 30033 30033 30033 30033 4 30033 30033 30033 30033 30033 30033 30033 30033 30033 30033 30033 30033 30033 30033 30033 30033 30033 30033 30033 30033 30033 30033 30033 30033 30033 30033 30033 30033 30033 30033 30033 30033 30033 30033 30033 30033 30033 30033 30033 30033 30033 30033 30033 30033 30033 30033 30033 
86 3000 30033 30033 30033 30033 30033 30033 30033 30033 30033 30033 30033 30033 2 30033 30033 30033 30033 30033 30033 3 30033 30033 30033 30033 30033 30033 30033 30033 30033 30033 30033 30033 30033 30033 30033 30033 30033 30033 30033 0 1 30033 30033 30033 30033 30033 30033 30033 30033 30033 30033 30033 30033 30033 30033 2 30033 30033 30033 30033 30033 30033 4 30033 30033 30033 30033 30033 3 30033 4 30033 30033 30033 30033 30033 30033 30033 30033 30033 30033 3 30033 30033 2 30033 30033 30033 30033 30033 30033 30033 30033 30033 30033 30033 30033 30033 30033 30033 
87 3000 30033 30033 30033 30033 30033 30033 30033 30033 30033 30033 30033 30033 30033 30033 30033 30033 30033 30033 30033 30033 30033 30033 30033 4 30033 30033 30033 0 2 30033 2 30033 30033 30033 30033 30033 30033 30033 30033 30033 30033 30033 30033 30033 0 30033 1 30033 30033 30033 30033 30033 30033 4 30033 30033 30033 30033 30033 30033 30033 30033 30033 30033 30033 30033 30033 30033 30033 3 30033 30033 30033 30033 30033 30033 30033 30033 30033 30033 30033 30033 30033 30033 30033 30033 30033 30033 30033 30033 0 30033 3 30033 30033 30033 30033 30033 30033 30033 
88 3000 30033 30033 30033 30033 30033 30033 4 30033 30033 30033 30033 30033 30033 30033 30033 30033 30033 30033 30033 30033 30033 30033 30033 30033 30033 30033 30033 30033 30033 30033 30033 30033 30033 30033 30033 30033 30033 30033 30033 30033 30033 30033 30033 30033 30033 30033 30033 30033 30033 30033 30033 30033 30033 30033 30033 30033 30033 30033 4 30033 30033 3 30033 30033 30033 30033 30033 30033 30033 30033 30033 4 30033 30033 30033 4 30033 30033 3 30033 30033 30033 30033 30033 30033 30033 30033 30033 2 30033 30033 30033 30033 30033 4 2 1 30033 30033 30033 
89 3000 30033 30033 30033 30033 30033 1 30033 30033 30033 30033 30033 30033 30033 30033 30033 30033 30033 30033 30033 30033 30033 30033 30033 30033 30033 30033 30033 30033 30033 30033 30033 30033 30033 4 2 30033 30033 30033 30033 30033 30033 30033 30033 4 30033 30033 30033 30033 4 30033 30033 1 30033 30033 30033 30033 30033 30033 3 30033 30033 30033 30033 30033 30033 0 30033 30033 30033 30033 3 30033 30033 30033 30033 30033 30033 30033 30033 30033 30033 30033 30033 1 30033 30033 30033 30033 30033 30033 30033 30033 30033 30033 30033 30033 30033 30033 30033 30033 
90 3000 30033 30033 30033 30033 30033 30033 30033 30033 30033 30033 1 30033 30033 30033 2 30033 30033 30033 30033 30033 30033 30033 30033 30033 3 30033 30033 0 30033 30033 30033 3 30033 30033 30033 30033 30033 30033 2 30033 30033 30033 30033 30033 30033 30033 30033 30033 30033 3 30033 30033 30033 30033 30033 30033 30033 30033 30033 30033 30033 30033 0 30033 30033 30033 30033 30033 30033 30033 30033 30033 0 30033 30033 4 30033 30033 30033 30033 30033 30033 30033 30033 30033 30033 30033 30033 30033 30033 30033 30033 30033 30033 30033 30033 30033 30033 30033 30033 
91 3000 30033 30033 30033 30033 30033 30033 2 30033 30033 30033 30033 30033 30033 30033 30033 30033 0 30033 30033 30033 30033 30033 30033 30033 30033 30033 30033 30033 30033 30033 30033 2 30033 30033 30033 30033 30033 30033 0 30033 30033 2 30033 30033 30033 30033 30033 30033 30033 30033 30033 30033 30033 30033 30033 30033 30033 30033 30033 30033 30033 30033 2 3 30033 30033 30033 30033 30033 30033 30033 30033 30033 30033 30033 30033 30033 30033 30033 30033 0 30033 30033 30033 3 30033 3 30033 30033 30033 30033 30033 30033 30033 30033 30033 30033 30033 30033 30033 
92 3000 4 30033 30033 30033 30033 30033 30033 30033 30033 30033 30033 30033 30033 2 30033 30033 30033 30033 30033 30033 30033 30033 30033 30033 30033 30033 30033 30033 30033 30033 30033 30033 30033 30033 30033 30033 30033 30033 3 30033 30033 30033 30033 30033 4 30033 30033 30033 30033 30033 30033 30033 30033 30033 30033 30033 3 30033 30033 30033 4 1 3 30033 30033 30033 30033 30033 30033 30033 30033 1 30033 30033 30033 30033 30033 30033 30033 30033 30033 30033 30033 30033 30033 3 30033 30033 30033 30033 30033 30033 30033 30033 30033 30033 30033 30033 30033 30033 
93 3000 30033 30033 30033 30033 30033 30033 30033 3 30033 4 30033 30033 30033 30033 30033 30033 30033 30033 30033 30033 30033 30033 30033 30033 30033 30033 30033 30033 30033 30033 30033 30033 30033 30033 3 30033 30033 30033 30033 30033 30033 30033 30033 30033 30033 30033 30033 30033 30033 30033 30033 30033 30033 2 30033 30033 1 30033 30033 30033 30033 30033 30033 0 30033 30033 30033 2 30033 30033 30033 30033 30033 30033 30033 30033 30033 30033 30033 30033 4 30033 30033 30033 30033 30033 30033 30033 3 30033 30033 0 30033 30033 30033 30033 30033 30033 30033 30033 
94 3000 30033 30033 30033 30033 30033 30033 30033 30033 30033 30033 30033 30033 4 30033 30033 30033 30033 30033 30033 30033 30033 30033 30033 30033 30033 30033 30033 30033 30033 30033 30033 30033 30033 30033 30033 30033 30033 4 30033 2 30033 30033 30033 30033 30033 30033 1 30033 30033 3 30033 30033 30033 3 30033 30033 30033 30033 30033 30033 30033 30033 30033 30033 30033 30033 30033 30033 30033 4 30033 30033 30033 30033 30033 30033 30033 30033 30033 30033 30033 30033 30033 30033 30033 1 30033 30033 30033 30033 30033 30033 30033 30033 30033 30033 3 30033 30033 2 
95 3000 30033 30033 30033 30033 30033 30033 30033 30033 30033 30033 30033 30033 30033 4 30033 30033 30033 30033 30033 30033 30033 30033 3 3 0 30033 30033 30033 30033 30033 30033 30033 30033 30033 30033 30033 30033 30033 30033 30033 30033 30033 30033 3 30033 30033 30033 30033 30033 30033 30033 30033 30033 30033 30033 30033 30033 30033 30033 30033 30033 30033 30033 30033 30033 30033 30033 30033 30033 30033 3 30033 30033 30033 30033 30033 30033 30033 30033 30033 30033 30033 30033 30033 30033 30033 30033 30033 30033 30033 30033 30033 1 30033 30033 30033 30033 2 3 0 
96 3000 30033 30033 30033 30033 30033 30033 30033 0 30033 30033 1 0 30033 30033 30033 30033 30033 3 2 30033 30033 30033 2 30033 30033 30033 30033 30033 30033 30033 30033 3 30033 30033 30033 30033 30033 30033 30033 30033 30033 30033 30033 30033 30033 30033 30033 30033 30033 30033 30033 3 30033 30033 30033 30033 30033 30033 30033 30033 30033 30033 30033 30033 30033 30033 30033 30033 30033 30033 30033 30033 30033 30033 30033 30033 30033 30033 30033 30033 30033 30033 30033 30033 30033 30033 30033 30033 1 30033 30033 30033 30033 4 30033 30033 30033 30033 30033 30033 
97 3000 0 30033 30033 30033 30033 30033 30033 30033 30033 30033 30033 1 30033 30033 30033 30033 30033 30033 30033 30033 30033 30033 30033 30033 30033 30033 3 30033 30033 30033 30033 30033 30033 30033 30033 30033 4 30033 30033 30033 30033 30033 30033 30033 30033 30033 30033 30033 30033 30033 30033 30033 30033 30033 30033 30033 30033 30033 30033 30033 30033 30033 30033 30033 30033 30033 30033 30033 30033 30033 30033 30033 30033 30033 30033 30033 30033 30033 30033 3 30033 30033 0 30033 30033 30033 30033 30033 30033 30033 30033 30033 30033 2 30033 30033 30033 1 1 2 
98 3000 30033 30033 30033 30033 30033 30033 30033 30033 30033 30033 30033 30033 30033 30033 30033 30033 30033 30033 4 30033 30033 30033 30033 30033 30033 30033 30033 30033 30033 30033 30033 30033 0 30033 30033 30033 30033 30033 30033 30033 30033 30033 30033 30033 30033 30033 30033 30033 30033 30033 30033 30033 30033 0 30033 30033 2 30033 30033 30033 30033 30033 30033 30033 0 30033 30033 30033 30033 30033 30033 1 30033 30033 30033 30033 30033 30033 30033 30033 30033 30033 30033 30033 30033 30033 30033 30033 2 30033 30033 2 30033 30033 4 0 30033 30033 30033 30033 
99 3000 1 30033 30033 2 30033 30033 30033 30033 30033 30033 30033 30033 30033 30033 30033 30033 30033 30033 30033 30033 30033 30033 2 30033 30033 30033 30033 30033 30033 30033 30033 30033 30033 30033 30033 30033 30033 4 30033 30033 30033 30033 30033 30033 30033 30033 30033 30033 30033 30033 30033 30033 2 30033 30033 30033 30033 30033 30033 30033 30033 30033 30033 30033 3 30033 30033 30033 30033 30033 30033 30033 30033 30033 30033 30033 30033 30033 30033 30033 30033 4 30033 30033 30033 30033 30033 30033 3 30033 4 30033 30033 30033 0 30033 30033 30033 30033 30033 
100 3000 30033 30033 30033 1 30033 4 30033 30033 30033 30033 30033 30033 4 30033 30033 30033 30033 30033 30033 30033 2 4 30033 30033 30033 30033 30033 1 30033 30033 30033 30033 30033 30033 30033 3 30033 30033 30033 30033 30033 30033 30033 30033 30033 3 30033 30033 30033 30033 30033 30033 30033 30033 30033 30033 30033 30033 30033 30033 30033 30033 30033 30033 30033 30033 30033 0 30033 30033 30033 30033 30033 30033 30033 30033 30033 30033 30033 30033 3 30033 30033 30033 30033 30033 30033 30033 30033 30033 30033 30033 30033 30033 30033 30033 30033 30033 30033 30033 
