FILE: 1133GapCS.txt
100 100 0 
1 3000 30035 30035 30035 30035 30035 30035 30035 3 30035 30035 30035 30035 30035 30035 30035 30035 30035 30035 30035 3 30035 30035 3 30035 30035 30035 30035 30035 30035 30035 30035 30035 30035 30035 30035 30035 30035 30035 30035 1 30035 30035 30035 30035 30035 30035 30035 30035 30035 30035 30035 30035 30035 30035 30035 30035 30035 30035 30035 30035 30035 30035 30035 4 30035 30035 1 30035 30035 30035 30035 30035 30035 30035 30035 30035 30035 30035 30035 30035 2 30035 30035 1 30035 30035 0 4 30035 30035 30035 30035 30035 30035 30035 30035 30035 30035 30035 30035 
2 3000 30035 30035 30035 30035 30035 30035 30035 30035 30035 30035 30035 30035 30035 30035 30035 30035 30035 30035 30035 30035 30035 30035 30035 30035 30035 30035 30035 0 0 30035 30035 30035 30035 2 30035 30035 30035 1 30035 30035 30035 1 30035 1 30035 30035 2 30035 30035 30035 30035 30035 30035 30035 30035 1 30035 30035 4 30035 30035 30035 30035 30035 30035 30035 30035 30035 30035 30035 30035 30035 30035 30035 30035 30035 30035 30035 4 30035 30035 30035 30035 30035 30035 30035 30035 30035 30035 30035 30035 30035 30035 30035 30035 30035 30035 30035 30035 30035 
3 3000 30035 30035 30035 30035 30035 30035 30035 30035 0 30035 30035 30035 1 30035 30035 30035 30035 30035 30035 30035 30035 30035 30035 30035 30035 30035 30035 30035 30035 0 0 30035 30035 30035 2 30035 30035 3 3 30035 30035 30035 30035 1 30035 30035 30035 30035 30035 30035 30035 30035 30035 30035 30035 30035 30035 30035 0 30035 30035 30035 30035 30035 30035 30035 30035 30035 30035 30035 30035 30035 30035 30035 30035 30035 30035 4 30035 30035 30035 30035 30035 30035 30035 30035 30035 30035 30035 30035 30035 30035 30035 30035 30035 30035 30035 30035 30035 30035 
4 3000 30035 30035 30035 4 30035 2 0 30035 30035 30035 30035 30035 30035 30035 30035 30035 30035 30035 30035 30035 30035 30035 30035 30035 30035 30035 30035 30035 30035 30035 30035 30035 30035 30035 30035 30035 30035 30035 30035 30035 30035 1 1 30035 30035 30035 30035 30035 30035 30035 30035 30035 30035 4 30035 30035 2 30035 30035 2 30035 30035 30035 30035 30035 30035 30035 4 30035 30035 30035 30035 30035 30035 30035 30035 30035 30035 30035 30035 30035 30035 30035 30035 30035 1 30035 30035 30035 30035 30035 30035 30035 30035 30035 30035 30035 30035 30035 30035 
5 3000 30035 0 30035 30035 30035 30035 0 30035 30035 2 30035 30035 30035 2 30035 30035 30035 30035 30035 1 30035 30035 30035 30035 30035 0 30035 30035 30035 30035 30035 30035 30035 1 30035 30035 30035 30035 30035 30035 30035 30035 30035 1 1 30035 30035 30035 30035 30035 30035 30035 30035 30035 30035 30035 30035 30035 30035 30035 30035 30035 30035 30035 30035 30035 30035 30035 30035 30035 30035 30035 3 30035 30035 30035 30035 30035 30035 30035 30035 30035 30035 30035 30035 30035 30035 30035 30035 30035 30035 30035 30035 30035 30035 30035 30035 30035 30035 30035 
6 3000 30035 0 0 30035 30035 30035 30035 30035 30035 30035 30035 30035 30035 30035 30035 30035 30035 30035 0 30035 2 30035 30035 30035 30035 30035 30035 30035 30035 30035 30035 30035 30035 30035 30035 30035 30035 30035 3 30035 30035 4 30035 30035 30035 30035 30035 30035 1 30035 30035 30035 30035 30035 30035 30035 30035 30035 30035 30035 30035 30035 30035 0 2 30035 30035 30035 30035 30035 30035 30035 30035 30035 30035 30035 30035 30035 4 30035 30035 30035 30035 30035 30035 30035 30035 30035 30035 30035 30035 30035 30035 30035 30035 30035 30035 30035 30035 30035 
7 3000 30035 30035 30035 30035 30035 30035 30035 30035 30035 30035 30035 30035 30035 30035 30035 4 30035 30035 30035 30035 30035 30035 30035 30035 30035 30035 30035 4 30035 30035 30035 30035 30035 30035 30035 1 30035 30035 30035 30035 30035 30035 30035 30035 30035 30035 30035 4 30035 30035 30035 30035 30035 30035 30035 30035 30035 30035 2 30035 30035 30035 30035 30035 30035 30035 30035 30035 30035 30035 30035 30035 30035 30035 30035 30035 30035 30035 30035 30035 2 1 2 30035 30035 4 30035 30035 30035 1 30035 30035 30035 30035 30035 30035 30035 30035 30035 30035 
8 3000 30035 30035 30035 30035 30035 30035 30035 30035 30035 3 30035 30035 30035 30035 30035 30035 30035 30035 30035 30035 30035 30035 30035 30035 30035 30035 30035 30035 30035 30035 30035 30035 30035 30035 30035 30035 30035 30035 30035 30035 4 30035 30035 30035 30035 30035 30035 30035 30035 30035 30035 30035 30035 2 30035 30035 30035 30035 30035 30035 30035 30035 30035 30035 4 30035 30035 30035 30035 30035 30035 4 30035 30035 30035 30035 30035 30035 30035 30035 30035 30035 30035 30035 30035 30035 30035 30035 3 4 30035 30035 1 30035 30035 2 30035 30035 30035 2 
9 3000 2 30035 30035 30035 30035 30035 30035 30035 30035 30035 30035 30035 30035 0 30035 30035 2 30035 30035 30035 30035 30035 30035 30035 30035 30035 30035 30035 1 30035 30035 4 30035 30035 30035 30035 30035 30035 30035 30035 30035 30035 30035 1 30035 30035 30035 30035 30035 3 30035 30035 30035 30035 30035 30035 3 30035 30035 30035 30035 30035 30035 30035 30035 3 30035 30035 30035 30035 30035 1 30035 30035 30035 30035 30035 30035 30035 30035 30035 30035 30035 30035 30035 30035 30035 30035 30035 30035 30035 30035 30035 30035 30035 30035 30035 30035 30035 30035 
10 3000 30035 30035 30035 1 30035 30035 30035 30035 30035 30035 30035 30035 30035 30035 30035 30035 30035 30035 30035 30035 30035 30035 30035 3 30035 2 30035 30035 30035 30035 30035 2 30035 30035 30035 30035 30035 30035 30035 30035 30035 30035 30035 30035 30035 30035 30035 30035 30035 30035 30035 30035 30035 30035 30035 30035 30035 0 30035 30035 30035 30035 2 4 30035 30035 30035 30035 30035 30035 30035 30035 30035 1 30035 30035 30035 30035 1 30035 30035 30035 30035 30035 30035 30035 30035 4 30035 30035 30035 30035 30035 30035 30035 30035 30035 30035 30035 30035 
11 3000 2 30035 1 30035 30035 30035 30035 1 30035 1 30035 30035 30035 30035 30035 30035 30035 30035 30035 30035 30035 30035 30035 30035 30035 30035 30035 30035 30035 30035 30035 30035 30035 1 30035 30035 30035 30035 30035 30035 30035 30035 30035 30035 4 30035 30035 30035 30035 30035 30035 30035 4 30035 30035 30035 30035 30035 30035 30035 30035 30035 30035 30035 0 30035 30035 30035 30035 30035 30035 30035 30035 30035 30035 30035 30035 4 30035 2 30035 30035 30035 30035 30035 30035 30035 30035 30035 30035 30035 30035 30035 30035 30035 30035 30035 30035 30035 30035 
12 3000 4 30035 30035 30035 30035 30035 30035 30035 30035 30035 0 30035 30035 30035 30035 30035 30035 30035 0 30035 30035 30035 0 30035 30035 30035 30035 30035 30035 30035 30035 30035 30035 30035 30035 30035 30035 30035 30035 30035 30035 30035 0 30035 30035 2 30035 30035 30035 30035 30035 30035 30035 30035 30035 30035 30035 30035 30035 30035 30035 30035 1 30035 2 30035 30035 30035 2 30035 30035 2 30035 30035 30035 30035 30035 30035 30035 30035 30035 30035 30035 30035 30035 30035 30035 30035 30035 30035 30035 30035 30035 30035 30035 30035 30035 30035 30035 30035 
13 3000 30035 30035 30035 30035 30035 30035 30035 30035 30035 30035 30035 30035 30035 30035 30035 30035 4 30035 30035 1 30035 0 30035 30035 30035 30035 4 30035 30035 1 3 30035 30035 30035 30035 30035 30035 30035 30035 30035 30035 30035 30035 30035 30035 1 30035 30035 30035 30035 30035 30035 30035 30035 30035 30035 30035 30035 30035 30035 30035 30035 30035 30035 30035 30035 30035 30035 30035 30035 0 30035 30035 30035 30035 1 4 30035 30035 30035 30035 30035 30035 30035 30035 30035 30035 30035 30035 30035 30035 30035 30035 30035 30035 30035 30035 30035 30035 30035 
14 3000 30035 30035 2 30035 30035 30035 30035 30035 30035 30035 30035 30035 30035 30035 30035 30035 30035 30035 30035 30035 30035 30035 30035 30035 30035 30035 30035 30035 30035 30035 30035 30035 30035 30035 30035 30035 30035 30035 30035 2 30035 30035 30035 30035 30035 30035 30035 30035 30035 30035 30035 30035 30035 30035 30035 30035 30035 30035 30035 30035 30035 30035 30035 30035 30035 30035 30035 30035 30035 30035 30035 30035 30035 30035 30035 1 30035 0 30035 30035 30035 30035 30035 30035 30035 30035 1 30035 30035 30035 30035 30035 30035 30035 4 2 30035 0 2 3 
15 3000 30035 30035 30035 30035 30035 30035 30035 30035 30035 30035 30035 30035 30035 30035 4 30035 30035 30035 30035 30035 30035 30035 30035 30035 30035 30035 30035 30035 30035 30035 30035 30035 30035 30035 30035 30035 30035 30035 30035 4 30035 2 30035 30035 30035 30035 30035 30035 1 4 30035 30035 30035 30035 30035 30035 30035 1 30035 30035 30035 30035 30035 30035 30035 30035 30035 30035 1 3 30035 30035 30035 30035 30035 30035 30035 3 30035 30035 30035 30035 30035 30035 30035 30035 30035 30035 30035 30035 30035 30035 30035 2 30035 30035 30035 30035 30035 30035 
16 3000 30035 2 30035 30035 30035 30035 30035 30035 30035 30035 30035 30035 30035 30035 30035 30035 30035 30035 30035 30035 1 30035 30035 30035 30035 30035 30035 30035 30035 30035 0 30035 30035 30035 30035 30035 30035 30035 30035 30035 30035 1 30035 30035 1 30035 30035 30035 1 30035 30035 30035 4 3 30035 3 30035 30035 30035 30035 30035 30035 30035 30035 30035 30035 2 30035 30035 30035 30035 30035 30035 30035 30035 30035 30035 30035 30035 30035 30035 30035 30035 30035 30035 30035 30035 30035 30035 30035 30035 30035 30035 30035 30035 30035 30035 30035 30035 30035 
17 3000 30035 30035 0 30035 30035 30035 1 30035 30035 30035 30035 4 30035 3 30035 30035 30035 30035 1 30035 30035 30035 30035 30035 30035 30035 30035 2 30035 30035 30035 30035 30035 30035 30035 30035 30035 30035 30035 30035 4 30035 30035 30035 30035 30035 30035 30035 2 30035 30035 4 30035 2 30035 30035 30035 30035 30035 30035 30035 30035 30035 30035 30035 30035 30035 30035 30035 30035 30035 30035 30035 30035 30035 30035 30035 30035 30035 30035 30035 30035 30035 30035 30035 30035 30035 30035 30035 30035 30035 30035 30035 30035 30035 30035 30035 30035 30035 30035 
18 3000 30035 30035 30035 30035 30035 30035 30035 30035 30035 30035 30035 30035 30035 30035 30035 30035 30035 30035 30035 30035 30035 30035 30035 30035 30035 30035 30035 30035 30035 30035 30035 30035 2 30035 30035 1 30035 30035 30035 30035 30035 30035 30035 30035 30035 30035 30035 30035 30035 30035 30035 30035 30035 30035 30035 30035 30035 30035 30035 30035 30035 30035 30035 30035 30035 30035 30035 30035 30035 30035 30035 30035 30035 30035 2 30035 30035 30035 30035 30035 30035 2 30035 30035 2 2 30035 1 30035 30035 30035 30035 1 30035 4 30035 0 30035 30035 30035 
19 3000 30035 30035 30035 30035 30035 30035 30035 30035 30035 30035 30035 30035 30035 30035 0 0 30035 3 30035 2 30035 30035 30035 30035 30035 30035 30035 30035 3 30035 30035 30035 30035 30035 30035 30035 30035 30035 2 4 30035 30035 30035 30035 30035 30035 30035 30035 30035 30035 2 30035 30035 30035 30035 30035 30035 30035 30035 30035 30035 1 30035 30035 30035 3 30035 30035 30035 30035 30035 30035 30035 30035 30035 30035 30035 30035 30035 30035 30035 30035 30035 30035 30035 30035 30035 30035 30035 30035 30035 30035 30035 30035 30035 30035 30035 30035 30035 30035 
20 3000 30035 30035 30035 30035 30035 30035 30035 30035 30035 30035 30035 30035 0 30035 30035 30035 30035 30035 3 30035 2 30035 30035 30035 30035 30035 0 1 30035 2 30035 30035 30035 30035 30035 30035 0 30035 30035 30035 30035 4 30035 30035 30035 30035 30035 30035 30035 30035 30035 30035 30035 2 30035 30035 30035 30035 30035 3 30035 30035 30035 30035 30035 30035 30035 30035 30035 30035 30035 30035 30035 30035 30035 30035 30035 30035 30035 30035 30035 30035 30035 30035 30035 30035 30035 30035 30035 30035 30035 30035 30035 30035 30035 30035 30035 30035 30035 30035 
21 3000 30035 30035 30035 30035 30035 4 30035 0 30035 30035 30035 30035 30035 3 30035 30035 30035 30035 30035 30035 30035 2 30035 30035 30035 30035 30035 30035 30035 30035 30035 0 30035 30035 30035 30035 30035 2 30035 30035 30035 30035 30035 30035 30035 30035 30035 30035 30035 30035 30035 30035 30035 30035 30035 30035 30035 30035 30035 30035 30035 30035 30035 30035 30035 30035 30035 30035 30035 30035 30035 30035 30035 30035 30035 30035 30035 30035 30035 4 30035 30035 30035 30035 30035 30035 30035 30035 30035 0 0 30035 30035 30035 30035 30035 30035 1 30035 30035 
22 3000 30035 30035 30035 30035 30035 30035 30035 30035 30035 30035 30035 30035 30035 30035 30035 30035 30035 30035 30035 4 30035 30035 30035 30035 30035 30035 30035 0 30035 30035 4 30035 30035 30035 30035 30035 30035 30035 30035 30035 30035 30035 30035 30035 30035 30035 30035 30035 30035 30035 30035 30035 30035 30035 4 30035 30035 30035 30035 30035 30035 30035 0 30035 30035 30035 30035 30035 30035 30035 30035 30035 30035 30035 0 30035 30035 2 30035 30035 30035 30035 30035 30035 30035 30035 1 30035 30035 30035 30035 3 30035 30035 2 30035 30035 30035 30035 30035 
23 3000 30035 4 30035 30035 30035 30035 30035 30035 30035 30035 30035 30035 30035 30035 30035 30035 30035 0 30035 30035 0 30035 30035 30035 30035 30035 30035 30035 30035 30035 30035 30035 4 30035 30035 30035 1 30035 30035 30035 30035 30035 30035 30035 30035 30035 30035 30035 30035 30035 30035 30035 30035 30035 30035 30035 30035 30035 30035 30035 30035 30035 30035 30035 30035 30035 30035 30035 30035 30035 30035 30035 30035 2 4 0 30035 30035 0 30035 30035 30035 30035 30035 30035 30035 30035 30035 30035 30035 30035 0 30035 30035 30035 30035 30035 30035 30035 30035 
24 3000 30035 30035 3 30035 30035 30035 30035 30035 30035 30035 30035 3 30035 30035 30035 30035 30035 30035 30035 30035 0 30035 30035 30035 30035 30035 30035 30035 30035 30035 30035 30035 30035 30035 4 30035 30035 30035 30035 30035 30035 30035 30035 30035 30035 30035 30035 30035 30035 30035 30035 30035 30035 30035 30035 30035 30035 30035 30035 30035 30035 30035 30035 30035 30035 30035 30035 30035 30035 30035 30035 0 30035 30035 30035 30035 30035 30035 30035 30035 30035 30035 30035 30035 30035 30035 30035 30035 30035 30035 30035 2 30035 0 30035 30035 1 30035 0 4 
25 3000 30035 30035 30035 30035 30035 3 30035 30035 4 30035 30035 30035 30035 30035 30035 30035 30035 30035 30035 30035 30035 30035 30035 30035 30035 30035 30035 30035 30035 2 30035 30035 30035 30035 30035 30035 30035 30035 30035 30035 30035 30035 30035 30035 30035 30035 30035 3 30035 30035 30035 30035 1 30035 2 30035 30035 30035 30035 30035 30035 1 30035 0 30035 30035 30035 30035 30035 30035 30035 30035 30035 30035 30035 30035 30035 30035 30035 30035 30035 30035 3 30035 30035 30035 30035 1 30035 30035 30035 30035 30035 30035 30035 30035 30035 30035 30035 30035 
26 3000 30035 30035 30035 30035 30035 30035 0 30035 30035 4 30035 1 30035 30035 30035 30035 30035 30035 30035 30035 30035 30035 4 30035 30035 30035 30035 30035 30035 30035 30035 30035 30035 30035 30035 30035 30035 30035 30035 30035 30035 30035 3 30035 30035 30035 30035 30035 30035 30035 30035 30035 30035 30035 30035 30035 30035 30035 30035 30035 0 30035 30035 30035 30035 30035 30035 30035 30035 3 4 30035 4 30035 30035 30035 30035 30035 30035 2 30035 30035 30035 30035 30035 30035 30035 30035 30035 30035 30035 30035 30035 30035 30035 30035 30035 30035 30035 30035 
27 3000 1 2 30035 30035 30035 30035 30035 30035 30035 30035 30035 30035 30035 30035 30035 30035 30035 30035 30035 30035 30035 3 30035 30035 30035 30035 30035 30035 30035 30035 30035 30035 30035 30035 0 30035 30035 30035 30035 30035 30035 30035 30035 30035 30035 30035 30035 30035 30035 30035 30035 30035 30035 30035 30035 30035 30035 30035 30035 30035 30035 30035 30035 30035 30035 1 1 30035 30035 30035 30035 30035 30035 30035 30035 30035 30035 30035 30035 30035 30035 30035 30035 30035 30035 30035 30035 30035 30035 30035 2 30035 30035 30035 3 30035 3 4 30035 30035 
28 3000 30035 30035 30035 30035 30035 30035 30035 30035 30035 30035 30035 30035 30035 30035 30035 30035 30035 30035 30035 30035 30035 30035 3 30035 30035 30035 30035 30035 30035 30035 30035 30035 30035 30035 30035 30035 30035 30035 30035 30035 30035 30035 0 30035 2 30035 30035 30035 30035 30035 30035 30035 0 30035 30035 30035 30035 30035 30035 0 0 30035 30035 30035 30035 30035 30035 30035 30035 0 30035 30035 30035 30035 30035 30035 30035 30035 30035 30035 30035 30035 30035 30035 30035 30035 30035 30035 30035 30035 0 30035 1 30035 3 30035 30035 30035 30035 30035 
29 3000 30035 30035 30035 30035 30035 30035 30035 30035 30035 30035 30035 30035 30035 30035 30035 30035 30035 30035 30035 30035 30035 30035 30035 30035 30035 30035 30035 30035 30035 30035 30035 30035 30035 30035 30035 30035 30035 1 30035 30035 30035 30035 30035 30035 30035 30035 30035 3 30035 30035 30035 30035 30035 30035 30035 30035 30035 30035 30035 2 30035 1 30035 30035 30035 30035 3 30035 30035 30035 30035 30035 30035 30035 30035 0 30035 30035 1 30035 30035 0 30035 30035 30035 30035 30035 30035 2 30035 30035 30035 30035 30035 30035 30035 2 30035 30035 30035 
30 3000 30035 30035 30035 30035 30035 3 30035 30035 0 30035 30035 30035 1 30035 30035 30035 30035 30035 30035 3 30035 30035 30035 30035 30035 30035 30035 30035 3 30035 30035 30035 30035 30035 30035 30035 30035 30035 30035 30035 30035 30035 30035 30035 30035 30035 30035 30035 0 30035 30035 30035 30035 30035 30035 30035 30035 30035 2 30035 30035 30035 30035 30035 30035 30035 30035 30035 30035 30035 30035 30035 30035 30035 30035 30035 30035 30035 30035 3 30035 30035 30035 30035 30035 3 30035 30035 30035 30035 30035 30035 1 30035 30035 30035 30035 30035 30035 30035 
31 3000 30035 30035 30035 30035 30035 30035 30035 30035 30035 30035 30035 30035 30035 1 30035 30035 4 30035 2 30035 30035 30035 3 30035 0 30035 30035 30035 30035 30035 30035 30035 30035 30035 30035 30035 30035 30035 30035 30035 30035 30035 30035 30035 30035 30035 30035 30035 30035 30035 30035 30035 30035 30035 30035 30035 30035 30035 30035 3 30035 2 30035 30035 30035 30035 1 30035 30035 30035 30035 30035 30035 30035 30035 0 30035 30035 30035 30035 30035 30035 4 30035 30035 30035 30035 30035 30035 30035 30035 30035 30035 30035 30035 30035 30035 30035 30035 30035 
32 3000 30035 30035 30035 30035 30035 30035 30035 30035 30035 30035 30035 30035 30035 30035 4 30035 4 30035 30035 30035 30035 30035 30035 30035 30035 30035 30035 30035 30035 30035 30035 30035 30035 30035 30035 30035 4 30035 1 30035 30035 30035 30035 30035 30035 30035 30035 30035 30035 30035 30035 30035 30035 30035 30035 30035 30035 30035 30035 30035 30035 30035 30035 30035 2 30035 30035 30035 30035 30035 30035 30035 30035 30035 30035 30035 0 30035 30035 30035 30035 30035 30035 30035 1 30035 30035 30035 0 3 30035 3 30035 30035 30035 30035 30035 30035 30035 30035 
33 3000 4 30035 30035 30035 3 30035 30035 30035 30035 30035 30035 30035 30035 30035 30035 30035 30035 30035 30035 30035 30035 30035 30035 1 0 30035 1 30035 30035 0 30035 30035 30035 30035 30035 4 30035 30035 30035 30035 30035 30035 30035 3 30035 30035 30035 30035 30035 30035 30035 30035 30035 30035 30035 30035 30035 30035 30035 30035 30035 30035 30035 30035 2 30035 30035 0 30035 30035 30035 30035 30035 30035 30035 30035 30035 30035 30035 30035 30035 30035 30035 30035 30035 30035 30035 30035 30035 30035 30035 30035 30035 30035 30035 30035 30035 30035 30035 30035 
34 3000 0 30035 30035 30035 30035 1 30035 3 30035 30035 30035 30035 30035 30035 30035 30035 30035 30035 30035 30035 30035 30035 30035 30035 30035 3 30035 30035 30035 30035 30035 30035 30035 30035 30035 30035 30035 30035 30035 30035 30035 30035 30035 30035 30035 30035 30035 30035 30035 30035 30035 3 30035 4 30035 3 30035 30035 30035 30035 30035 1 1 30035 30035 30035 3 30035 30035 30035 30035 30035 30035 30035 30035 30035 30035 30035 30035 30035 30035 30035 30035 30035 30035 30035 30035 30035 30035 30035 30035 30035 30035 30035 30035 30035 30035 30035 30035 30035 
35 3000 30035 30035 0 30035 2 30035 30035 30035 30035 30035 30035 30035 2 30035 30035 2 30035 30035 30035 4 30035 30035 1 30035 30035 30035 30035 30035 4 30035 30035 30035 30035 30035 30035 30035 30035 30035 30035 30035 30035 1 2 30035 30035 30035 30035 30035 30035 30035 30035 30035 30035 30035 1 30035 30035 30035 30035 30035 30035 30035 30035 30035 30035 30035 30035 30035 30035 30035 30035 30035 30035 30035 30035 30035 30035 30035 30035 30035 30035 30035 30035 30035 30035 30035 30035 30035 30035 30035 30035 30035 30035 30035 30035 30035 30035 30035 30035 30035 
36 3000 30035 30035 30035 30035 30035 30035 30035 30035 30035 30035 30035 30035 30035 30035 30035 30035 30035 30035 30035 30035 30035 30035 30035 30035 2 30035 30035 30035 30035 30035 30035 30035 30035 30035 30035 30035 30035 30035 30035 30035 30035 30035 30035 30035 30035 30035 30035 30035 30035 2 30035 30035 30035 30035 4 30035 30035 30035 30035 30035 30035 30035 30035 30035 30035 30035 30035 30035 30035 30035 30035 30035 30035 30035 4 30035 30035 30035 30035 30035 30035 30035 30035 30035 30035 30035 30035 30035 30035 4 30035 0 30035 30035 30035 30035 4 1 4 1 
37 3000 30035 30035 30035 30035 30035 30035 30035 30035 30035 30035 30035 30035 30035 1 3 1 30035 30035 30035 30035 30035 30035 30035 30035 30035 30035 30035 30035 30035 30035 30035 30035 30035 30035 30035 30035 30035 30035 30035 30035 30035 30035 30035 30035 30035 30035 30035 3 30035 30035 0 30035 30035 30035 30035 30035 30035 4 30035 30035 30035 30035 4 1 1 30035 30035 30035 30035 30035 30035 30035 30035 30035 4 30035 30035 30035 30035 30035 30035 30035 30035 30035 30035 30035 30035 30035 30035 30035 30035 30035 30035 30035 30035 30035 30035 30035 30035 30035 
38 3000 30035 30035 30035 30035 30035 30035 0 30035 30035 2 30035 30035 30035 30035 30035 30035 30035 30035 30035 30035 30035 30035 2 30035 30035 30035 30035 3 30035 30035 4 30035 30035 30035 30035 30035 30035 30035 30035 30035 30035 3 30035 30035 30035 30035 2 30035 30035 30035 30035 30035 30035 30035 4 30035 3 30035 30035 30035 30035 30035 30035 30035 30035 1 30035 30035 30035 30035 30035 30035 30035 30035 30035 30035 30035 30035 30035 30035 30035 30035 30035 30035 30035 30035 30035 30035 30035 30035 30035 30035 30035 30035 30035 30035 30035 30035 30035 30035 
39 3000 30035 30035 30035 30035 30035 30035 30035 30035 30035 4 30035 30035 30035 1 30035 30035 1 4 30035 30035 30035 30035 30035 30035 30035 30035 30035 30035 30035 30035 30035 30035 30035 30035 30035 30035 30035 30035 30035 30035 4 30035 30035 30035 30035 30035 30035 30035 30035 3 30035 30035 30035 30035 30035 3 4 30035 30035 0 30035 30035 30035 30035 30035 30035 30035 30035 30035 30035 30035 30035 30035 30035 30035 30035 30035 30035 30035 30035 30035 3 30035 30035 30035 30035 30035 30035 30035 30035 30035 30035 30035 30035 30035 30035 30035 30035 30035 30035 
40 3000 30035 30035 30035 30035 2 30035 30035 30035 30035 30035 30035 30035 30035 30035 30035 30035 30035 30035 30035 30035 30035 30035 30035 30035 30035 0 30035 30035 30035 30035 30035 30035 30035 30035 30035 30035 30035 1 4 30035 30035 30035 30035 3 1 1 30035 30035 30035 30035 30035 2 30035 30035 30035 30035 30035 30035 30035 30035 30035 30035 30035 30035 30035 30035 30035 30035 30035 30035 30035 4 30035 30035 30035 30035 30035 30035 30035 30035 30035 30035 4 30035 30035 30035 30035 30035 30035 30035 30035 30035 30035 30035 30035 30035 30035 30035 30035 30035 
41 3000 30035 30035 30035 30035 30035 30035 30035 30035 30035 30035 30035 30035 30035 30035 30035 30035 30035 30035 3 30035 30035 30035 30035 3 30035 30035 30035 30035 30035 30035 30035 30035 30035 30035 30035 30035 30035 2 30035 30035 30035 30035 30035 30035 30035 30035 30035 30035 30035 30035 30035 30035 30035 30035 30035 30035 30035 4 2 30035 30035 2 30035 30035 30035 30035 30035 0 30035 30035 30035 30035 0 30035 30035 30035 30035 30035 30035 30035 30035 30035 30035 30035 30035 30035 2 30035 1 30035 30035 30035 30035 30035 30035 30035 30035 30035 30035 30035 
42 3000 30035 30035 30035 30035 30035 30035 30035 30035 30035 30035 30035 30035 3 30035 30035 30035 30035 30035 30035 30035 30035 30035 30035 30035 30035 30035 30035 1 30035 30035 30035 30035 30035 30035 30035 30035 30035 30035 30035 30035 30035 30035 30035 30035 1 30035 30035 4 30035 30035 30035 30035 30035 30035 30035 30035 30035 30035 30035 30035 30035 30035 30035 30035 30035 30035 30035 30035 30035 30035 2 30035 30035 30035 30035 30035 30035 30035 30035 30035 2 30035 30035 4 30035 30035 30035 30035 30035 4 0 3 30035 30035 30035 30035 30035 30035 30035 30035 
43 3000 30035 30035 30035 30035 30035 30035 30035 30035 30035 30035 30035 30035 30035 30035 30035 30035 30035 30035 30035 30035 30035 4 30035 30035 30035 30035 30035 30035 30035 30035 30035 30035 30035 30035 30035 30035 30035 30035 30035 2 30035 30035 30035 30035 30035 30035 30035 30035 30035 30035 2 30035 30035 30035 30035 30035 30035 4 30035 30035 30035 30035 30035 3 30035 30035 30035 4 30035 30035 30035 30035 30035 30035 30035 30035 30035 30035 30035 30035 30035 30035 30035 30035 30035 30035 30035 30035 0 30035 2 30035 30035 30035 30035 4 1 30035 30035 30035 
44 3000 30035 30035 30035 30035 30035 30035 30035 30035 30035 30035 30035 30035 30035 30035 30035 30035 30035 30035 30035 30035 30035 30035 4 30035 30035 0 30035 30035 30035 30035 30035 30035 30035 30035 30035 30035 30035 30035 1 30035 30035 30035 0 30035 30035 30035 30035 30035 30035 30035 30035 1 30035 30035 30035 30035 30035 30035 30035 30035 30035 30035 30035 30035 30035 30035 30035 30035 3 30035 30035 30035 30035 30035 30035 30035 30035 30035 30035 30035 30035 2 30035 30035 30035 30035 30035 30035 30035 30035 30035 30035 30035 30035 30035 4 30035 4 2 30035 
45 3000 3 30035 30035 30035 30035 30035 30035 30035 30035 30035 30035 30035 30035 30035 30035 30035 30035 30035 30035 30035 30035 3 30035 0 30035 30035 30035 30035 30035 30035 30035 30035 2 30035 30035 30035 30035 30035 30035 30035 30035 30035 30035 1 30035 30035 30035 30035 30035 30035 30035 30035 30035 4 30035 30035 30035 30035 1 30035 30035 30035 30035 30035 30035 30035 30035 30035 30035 4 0 30035 30035 30035 30035 30035 30035 0 30035 30035 30035 30035 30035 30035 30035 30035 30035 30035 30035 30035 30035 30035 30035 30035 30035 30035 30035 30035 30035 30035 
46 3000 4 30035 30035 30035 30035 30035 30035 30035 30035 30035 30035 30035 30035 30035 30035 30035 30035 30035 30035 30035 1 30035 30035 30035 30035 30035 30035 30035 30035 30035 30035 30035 0 30035 30035 30035 30035 30035 30035 30035 30035 30035 30035 30035 30035 30035 30035 0 30035 30035 30035 30035 30035 30035 30035 30035 30035 30035 30035 30035 30035 30035 30035 30035 30035 4 30035 4 30035 30035 30035 30035 30035 30035 30035 30035 30035 30035 30035 30035 30035 30035 30035 30035 30035 1 30035 3 1 30035 30035 30035 30035 30035 4 30035 30035 30035 30035 30035 
47 3000 30035 30035 30035 3 30035 30035 30035 30035 30035 30035 30035 30035 30035 30035 30035 1 30035 30035 30035 30035 30035 30035 30035 30035 30035 2 30035 30035 30035 3 0 30035 30035 4 30035 30035 30035 30035 30035 30035 30035 30035 2 30035 30035 30035 30035 30035 30035 30035 4 30035 30035 30035 30035 30035 30035 30035 30035 30035 30035 30035 30035 30035 30035 30035 30035 30035 30035 30035 30035 30035 4 1 30035 30035 30035 30035 30035 30035 30035 30035 30035 30035 30035 30035 30035 30035 30035 30035 30035 30035 30035 30035 30035 30035 30035 30035 30035 30035 
48 3000 30035 30035 30035 30035 30035 30035 30035 2 1 30035 30035 30035 2 3 30035 30035 30035 30035 30035 30035 30035 30035 30035 30035 30035 30035 30035 30035 30035 30035 30035 30035 30035 30035 30035 30035 30035 30035 30035 30035 30035 30035 30035 30035 30035 30035 30035 2 30035 30035 30035 30035 30035 0 30035 1 30035 30035 30035 30035 30035 30035 30035 30035 30035 4 30035 30035 30035 30035 30035 30035 30035 30035 30035 30035 30035 30035 30035 30035 30035 30035 30035 30035 30035 0 3 30035 30035 30035 30035 30035 30035 30035 30035 30035 30035 30035 30035 30035 
49 3000 30035 30035 30035 30035 30035 30035 30035 30035 30035 30035 2 30035 30035 30035 30035 30035 30035 30035 30035 30035 30035 30035 30035 1 30035 30035 30035 1 30035 30035 30035 30035 30035 30035 30035 30035 30035 0 30035 30035 30035 30035 30035 30035 30035 0 30035 30035 30035 30035 30035 30035 30035 30035 30035 30035 0 30035 4 30035 30035 30035 30035 30035 30035 30035 30035 30035 30035 30035 30035 30035 30035 30035 30035 2 30035 30035 30035 30035 30035 30035 30035 2 0 30035 30035 30035 30035 30035 30035 30035 30035 30035 30035 30035 30035 30035 30035 30035 
50 3000 30035 30035 30035 30035 30035 30035 4 30035 30035 30035 30035 30035 30035 30035 30035 4 30035 30035 30035 1 30035 30035 30035 30035 30035 30035 30035 30035 30035 30035 30035 0 30035 30035 2 30035 30035 30035 30035 30035 30035 30035 30035 30035 30035 30035 30035 30035 30035 30035 30035 30035 30035 30035 30035 30035 0 30035 30035 30035 30035 30035 30035 30035 30035 30035 30035 30035 30035 30035 30035 30035 30035 30035 30035 30035 30035 0 3 30035 30035 30035 30035 30035 30035 30035 30035 1 30035 30035 30035 30035 4 30035 30035 30035 30035 30035 30035 30035 
51 3000 30035 30035 30035 30035 30035 1 30035 30035 30035 30035 30035 30035 30035 30035 1 30035 30035 30035 0 30035 30035 30035 30035 30035 30035 30035 30035 30035 3 30035 30035 30035 30035 30035 30035 30035 30035 30035 30035 30035 30035 30035 30035 30035 30035 30035 2 30035 30035 30035 30035 30035 30035 30035 2 30035 30035 30035 30035 4 3 30035 3 30035 30035 30035 30035 1 30035 30035 30035 30035 30035 30035 30035 30035 30035 30035 30035 30035 30035 30035 30035 30035 30035 30035 30035 30035 30035 30035 30035 30035 30035 30035 30035 30035 30035 30035 30035 30035 
52 3000 30035 30035 30035 30035 30035 30035 30035 30035 30035 30035 30035 30035 30035 30035 30035 30035 30035 2 30035 30035 30035 30035 30035 30035 30035 30035 30035 30035 3 30035 30035 30035 30035 3 30035 30035 30035 30035 30035 30035 4 30035 1 30035 30035 30035 30035 30035 30035 30035 30035 30035 30035 30035 30035 2 30035 30035 30035 30035 30035 30035 30035 30035 30035 30035 30035 30035 30035 30035 1 30035 30035 30035 30035 30035 30035 30035 30035 30035 4 30035 30035 30035 1 30035 30035 30035 30035 30035 4 30035 30035 30035 30035 30035 30035 30035 30035 30035 
53 3000 30035 30035 30035 30035 30035 30035 30035 30035 30035 30035 30035 30035 1 4 30035 30035 30035 30035 30035 30035 4 30035 30035 30035 30035 30035 30035 30035 30035 30035 30035 30035 30035 30035 30035 30035 30035 30035 30035 30035 4 30035 30035 30035 30035 3 30035 30035 30035 0 30035 30035 30035 0 30035 30035 30035 30035 30035 30035 30035 30035 30035 30035 30035 30035 30035 30035 30035 2 4 30035 3 30035 30035 30035 30035 30035 30035 30035 30035 30035 30035 30035 30035 30035 30035 30035 30035 30035 30035 30035 30035 30035 30035 30035 30035 30035 30035 30035 
54 3000 30035 30035 30035 30035 30035 30035 30035 30035 30035 30035 3 30035 30035 30035 30035 30035 30035 30035 30035 30035 30035 30035 30035 30035 30035 30035 30035 30035 30035 30035 30035 30035 30035 30035 0 30035 30035 30035 30035 30035 3 30035 30035 30035 30035 30035 30035 30035 30035 30035 30035 30035 30035 30035 30035 30035 30035 30035 30035 30035 30035 30035 30035 30035 30035 30035 30035 30035 30035 30035 30035 30035 30035 30035 30035 30035 30035 30035 4 30035 30035 1 30035 30035 30035 30035 30035 30035 30035 30035 30035 2 30035 1 3 30035 2 4 30035 30035 
55 3000 30035 30035 30035 30035 30035 30035 4 30035 30035 30035 30035 30035 30035 30035 30035 30035 30035 30035 4 30035 30035 30035 30035 30035 30035 30035 30035 30035 30035 30035 1 30035 30035 30035 30035 30035 30035 30035 30035 30035 30035 30035 30035 30035 30035 30035 30035 30035 30035 30035 30035 30035 30035 30035 30035 30035 30035 30035 30035 4 30035 30035 30035 30035 3 30035 2 30035 30035 30035 30035 30035 30035 30035 30035 2 30035 30035 30035 3 30035 30035 30035 4 0 30035 30035 30035 30035 30035 30035 30035 30035 30035 30035 30035 30035 30035 30035 30035 
56 3000 30035 30035 30035 30035 30035 30035 30035 30035 30035 30035 30035 30035 30035 30035 30035 3 30035 30035 30035 30035 30035 30035 30035 30035 30035 30035 30035 30035 30035 30035 30035 30035 30035 30035 30035 30035 30035 30035 30035 4 30035 30035 30035 30035 30035 0 30035 30035 30035 30035 30035 30035 3 30035 30035 30035 30035 30035 30035 30035 4 30035 30035 30035 30035 30035 30035 30035 2 30035 30035 30035 30035 30035 30035 30035 30035 30035 30035 30035 30035 4 30035 30035 30035 30035 30035 30035 30035 30035 30035 30035 2 1 30035 2 30035 30035 30035 30035 
57 3000 30035 30035 30035 30035 30035 30035 0 30035 30035 30035 30035 30035 30035 30035 30035 30035 30035 3 30035 30035 30035 4 30035 30035 30035 30035 30035 30035 30035 30035 30035 30035 30035 30035 30035 30035 30035 30035 30035 30035 30035 30035 30035 30035 30035 30035 3 30035 3 30035 3 30035 4 30035 30035 30035 30035 30035 30035 30035 4 30035 30035 4 30035 30035 30035 30035 30035 30035 30035 30035 3 30035 30035 30035 30035 30035 30035 30035 30035 30035 30035 30035 30035 30035 30035 30035 30035 30035 30035 30035 30035 30035 30035 30035 30035 30035 30035 30035 
58 3000 30035 30035 30035 30035 30035 30035 30035 30035 30035 30035 30035 0 30035 30035 2 30035 4 30035 30035 30035 30035 30035 30035 30035 30035 30035 30035 30035 30035 30035 30035 30035 2 30035 30035 30035 30035 30035 30035 1 30035 30035 30035 30035 30035 2 30035 30035 30035 30035 30035 30035 30035 30035 30035 30035 30035 30035 30035 30035 30035 30035 30035 30035 30035 4 30035 30035 30035 30035 30035 30035 2 30035 30035 30035 30035 30035 30035 30035 30035 30035 0 30035 30035 30035 30035 1 30035 30035 30035 30035 30035 30035 30035 30035 30035 30035 30035 30035 
59 3000 30035 30035 30035 30035 30035 30035 30035 30035 0 30035 30035 30035 30035 30035 30035 2 30035 30035 30035 30035 30035 30035 30035 4 30035 30035 30035 30035 30035 30035 30035 30035 30035 30035 30035 30035 30035 30035 30035 30035 30035 30035 30035 30035 30035 30035 30035 30035 3 30035 30035 30035 30035 30035 30035 30035 30035 30035 3 30035 30035 30035 30035 30035 30035 2 30035 30035 30035 30035 30035 0 30035 30035 30035 30035 4 30035 30035 4 0 30035 30035 30035 30035 30035 30035 30035 30035 30035 30035 30035 30035 30035 30035 30035 30035 30035 30035 30035 
60 3000 30035 30035 30035 4 30035 30035 30035 0 30035 30035 4 30035 30035 30035 30035 4 30035 30035 30035 30035 30035 30035 30035 30035 4 2 30035 30035 30035 30035 30035 30035 30035 30035 30035 30035 30035 30035 30035 30035 30035 30035 30035 30035 30035 30035 30035 30035 30035 30035 3 30035 30035 30035 30035 30035 30035 3 30035 30035 30035 30035 1 30035 30035 30035 30035 30035 30035 30035 30035 30035 30035 30035 30035 30035 30035 30035 30035 30035 3 30035 30035 30035 30035 30035 30035 30035 30035 30035 30035 30035 30035 30035 30035 30035 30035 30035 30035 30035 
61 3000 30035 30035 30035 1 30035 30035 30035 30035 30035 30035 30035 30035 30035 3 30035 30035 30035 30035 30035 30035 30035 30035 2 30035 30035 30035 1 30035 30035 30035 30035 30035 30035 30035 30035 30035 30035 30035 30035 30035 30035 30035 30035 30035 30035 30035 30035 30035 30035 30035 2 30035 30035 30035 30035 30035 30035 30035 30035 30035 30035 30035 30035 30035 30035 30035 30035 30035 30035 1 30035 30035 30035 30035 4 1 30035 30035 2 30035 30035 30035 30035 30035 30035 30035 2 30035 30035 30035 30035 30035 30035 30035 30035 30035 30035 30035 30035 30035 
62 3000 30035 30035 30035 30035 30035 30035 30035 30035 30035 30035 30035 30035 30035 30035 30035 30035 30035 3 30035 30035 30035 30035 30035 0 30035 30035 2 30035 30035 4 4 30035 30035 0 30035 30035 4 1 30035 30035 30035 30035 4 30035 4 30035 30035 30035 30035 30035 30035 30035 30035 30035 30035 30035 30035 30035 30035 30035 30035 30035 30035 30035 30035 30035 30035 30035 30035 30035 30035 30035 30035 30035 30035 30035 30035 30035 30035 30035 30035 30035 30035 30035 30035 30035 30035 30035 30035 30035 30035 30035 30035 30035 30035 30035 30035 30035 30035 30035 
63 3000 30035 30035 30035 30035 30035 30035 30035 30035 30035 4 30035 30035 30035 30035 30035 30035 30035 30035 30035 30035 3 30035 1 3 3 30035 30035 0 30035 30035 30035 30035 30035 30035 30035 30035 30035 30035 30035 30035 30035 30035 30035 30035 30035 30035 30035 30035 4 30035 30035 30035 30035 30035 30035 3 30035 30035 30035 4 30035 30035 30035 30035 30035 30035 30035 0 30035 30035 30035 30035 30035 30035 30035 30035 30035 30035 30035 30035 30035 30035 30035 30035 30035 30035 30035 30035 30035 30035 30035 30035 30035 30035 30035 30035 30035 30035 30035 30035 
64 3000 30035 30035 30035 30035 30035 30035 30035 30035 30035 30035 30035 30035 30035 30035 30035 30035 2 3 30035 30035 1 30035 30035 30035 30035 30035 30035 30035 30035 30035 30035 30035 30035 30035 2 0 30035 30035 30035 30035 30035 30035 30035 30035 30035 30035 30035 30035 30035 30035 0 30035 30035 30035 30035 30035 30035 30035 30035 30035 30035 30035 3 2 30035 30035 30035 30035 30035 30035 30035 30035 1 30035 30035 30035 30035 30035 30035 30035 30035 30035 30035 30035 4 30035 30035 30035 30035 30035 30035 30035 30035 30035 30035 30035 30035 30035 30035 30035 
65 3000 30035 30035 30035 30035 3 30035 30035 30035 30035 30035 30035 30035 30035 30035 30035 30035 30035 30035 30035 30035 30035 30035 30035 30035 30035 30035 30035 30035 30035 30035 30035 30035 2 30035 30035 30035 2 30035 30035 30035 30035 30035 30035 30035 30035 30035 30035 30035 30035 3 30035 30035 30035 30035 30035 30035 30035 30035 30035 30035 30035 30035 30035 30035 30035 30035 2 30035 2 30035 30035 0 30035 30035 30035 30035 4 30035 30035 30035 30035 30035 0 3 30035 30035 30035 30035 30035 30035 30035 30035 30035 30035 30035 30035 30035 30035 30035 30035 
66 3000 30035 30035 30035 30035 30035 30035 30035 30035 30035 30035 30035 30035 30035 30035 30035 30035 30035 3 30035 30035 30035 30035 30035 30035 30035 30035 30035 30035 30035 30035 30035 30035 1 30035 30035 30035 30035 30035 4 30035 30035 30035 30035 30035 30035 30035 4 30035 30035 3 30035 1 30035 30035 30035 30035 30035 1 30035 30035 30035 30035 30035 30035 30035 30035 30035 30035 30035 30035 30035 30035 30035 2 30035 30035 30035 30035 30035 30035 1 30035 30035 4 30035 30035 30035 30035 30035 30035 30035 30035 30035 30035 30035 30035 30035 30035 30035 30035 
67 3000 30035 1 30035 30035 30035 2 30035 30035 30035 30035 30035 30035 30035 30035 30035 30035 30035 30035 30035 30035 30035 30035 30035 30035 30035 30035 30035 30035 30035 30035 30035 0 30035 30035 3 30035 30035 30035 30035 30035 30035 30035 30035 30035 30035 30035 30035 30035 30035 30035 30035 30035 1 30035 30035 30035 30035 30035 30035 30035 30035 30035 30035 30035 30035 30035 30035 30035 30035 30035 30035 1 30035 4 30035 30035 1 30035 30035 30035 30035 30035 30035 30035 30035 30035 30035 30035 30035 30035 30035 30035 30035 30035 30035 3 30035 30035 30035 3 
68 3000 30035 30035 30035 0 2 30035 30035 30035 30035 30035 30035 30035 30035 30035 30035 30035 30035 30035 30035 1 30035 30035 30035 30035 30035 30035 30035 30035 30035 30035 30035 30035 30035 4 30035 0 30035 30035 30035 3 30035 30035 30035 30035 30035 30035 30035 30035 30035 30035 30035 30035 30035 30035 30035 30035 30035 30035 30035 30035 2 2 4 30035 30035 30035 30035 30035 4 30035 30035 30035 30035 30035 30035 30035 30035 30035 30035 30035 30035 30035 30035 30035 30035 30035 30035 30035 30035 30035 30035 30035 30035 30035 30035 30035 30035 30035 30035 30035 
69 3000 30035 2 30035 30035 30035 30035 30035 30035 30035 30035 30035 30035 30035 30035 30035 30035 30035 30035 30035 30035 30035 30035 30035 30035 30035 30035 30035 30035 30035 30035 30035 30035 30035 30035 3 30035 30035 30035 30035 30035 30035 30035 30035 30035 30035 30035 30035 30035 30035 30035 30035 30035 30035 30035 30035 30035 30035 2 30035 30035 4 30035 30035 30035 30035 30035 30035 30035 30035 30035 30035 30035 30035 30035 30035 30035 30035 30035 30035 30035 30035 30035 30035 0 30035 0 30035 30035 30035 30035 30035 1 30035 30035 30035 30035 30035 1 4 3 
70 3000 30035 30035 30035 30035 30035 30035 30035 30035 0 30035 30035 30035 1 30035 30035 30035 30035 3 30035 4 30035 30035 30035 30035 30035 30035 30035 30035 30035 30035 30035 30035 0 30035 30035 2 30035 1 30035 30035 4 30035 30035 30035 30035 30035 30035 30035 30035 30035 30035 30035 30035 30035 30035 30035 30035 30035 30035 30035 30035 30035 30035 30035 30035 30035 30035 30035 30035 30035 30035 30035 30035 30035 30035 30035 30035 30035 30035 30035 30035 30035 4 30035 30035 1 30035 30035 30035 30035 30035 30035 30035 30035 30035 30035 30035 30035 30035 30035 
71 3000 30035 30035 30035 30035 30035 30035 30035 30035 30035 2 30035 30035 30035 30035 3 2 30035 30035 30035 30035 30035 30035 30035 30035 0 30035 30035 30035 3 4 30035 30035 30035 30035 30035 30035 30035 30035 30035 30035 30035 2 30035 30035 30035 30035 0 30035 30035 30035 30035 30035 30035 30035 30035 3 30035 30035 30035 30035 30035 30035 30035 30035 30035 30035 30035 30035 30035 30035 3 30035 30035 30035 30035 30035 30035 30035 30035 30035 30035 30035 30035 30035 30035 30035 30035 30035 30035 30035 30035 30035 30035 30035 30035 30035 30035 30035 30035 30035 
72 3000 30035 30035 30035 30035 30035 30035 30035 30035 30035 30035 30035 30035 30035 30035 30035 30035 30035 30035 30035 30035 30035 30035 30035 30035 30035 30035 30035 30035 3 30035 30035 30035 30035 30035 30035 30035 30035 30035 30035 30035 30035 30035 30035 30035 3 30035 30035 30035 0 30035 30035 30035 30035 30035 30035 30035 30035 30035 30035 30035 1 30035 30035 30035 30035 30035 30035 4 30035 30035 30035 30035 30035 30035 30035 30035 30035 30035 30035 30035 30035 30035 30035 30035 30035 30035 30035 30035 2 30035 30035 30035 30035 1 0 0 1 30035 30035 30035 
73 3000 2 30035 30035 30035 30035 30035 30035 30035 3 30035 30035 0 30035 30035 30035 30035 30035 30035 30035 30035 30035 30035 30035 30035 30035 30035 30035 30035 30035 30035 30035 30035 30035 30035 30035 30035 30035 30035 30035 30035 30035 30035 30035 30035 30035 30035 30035 0 30035 30035 30035 30035 30035 30035 30035 30035 30035 30035 30035 30035 30035 30035 30035 30035 3 30035 30035 30035 30035 30035 30035 30035 30035 30035 30035 30035 0 30035 30035 30035 30035 30035 30035 30035 30035 30035 30035 30035 30035 3 30035 30035 2 0 30035 30035 3 30035 30035 30035 
74 3000 30035 30035 30035 30035 30035 0 3 1 30035 30035 30035 30035 30035 30035 30035 30035 30035 30035 30035 30035 30035 30035 30035 30035 30035 30035 30035 30035 30035 30035 30035 30035 30035 30035 30035 30035 30035 30035 1 30035 30035 30035 30035 30035 30035 3 30035 30035 30035 30035 4 30035 30035 30035 30035 30035 30035 30035 30035 30035 30035 30035 30035 30035 30035 30035 30035 30035 30035 4 3 3 30035 30035 0 30035 30035 30035 30035 30035 30035 30035 30035 30035 30035 30035 30035 30035 30035 30035 30035 30035 30035 30035 30035 30035 30035 30035 30035 30035 
75 3000 30035 30035 30035 30035 30035 3 30035 30035 30035 3 30035 30035 30035 30035 30035 30035 30035 30035 30035 30035 30035 30035 30035 30035 30035 30035 30035 30035 30035 30035 30035 30035 30035 30035 30035 30035 30035 30035 30035 30035 30035 30035 30035 30035 30035 30035 30035 30035 30035 30035 30035 30035 30035 30035 30035 30035 30035 30035 30035 30035 30035 30035 30035 30035 30035 30035 30035 30035 30035 30035 30035 30035 30035 30035 30035 30035 30035 30035 30035 30035 30035 30035 30035 30035 3 30035 30035 3 3 30035 1 30035 1 30035 30035 1 30035 30035 2 2 
76 3000 30035 30035 30035 30035 30035 30035 30035 30035 1 30035 30035 30035 0 30035 30035 30035 4 30035 30035 30035 30035 30035 30035 30035 30035 30035 30035 30035 30035 30035 30035 30035 30035 3 30035 4 30035 30035 30035 30035 30035 30035 30035 30035 30035 30035 30035 30035 30035 30035 30035 30035 1 0 30035 30035 30035 30035 30035 30035 30035 30035 30035 30035 30035 30035 30035 30035 30035 30035 30035 30035 30035 30035 30035 30035 0 4 30035 2 30035 30035 30035 30035 30035 30035 30035 30035 30035 30035 30035 30035 30035 30035 30035 30035 30035 30035 30035 30035 
77 3000 30035 30035 30035 30035 2 30035 30035 30035 30035 30035 30035 30035 30035 30035 30035 30035 30035 30035 30035 30035 30035 30035 30035 30035 30035 2 30035 30035 30035 30035 30035 30035 30035 30035 30035 30035 30035 30035 30035 30035 30035 30035 30035 30035 30035 30035 30035 30035 30035 30035 30035 30035 30035 30035 30035 30035 0 30035 0 30035 30035 30035 30035 30035 30035 30035 30035 30035 30035 2 30035 30035 30035 30035 30035 30035 30035 30035 30035 30035 30035 30035 30035 30035 30035 3 4 30035 4 30035 3 30035 30035 30035 30035 30035 30035 30035 1 30035 
78 3000 30035 30035 30035 30035 30035 30035 30035 30035 30035 30035 30035 30035 30035 30035 1 30035 30035 30035 30035 30035 30035 30035 30035 30035 30035 30035 30035 30035 30035 30035 30035 30035 30035 30035 30035 30035 30035 30035 30035 1 30035 30035 30035 30035 30035 30035 30035 1 30035 30035 30035 1 30035 30035 30035 30035 30035 0 30035 30035 30035 30035 30035 30035 30035 30035 30035 30035 30035 30035 30035 30035 0 30035 30035 30035 30035 30035 30035 30035 30035 1 0 0 30035 30035 4 30035 30035 30035 30035 30035 30035 30035 30035 30035 30035 30035 30035 30035 
79 3000 30035 30035 30035 30035 30035 30035 30035 30035 30035 30035 30035 30035 30035 30035 30035 30035 30035 30035 30035 30035 30035 30035 30035 30035 30035 30035 30035 30035 30035 30035 30035 30035 30035 30035 30035 30035 4 30035 30035 30035 30035 30035 30035 30035 30035 30035 30035 30035 30035 30035 30035 30035 30035 30035 3 30035 30035 30035 30035 30035 30035 30035 30035 1 30035 30035 30035 30035 30035 30035 30035 30035 30035 30035 4 30035 30035 30035 30035 30035 30035 30035 30035 1 30035 30035 30035 30035 30035 30035 4 30035 1 30035 30035 1 0 0 30035 30035 
80 3000 30035 30035 30035 30035 2 30035 30035 30035 30035 30035 30035 30035 30035 30035 30035 30035 30035 30035 30035 30035 30035 30035 30035 30035 30035 30035 30035 3 30035 30035 1 30035 30035 30035 30035 30035 30035 30035 30035 30035 30035 30035 30035 30035 30035 30035 30035 30035 30035 30035 30035 30035 30035 30035 0 30035 30035 30035 30035 30035 30035 30035 30035 30035 30035 30035 30035 30035 30035 30035 30035 30035 30035 30035 30035 30035 30035 30035 3 30035 3 30035 30035 30035 30035 30035 30035 30035 30035 30035 30035 30035 30035 1 1 30035 30035 30035 4 0 
81 3000 30035 30035 30035 0 30035 30035 30035 30035 30035 30035 1 30035 30035 30035 30035 30035 30035 30035 30035 30035 30035 30035 30035 30035 30035 30035 30035 30035 30035 30035 0 2 30035 30035 30035 30035 2 30035 30035 1 30035 30035 30035 30035 30035 30035 30035 30035 30035 30035 30035 30035 30035 30035 2 30035 30035 30035 30035 30035 30035 30035 30035 30035 30035 30035 30035 30035 30035 30035 30035 30035 30035 30035 30035 30035 0 30035 30035 30035 30035 30035 30035 30035 30035 30035 30035 30035 2 30035 30035 3 30035 30035 30035 30035 30035 30035 30035 30035 
82 3000 30035 30035 30035 30035 30035 30035 30035 30035 30035 30035 30035 30035 30035 30035 30035 30035 4 30035 30035 30035 30035 30035 30035 30035 4 30035 30035 30035 30035 30035 30035 30035 30035 2 30035 30035 0 30035 30035 30035 30035 30035 30035 30035 30035 0 30035 30035 30035 30035 30035 30035 30035 30035 30035 30035 30035 2 30035 30035 30035 30035 30035 30035 30035 30035 30035 30035 30035 30035 30035 30035 30035 4 30035 30035 30035 30035 30035 1 30035 4 30035 30035 30035 30035 30035 30035 30035 3 30035 30035 30035 30035 30035 30035 30035 30035 30035 30035 
83 3000 30035 30035 30035 3 1 30035 30035 30035 30035 30035 4 2 30035 30035 30035 30035 30035 30035 0 30035 30035 30035 30035 30035 30035 30035 1 30035 30035 30035 30035 2 30035 30035 30035 30035 30035 30035 30035 30035 30035 30035 30035 4 30035 30035 30035 30035 30035 30035 30035 30035 30035 30035 30035 30035 30035 30035 30035 30035 1 30035 2 30035 30035 30035 30035 30035 30035 30035 30035 30035 30035 30035 30035 30035 30035 30035 30035 30035 30035 30035 30035 30035 30035 30035 30035 30035 30035 30035 30035 30035 30035 30035 30035 30035 30035 30035 30035 30035 
84 3000 30035 3 3 2 30035 30035 1 30035 3 30035 4 30035 30035 30035 30035 30035 30035 30035 30035 30035 30035 30035 30035 30035 30035 30035 30035 30035 30035 30035 30035 30035 0 30035 0 30035 30035 30035 4 30035 30035 30035 30035 30035 30035 30035 30035 30035 30035 4 30035 30035 30035 30035 30035 30035 30035 30035 30035 30035 30035 30035 30035 30035 30035 30035 30035 30035 30035 30035 30035 30035 30035 30035 30035 30035 30035 30035 30035 30035 30035 30035 30035 30035 30035 30035 30035 30035 30035 30035 30035 30035 30035 30035 30035 30035 30035 30035 30035 30035 
85 3000 30035 30035 30035 30035 30035 30035 30035 30035 30035 30035 30035 30035 30035 30035 30035 30035 30035 30035 30035 30035 30035 4 30035 30035 30035 30035 0 30035 30035 30035 30035 3 30035 30035 30035 30035 30035 30035 30035 30035 30035 30035 1 1 30035 30035 2 30035 30035 30035 30035 30035 30035 30035 30035 1 30035 30035 30035 30035 30035 30035 30035 30035 30035 30035 30035 30035 30035 1 4 30035 30035 4 30035 30035 30035 30035 30035 30035 30035 30035 30035 30035 30035 30035 30035 30035 30035 30035 30035 30035 30035 30035 30035 30035 30035 30035 30035 30035 
86 3000 30035 30035 30035 30035 2 30035 30035 30035 30035 30035 30035 30035 30035 30035 30035 30035 30035 30035 30035 30035 30035 30035 30035 30035 30035 30035 30035 30035 30035 30035 30035 30035 30035 30035 2 30035 30035 30035 3 30035 30035 30035 30035 30035 30035 30035 30035 30035 30035 30035 30035 1 30035 30035 30035 30035 30035 30035 30035 30035 30035 30035 30035 30035 30035 3 30035 30035 30035 30035 30035 30035 30035 4 30035 30035 30035 3 30035 30035 0 30035 30035 30035 30035 30035 30035 30035 30035 0 2 30035 30035 30035 30035 30035 30035 30035 30035 30035 
87 3000 30035 30035 2 30035 30035 30035 30035 30035 30035 30035 30035 30035 30035 30035 30035 30035 30035 30035 30035 30035 30035 30035 30035 30035 30035 3 30035 30035 30035 1 30035 30035 30035 30035 30035 30035 0 30035 30035 30035 2 30035 30035 30035 30035 3 1 30035 30035 30035 30035 30035 30035 30035 30035 30035 30035 30035 30035 30035 30035 30035 30035 30035 30035 30035 30035 30035 30035 30035 30035 30035 30035 30035 30035 30035 3 30035 30035 30035 30035 30035 30035 30035 2 30035 30035 0 30035 30035 30035 30035 30035 30035 30035 30035 30035 30035 30035 30035 
88 3000 30035 30035 30035 30035 30035 30035 30035 30035 30035 30035 30035 30035 30035 30035 3 30035 30035 30035 30035 30035 30035 2 30035 2 30035 30035 1 30035 30035 30035 30035 30035 0 30035 30035 30035 30035 30035 30035 30035 30035 30035 30035 30035 30035 30035 2 30035 30035 4 30035 30035 30035 30035 30035 30035 2 30035 30035 30035 30035 30035 30035 30035 30035 30035 30035 0 30035 30035 30035 3 30035 30035 30035 30035 30035 30035 30035 30035 30035 30035 30035 30035 30035 30035 30035 30035 30035 30035 30035 30035 30035 30035 30035 30035 30035 30035 30035 30035 
89 3000 30035 30035 30035 30035 30035 30035 30035 30035 30035 30035 30035 0 30035 30035 30035 30035 30035 30035 30035 30035 30035 30035 30035 30035 30035 30035 0 30035 30035 30035 30035 30035 30035 3 30035 30035 30035 30035 30035 30035 30035 30035 30035 30035 30035 30035 30035 30035 30035 4 30035 30035 30035 30035 30035 30035 30035 30035 0 30035 30035 30035 30035 1 30035 30035 30035 30035 2 30035 30035 30035 3 30035 30035 30035 30035 30035 30035 30035 30035 30035 30035 2 30035 30035 30035 30035 30035 30035 30035 30035 30035 0 30035 30035 30035 30035 30035 30035 
90 3000 30035 30035 30035 4 4 30035 30035 30035 30035 30035 30035 30035 30035 30035 30035 30035 30035 30035 30035 30035 30035 30035 30035 30035 30035 30035 2 30035 30035 30035 30035 30035 30035 30035 30035 4 30035 30035 30035 30035 30035 30035 30035 30035 3 30035 30035 30035 30035 30035 30035 4 3 30035 30035 30035 3 30035 30035 30035 30035 2 30035 30035 30035 30035 30035 30035 30035 30035 30035 30035 30035 30035 30035 30035 30035 30035 30035 30035 30035 3 30035 30035 30035 30035 30035 30035 30035 30035 30035 30035 30035 30035 30035 30035 30035 30035 30035 30035 
91 3000 30035 30035 30035 30035 30035 30035 30035 30035 30035 30035 3 30035 30035 30035 30035 30035 30035 30035 30035 30035 30035 30035 30035 30035 0 30035 30035 30035 30035 30035 30035 30035 30035 30035 30035 1 30035 30035 30035 30035 2 30035 30035 30035 30035 30035 30035 30035 30035 30035 30035 30035 30035 30035 30035 30035 30035 30035 30035 30035 30035 30035 30035 30035 30035 30035 30035 30035 4 30035 30035 30035 30035 30035 30035 30035 0 30035 30035 30035 30035 30035 0 30035 30035 30035 30035 30035 30035 3 30035 30035 30035 4 30035 30035 30035 30035 0 30035 
92 3000 30035 30035 30035 30035 30035 4 30035 30035 30035 30035 4 30035 30035 30035 30035 30035 30035 30035 30035 30035 30035 30035 30035 30035 30035 30035 30035 30035 30035 3 30035 30035 30035 30035 30035 30035 0 30035 30035 30035 30035 30035 30035 30035 30035 30035 30035 30035 30035 30035 30035 30035 0 30035 30035 30035 30035 30035 30035 30035 30035 30035 30035 30035 30035 30035 30035 30035 0 30035 30035 30035 30035 30035 3 30035 30035 0 30035 4 30035 30035 3 30035 30035 30035 30035 30035 30035 30035 30035 30035 30035 30035 30035 30035 30035 30035 30035 30035 
93 3000 30035 30035 30035 30035 30035 30035 30035 30035 30035 3 30035 3 1 30035 30035 30035 30035 30035 30035 30035 30035 4 30035 30035 30035 30035 30035 30035 30035 30035 30035 30035 30035 30035 30035 30035 30035 30035 30035 30035 30035 30035 30035 30035 30035 30035 30035 30035 30035 30035 30035 4 30035 30035 30035 1 30035 30035 30035 30035 30035 30035 30035 30035 30035 30035 30035 1 30035 30035 30035 30035 30035 3 30035 30035 30035 30035 30035 0 30035 30035 30035 30035 30035 30035 30035 30035 30035 30035 30035 30035 30035 30035 30035 30035 30035 1 30035 30035 
94 3000 30035 30035 3 30035 30035 30035 30035 30035 2 30035 30035 30035 30035 30035 2 30035 30035 2 30035 30035 30035 30035 30035 30035 30035 30035 30035 30035 30035 30035 30035 30035 30035 30035 30035 30035 30035 30035 30035 30035 30035 30035 30035 30035 30035 30035 30035 30035 30035 30035 30035 30035 30035 30035 30035 30035 30035 30035 30035 30035 30035 30035 30035 30035 30035 30035 30035 30035 30035 0 30035 30035 30035 30035 30035 30035 30035 30035 0 30035 30035 30035 30035 30035 0 30035 30035 30035 30035 30035 30035 30035 4 30035 30035 30035 30035 30035 4 1 
95 3000 30035 3 30035 30035 30035 30035 30035 1 30035 30035 30035 2 30035 30035 30035 30035 30035 30035 30035 30035 30035 30035 30035 30035 30035 30035 30035 30035 30035 30035 30035 30035 30035 30035 30035 30035 30035 30035 30035 30035 3 30035 30035 30035 30035 30035 30035 30035 30035 30035 30035 30035 30035 30035 1 30035 30035 30035 30035 30035 30035 30035 30035 30035 3 30035 30035 30035 30035 30035 30035 30035 30035 30035 30035 0 30035 30035 30035 30035 30035 30035 30035 30035 30035 30035 3 30035 30035 30035 30035 30035 30035 30035 2 30035 30035 0 30035 30035 
96 3000 30035 30035 0 30035 30035 30035 30035 30035 30035 30035 30035 30035 30035 30035 30035 30035 30035 30035 30035 30035 1 30035 30035 2 30035 30035 30035 30035 2 30035 30035 3 30035 30035 30035 30035 30035 30035 30035 30035 30035 1 30035 30035 3 30035 30035 30035 30035 30035 30035 30035 30035 30035 30035 30035 30035 30035 30035 30035 1 0 30035 30035 30035 30035 2 30035 30035 30035 30035 30035 30035 30035 30035 30035 30035 30035 30035 30035 30035 30035 30035 30035 30035 30035 30035 30035 30035 30035 30035 30035 30035 30035 30035 30035 30035 30035 30035 30035 
97 3000 30035 30035 30035 30035 30035 30035 30035 30035 30035 30035 30035 30035 30035 30035 30035 30035 30035 30035 30035 30035 30035 4 30035 30035 1 3 30035 30035 30035 30035 30035 30035 30035 30035 30035 30035 30035 2 30035 30035 30035 30035 30035 30035 30035 30035 30035 30035 30035 30035 30035 0 30035 30035 30035 30035 30035 30035 30035 30035 30035 30035 30035 30035 30035 30035 30035 30035 30035 30035 30035 30035 30035 30035 30035 30035 30035 30035 30035 30035 30035 30035 30035 30035 30035 4 30035 3 30035 30035 30035 30035 30035 0 30035 1 30035 30035 30035 1 
98 3000 30035 30035 30035 30035 30035 30035 30035 2 30035 30035 30035 30035 30035 30035 30035 30035 30035 30035 30035 30035 30035 30035 30035 30035 30035 30035 30035 30035 30035 30035 30035 2 30035 30035 30035 1 30035 30035 30035 30035 30035 30035 30035 1 30035 30035 30035 4 1 30035 30035 30035 30035 30035 30035 30035 30035 30035 30035 30035 30035 0 30035 30035 30035 3 30035 30035 30035 30035 30035 30035 30035 30035 30035 30035 30035 30035 30035 30035 30035 30035 30035 30035 3 30035 30035 30035 30035 30035 30035 4 30035 30035 30035 30035 30035 30035 30035 30035 
99 3000 30035 30035 30035 30035 30035 30035 30035 4 30035 30035 2 30035 30035 30035 30035 30035 30035 30035 30035 30035 30035 30035 30035 30035 30035 30035 30035 30035 30035 30035 30035 30035 30035 30035 30035 30035 30035 30035 30035 30035 30035 30035 30035 30035 30035 30035 1 30035 30035 30035 0 30035 30035 30035 30035 30035 30035 30035 30035 0 30035 30035 30035 30035 30035 30035 4 30035 30035 30035 0 30035 30035 30035 3 2 30035 30035 30035 30035 30035 30035 30035 30035 30035 30035 4 30035 30035 30035 30035 30035 30035 30035 30035 30035 30035 30035 30035 30035 
100 3000 2 1 30035 30035 30035 30035 30035 30035 30035 30035 30035 0 30035 30035 30035 30035 1 30035 0 30035 30035 30035 30035 30035 1 30035 30035 30035 30035 30035 30035 30035 30035 30035 30035 30035 30035 30035 30035 30035 30035 30035 30035 30035 30035 30035 30035 30035 30035 30035 30035 30035 30035 30035 30035 30035 3 30035 30035 30035 30035 30035 30035 30035 30035 30035 30035 30035 2 30035 30035 30035 30035 3 30035 30035 30035 30035 30035 30035 1 30035 30035 30035 30035 30035 30035 30035 30035 30035 30035 30035 30035 30035 30035 30035 30035 30035 30035 30035 
