FILE: 1833GapCS.txt
100 100 0 
1 3000 30030 30030 30030 30030 30030 30030 30030 30030 30030 30030 30030 30030 2 1 30030 30030 30030 30030 30030 30030 30030 30030 0 30030 30030 30030 30030 1 30030 30030 30030 30030 3 30030 30030 30030 30030 30030 30030 30030 30030 30030 30030 30030 30030 30030 30030 30030 30030 30030 30030 30030 30030 30030 30030 30030 30030 30030 30030 30030 30030 30030 30030 30030 30030 30030 30030 4 30030 30030 30030 30030 30030 2 30030 30030 0 30030 30030 3 30030 30030 1 30030 30030 30030 30030 30030 30030 30030 30030 30030 30030 30030 30030 30030 30030 30030 30030 30030 
2 3000 4 30030 30030 30030 30030 30030 30030 30030 30030 30030 0 30030 30030 30030 30030 30030 30030 30030 30030 30030 30030 30030 30030 30030 3 4 30030 30030 30030 30030 30030 30030 30030 30030 30030 30030 30030 30030 30030 3 30030 30030 30030 1 30030 30030 30030 30030 30030 30030 0 30030 30030 30030 30030 30030 30030 30030 30030 3 30030 30030 30030 30030 4 30030 30030 30030 30030 30030 30030 30030 30030 30030 30030 3 30030 30030 30030 30030 30030 30030 30030 30030 30030 30030 30030 30030 30030 30030 30030 30030 30030 30030 30030 30030 30030 30030 30030 30030 
3 3000 30030 30030 30030 30030 30030 30030 30030 30030 30030 30030 30030 30030 30030 30030 30030 30030 30030 30030 30030 30030 30030 4 30030 30030 30030 30030 30030 1 30030 30030 30030 30030 2 30030 30030 30030 30030 30030 0 30030 2 2 30030 30030 30030 30030 30030 30030 30030 30030 30030 30030 30030 1 30030 30030 30030 30030 30030 30030 3 30030 30030 30030 30030 30030 30030 30030 30030 30030 30030 30030 30030 30030 30030 30030 30030 30030 30030 30030 3 2 30030 30030 30030 30030 30030 30030 30030 30030 30030 30030 30030 30030 30030 30030 30030 30030 30030 30030 
4 3000 30030 30030 30030 30030 30030 30030 30030 30030 4 30030 30030 30030 30030 30030 30030 4 30030 30030 30030 30030 30030 30030 30030 30030 30030 30030 30030 30030 30030 30030 30030 30030 30030 30030 30030 30030 30030 1 30030 30030 1 30030 30030 30030 0 30030 30030 30030 30030 30030 30030 30030 30030 3 30030 30030 30030 30030 30030 30030 30030 30030 30030 1 30030 3 30030 30030 30030 30030 30030 0 30030 30030 30030 4 30030 30030 30030 30030 30030 30030 30030 30030 30030 30030 30030 30030 30030 30030 30030 30030 30030 30030 30030 30030 30030 30030 30030 30030 
5 3000 30030 30030 30030 30030 30030 30030 30030 3 30030 30030 30030 30030 30030 30030 30030 30030 30030 30030 30030 30030 30030 30030 30030 30030 30030 30030 30030 30030 30030 30030 1 30030 30030 30030 30030 30030 30030 30030 30030 30030 30030 30030 0 30030 30030 30030 30030 30030 30030 4 30030 30030 30030 30030 30030 30030 30030 30030 30030 30030 30030 30030 30030 30030 30030 30030 30030 1 30030 30030 30030 0 30030 30030 30030 30030 30030 30030 30030 4 30030 30030 30030 30030 30030 30030 30030 30030 30030 30030 30030 30030 30030 30030 30030 1 30030 3 30030 1 
6 3000 30030 0 30030 4 30030 30030 30030 30030 30030 30030 30030 30030 30030 30030 0 30030 30030 30030 30030 30030 30030 30030 30030 30030 0 30030 30030 30030 30030 30030 30030 30030 30030 2 30030 30030 30030 30030 30030 30030 30030 30030 30030 30030 30030 30030 30030 30030 30030 30030 0 30030 30030 30030 30030 30030 0 30030 30030 30030 30030 30030 30030 30030 30030 30030 30030 30030 1 0 30030 30030 30030 30030 0 30030 30030 30030 30030 30030 30030 30030 30030 30030 30030 30030 30030 30030 30030 30030 30030 30030 30030 30030 30030 30030 30030 30030 30030 30030 
7 3000 30030 30030 30030 30030 30030 30030 30030 30030 30030 30030 30030 30030 30030 30030 30030 0 30030 30030 30030 30030 30030 30030 30030 30030 30030 30030 30030 30030 30030 30030 30030 30030 30030 30030 30030 30030 30030 30030 30030 30030 30030 30030 30030 30030 30030 30030 2 30030 30030 30030 30030 30030 30030 30030 30030 30030 30030 1 30030 30030 30030 30030 30030 30030 4 30030 30030 30030 30030 30030 30030 30030 30030 30030 3 30030 30030 30030 2 30030 30030 30030 30030 30030 30030 30030 30030 1 30030 0 30030 0 30030 30030 3 30030 30030 30030 30030 30030 
8 3000 30030 30030 30030 30030 30030 30030 30030 30030 30030 30030 30030 30030 30030 30030 30030 1 30030 30030 30030 30030 30030 1 30030 30030 30030 30030 30030 30030 30030 30030 30030 30030 30030 30030 30030 30030 30030 30030 30030 30030 30030 30030 30030 30030 30030 30030 30030 30030 30030 30030 30030 30030 0 30030 30030 30030 30030 30030 30030 30030 30030 30030 30030 30030 2 30030 30030 30030 30030 30030 30030 30030 30030 30030 30030 30030 1 0 1 30030 30030 30030 30030 30030 30030 0 30030 4 30030 30030 0 30030 30030 30030 30030 30030 30030 30030 30030 30030 
9 3000 3 30030 30030 30030 30030 30030 30030 30030 30030 30030 30030 30030 4 30030 3 30030 30030 30030 30030 30030 30030 0 30030 30030 30030 30030 30030 30030 30030 30030 30030 30030 30030 30030 30030 30030 30030 30030 30030 30030 30030 30030 30030 30030 30030 30030 30030 30030 30030 30030 30030 30030 30030 30030 30030 30030 30030 30030 30030 30030 30030 0 30030 30030 30030 0 30030 30030 30030 30030 30030 30030 1 1 30030 30030 30030 30030 30030 30030 30030 30030 30030 30030 30030 30030 30030 30030 30030 30030 30030 30030 30030 30030 30030 4 30030 1 30030 30030 
10 3000 30030 30030 30030 30030 30030 2 30030 30030 1 30030 30030 30030 30030 30030 30030 30030 30030 30030 30030 30030 30030 30030 0 30030 30030 1 0 30030 30030 30030 30030 30030 30030 30030 30030 30030 30030 30030 30030 30030 30030 30030 30030 30030 30030 30030 30030 30030 0 30030 1 30030 30030 30030 30030 30030 30030 30030 30030 30030 30030 30030 30030 30030 30030 30030 30030 30030 30030 2 30030 30030 30030 30030 2 30030 30030 4 30030 30030 30030 30030 30030 30030 30030 30030 30030 30030 30030 30030 30030 30030 30030 30030 30030 30030 30030 30030 30030 30030 
11 3000 30030 30030 30030 30030 30030 30030 30030 30030 30030 30030 30030 30030 30030 30030 30030 30030 30030 30030 30030 30030 0 30030 30030 30030 3 30030 30030 30030 30030 30030 30030 30030 30030 30030 2 30030 30030 30030 30030 30030 30030 30030 30030 2 30030 30030 30030 30030 30030 30030 30030 30030 30030 30030 30030 30030 30030 30030 30030 2 0 30030 30030 30030 30030 30030 30030 30030 30030 30030 4 30030 30030 30030 30030 30030 30030 30030 30030 30030 30030 30030 30030 30030 30030 30030 30030 30030 0 30030 30030 30030 30030 1 4 30030 30030 30030 30030 30030 
12 3000 30030 3 30030 30030 30030 30030 30030 30030 1 30030 30030 30030 30030 1 30030 30030 30030 30030 30030 30030 30030 30030 30030 30030 30030 30030 30030 30030 3 30030 30030 30030 30030 30030 30030 30030 30030 30030 30030 30030 30030 30030 30030 30030 30030 30030 30030 3 30030 30030 30030 30030 30030 30030 30030 30030 30030 30030 30030 30030 30030 30030 2 30030 30030 4 0 30030 30030 0 30030 30030 30030 30030 30030 30030 30030 30030 30030 30030 30030 30030 4 30030 30030 30030 30030 30030 30030 30030 30030 30030 30030 30030 30030 30030 30030 30030 30030 30030 
13 3000 30030 30030 30030 30030 0 30030 30030 30030 30030 30030 0 30030 30030 30030 0 30030 30030 30030 30030 0 30030 30030 0 30030 30030 30030 30030 30030 30030 30030 30030 30030 30030 30030 30030 30030 30030 30030 30030 30030 30030 30030 30030 30030 30030 2 30030 30030 30030 30030 30030 4 30030 30030 30030 30030 1 30030 30030 30030 30030 30030 30030 30030 1 30030 30030 30030 30030 30030 30030 1 30030 30030 30030 30030 30030 30030 30030 30030 30030 30030 30030 30030 30030 30030 30030 30030 30030 30030 30030 30030 30030 30030 30030 30030 30030 30030 30030 30030 
14 3000 30030 4 30030 30030 30030 30030 30030 30030 30030 2 30030 30030 30030 30030 30030 30030 30030 30030 30030 30030 30030 30030 30030 30030 30030 2 30030 30030 30030 3 4 30030 30030 30030 30030 1 30030 30030 2 30030 30030 30030 30030 30030 30030 30030 30030 30030 2 30030 30030 30030 30030 30030 30030 30030 30030 30030 30030 30030 30030 0 30030 30030 30030 30030 30030 30030 30030 30030 30030 30030 30030 30030 30030 30030 30030 30030 3 30030 30030 30030 30030 30030 30030 30030 30030 30030 30030 30030 30030 30030 30030 30030 30030 30030 30030 30030 30030 30030 
15 3000 30030 30030 30030 30030 30030 30030 30030 30030 30030 30030 4 30030 30030 30030 4 30030 30030 30030 30030 30030 30030 30030 30030 30030 30030 30030 30030 30030 30030 30030 30030 30030 30030 30030 30030 30030 30030 30030 30030 4 30030 30030 30030 30030 30030 30030 30030 30030 30030 30030 30030 30030 30030 4 30030 30030 30030 30030 30030 30030 30030 30030 30030 30030 30030 30030 30030 30030 30030 0 0 30030 30030 30030 30030 3 30030 30030 30030 30030 30030 30030 3 30030 30030 30030 0 30030 30030 3 30030 30030 30030 30030 30030 30030 30030 30030 30030 30030 
16 3000 30030 30030 30030 30030 30030 30030 30030 30030 2 30030 30030 2 30030 2 30030 30030 30030 30030 30030 30030 3 30030 30030 30030 30030 30030 3 30030 30030 30030 2 30030 30030 30030 30030 30030 30030 30030 30030 3 30030 30030 30030 30030 30030 3 30030 2 30030 30030 4 30030 30030 30030 30030 30030 30030 30030 30030 30030 30030 30030 30030 30030 30030 30030 30030 30030 30030 30030 30030 30030 30030 30030 30030 30030 30030 30030 30030 30030 30030 30030 30030 30030 30030 30030 30030 30030 30030 30030 30030 30030 30030 30030 30030 30030 30030 30030 30030 30030 
17 3000 3 30030 30030 30030 30030 30030 30030 30030 30030 30030 30030 30030 30030 30030 30030 30030 2 30030 30030 2 30030 30030 30030 30030 30030 30030 30030 30030 4 2 30030 30030 30030 30030 30030 30030 30030 30030 30030 30030 30030 1 1 30030 30030 30030 30030 30030 30030 30030 30030 30030 3 30030 30030 30030 30030 30030 30030 30030 30030 30030 30030 30030 30030 0 30030 30030 30030 30030 1 30030 30030 30030 30030 30030 30030 30030 30030 30030 30030 30030 30030 30030 30030 30030 30030 30030 30030 30030 30030 30030 30030 30030 30030 30030 30030 30030 30030 30030 
18 3000 30030 30030 30030 30030 0 30030 30030 30030 30030 30030 30030 30030 30030 30030 30030 30030 30030 4 30030 30030 30030 30030 30030 0 30030 30030 30030 30030 30030 30030 30030 30030 30030 30030 30030 2 30030 30030 30030 30030 30030 30030 30030 30030 30030 30030 30030 30030 30030 30030 0 30030 30030 30030 30030 30030 30030 30030 30030 30030 30030 30030 30030 30030 30030 30030 30030 30030 30030 30030 0 30030 30030 30030 30030 30030 30030 30030 30030 4 2 30030 30030 3 30030 30030 30030 30030 30030 30030 30030 30030 30030 30030 4 30030 30030 30030 30030 30030 
19 3000 30030 30030 30030 30030 30030 30030 30030 30030 30030 30030 30030 4 30030 30030 30030 30030 30030 30030 30030 30030 30030 30030 30030 30030 30030 30030 4 2 30030 30030 30030 2 30030 30030 30030 30030 30030 1 30030 30030 30030 30030 30030 30030 30030 30030 30030 30030 30030 1 30030 30030 30030 30030 30030 30030 30030 30030 30030 30030 30030 0 30030 30030 30030 30030 1 30030 30030 30030 30030 30030 30030 30030 30030 30030 30030 1 30030 2 30030 30030 30030 30030 30030 30030 30030 30030 30030 30030 30030 30030 30030 30030 30030 30030 30030 30030 30030 30030 
20 3000 30030 30030 30030 30030 30030 30030 30030 30030 30030 4 30030 30030 30030 30030 30030 30030 30030 30030 30030 30030 30030 30030 30030 30030 30030 30030 30030 30030 30030 30030 30030 30030 30030 30030 30030 4 30030 30030 30030 30030 30030 30030 30030 30030 30030 30030 30030 30030 30030 30030 30030 30030 30030 30030 30030 30030 30030 30030 30030 30030 30030 30030 2 30030 30030 30030 30030 30030 30030 30030 30030 30030 30030 30030 30030 30030 2 30030 30030 30030 30030 30030 30030 30030 1 30030 30030 30030 30030 30030 1 30030 30030 1 30030 1 30030 3 0 30030 
21 3000 30030 30030 30030 30030 30030 30030 30030 30030 30030 30030 30030 30030 30030 30030 30030 30030 30030 30030 30030 3 30030 30030 30030 30030 30030 1 30030 30030 30030 30030 30030 30030 30030 30030 30030 30030 30030 30030 3 30030 30030 2 30030 30030 30030 30030 30030 30030 30030 30030 30030 30030 30030 30030 30030 30030 30030 30030 30030 30030 30030 30030 30030 30030 30030 30030 30030 30030 30030 0 4 1 30030 3 30030 30030 30030 30030 30030 30030 30030 30030 30030 30030 30030 30030 30030 4 30030 0 30030 30030 30030 30030 30030 30030 30030 30030 30030 30030 
22 3000 30030 30030 30030 30030 30030 30030 30030 30030 30030 30030 30030 30030 30030 30030 30030 30030 1 30030 30030 30030 30030 30030 30030 30030 30030 30030 30030 30030 30030 30030 30030 30030 0 30030 30030 30030 30030 30030 30030 30030 30030 30030 30030 30030 30030 30030 30030 30030 30030 30030 30030 30030 3 30030 30030 4 30030 30030 30030 30030 30030 30030 30030 30030 30030 30030 30030 30030 30030 4 30030 4 30030 30030 30030 4 30030 30030 30030 30030 30030 30030 30030 3 30030 30030 30030 30030 30030 30030 4 30030 30030 30030 30030 4 30030 30030 30030 30030 
23 3000 30030 30030 30030 30030 30030 4 30030 30030 30030 2 30030 30030 30030 30030 30030 30030 30030 30030 30030 30030 30030 1 30030 1 30030 30030 30030 30030 30030 30030 0 30030 30030 30030 30030 30030 30030 30030 30030 30030 30030 30030 30030 30030 30030 30030 30030 30030 30030 30030 30030 30030 30030 30030 30030 30030 30030 30030 30030 30030 30030 30030 30030 30030 30030 30030 4 30030 30030 30030 30030 30030 30030 30030 2 30030 30030 30030 30030 30030 4 30030 30030 30030 30030 30030 30030 30030 30030 2 30030 0 30030 30030 30030 30030 30030 30030 30030 30030 
24 3000 30030 30030 30030 30030 30030 30030 30030 30030 30030 30030 30030 30030 30030 2 30030 2 30030 30030 30030 30030 30030 30030 30030 30030 30030 30030 30030 30030 30030 30030 2 30030 30030 30030 30030 0 30030 30030 30030 30030 30030 30030 30030 30030 30030 30030 30030 3 30030 30030 30030 30030 30030 30030 30030 30030 30030 30030 30030 30030 30030 30030 30030 30030 30030 30030 30030 0 30030 30030 30030 30030 30030 30030 30030 30030 30030 4 4 30030 30030 30030 30030 30030 0 30030 30030 2 30030 30030 30030 30030 30030 30030 30030 30030 30030 30030 30030 30030 
25 3000 30030 30030 30030 30030 0 30030 30030 3 30030 30030 30030 30030 30030 30030 30030 30030 30030 30030 30030 30030 30030 30030 30030 30030 30030 30030 30030 3 30030 30030 30030 30030 4 30030 30030 30030 30030 30030 30030 30030 30030 30030 30030 30030 30030 30030 30030 30030 30030 30030 30030 3 3 30030 30030 0 30030 30030 30030 30030 30030 30030 4 30030 30030 30030 30030 30030 30030 30030 2 30030 30030 30030 30030 30030 30030 30030 30030 30030 30030 30030 30030 30030 30030 30030 0 30030 30030 30030 30030 30030 30030 30030 30030 30030 30030 30030 30030 30030 
26 3000 30030 30030 30030 30030 30030 30030 30030 30030 30030 30030 30030 30030 30030 30030 30030 30030 3 30030 30030 30030 30030 30030 30030 30030 30030 30030 30030 30030 30030 30030 30030 30030 30030 30030 30030 30030 30030 4 30030 30030 30030 2 30030 30030 30030 30030 30030 30030 30030 30030 30030 30030 30030 30030 30030 30030 30030 30030 30030 3 30030 30030 30030 30030 30030 30030 30030 30030 30030 30030 30030 30030 30030 30030 2 30030 30030 30030 30030 30030 30030 3 0 30030 30030 30030 30030 30030 2 30030 30030 30030 30030 1 30030 30030 2 30030 30030 30030 
27 3000 30030 30030 30030 30030 30030 30030 30030 30030 1 30030 30030 30030 30030 30030 30030 30030 0 30030 30030 1 30030 30030 30030 30030 30030 30030 30030 30030 30030 30030 30030 30030 30030 30030 30030 30030 30030 30030 30030 30030 30030 30030 30030 30030 30030 30030 30030 2 30030 30030 30030 30030 30030 30030 30030 30030 30030 30030 30030 30030 30030 30030 30030 30030 30030 30030 3 30030 30030 30030 30030 30030 30030 2 30030 30030 30030 30030 30030 30030 30030 30030 30030 30030 30030 30030 30030 30030 30030 30030 30030 30030 1 1 30030 4 1 30030 30030 30030 
28 3000 30030 30030 30030 30030 30030 30030 30030 30030 30030 30030 30030 30030 30030 30030 30030 2 30030 30030 30030 30030 30030 30030 30030 30030 30030 30030 30030 30030 30030 30030 30030 30030 30030 30030 30030 30030 30030 30030 30030 30030 0 30030 30030 3 30030 30030 4 30030 30030 30030 30030 30030 30030 30030 30030 30030 30030 30030 30030 3 30030 30030 30030 30030 30030 30030 30030 30030 30030 30030 30030 30030 30030 30030 30030 30030 30030 30030 30030 3 30030 30030 30030 30030 30030 30030 2 30030 30030 30030 2 30030 30030 30030 1 30030 0 30030 30030 30030 
29 3000 30030 30030 3 30030 30030 30030 30030 30030 2 30030 30030 30030 30030 4 30030 30030 30030 30030 3 30030 30030 30030 30030 0 30030 30030 30030 30030 30030 0 30030 30030 30030 30030 30030 30030 30030 30030 30030 30030 30030 30030 30030 30030 30030 30030 30030 30030 30030 30030 30030 30030 30030 30030 30030 30030 30030 30030 30030 30030 30030 30030 30030 30030 30030 30030 30030 30030 30030 30030 30030 0 30030 30030 30030 30030 30030 30030 30030 30030 30030 30030 30030 30030 0 30030 30030 30030 30030 30030 30030 30030 30030 30030 2 4 30030 30030 30030 30030 
30 3000 30030 30030 30030 30030 30030 30030 4 30030 30030 30030 30030 30030 30030 30030 30030 30030 30030 30030 30030 2 30030 30030 30030 2 30030 30030 30030 30030 30030 30030 30030 3 30030 30030 2 30030 30030 30030 30030 30030 30030 30030 30030 30030 1 30030 30030 30030 30030 1 30030 30030 30030 30030 30030 30030 30030 30030 30030 30030 30030 30030 30030 30030 3 30030 30030 30030 3 30030 30030 30030 30030 30030 30030 30030 30030 30030 30030 30030 30030 30030 0 30030 30030 30030 30030 30030 30030 30030 30030 30030 30030 30030 30030 30030 30030 30030 30030 30030 
31 3000 30030 30030 30030 30030 30030 30030 0 30030 30030 30030 30030 30030 30030 30030 30030 30030 2 30030 30030 2 3 30030 30030 30030 30030 30030 30030 1 30030 30030 30030 30030 30030 30030 3 30030 30030 4 30030 30030 30030 30030 30030 30030 0 30030 30030 30030 30030 30030 3 30030 30030 30030 3 30030 30030 30030 30030 30030 30030 30030 30030 30030 30030 30030 30030 30030 30030 30030 30030 30030 30030 30030 30030 30030 30030 30030 30030 30030 30030 30030 30030 30030 30030 30030 30030 30030 30030 30030 30030 30030 30030 30030 30030 30030 30030 30030 30030 30030 
32 3000 30030 30030 30030 30030 3 4 1 30030 30030 30030 30030 30030 30030 30030 30030 30030 30030 30030 30030 30030 30030 3 4 30030 30030 30030 30030 30030 30030 30030 30030 30030 30030 30030 1 30030 30030 30030 30030 30030 30030 30030 4 30030 30030 30030 30030 30030 30030 30030 30030 30030 30030 30030 30030 30030 30030 30030 30030 30030 30030 30030 30030 30030 30030 4 30030 30030 30030 30030 30030 30030 0 30030 30030 30030 30030 30030 30030 30030 30030 30030 30030 30030 30030 30030 30030 30030 30030 30030 30030 0 30030 30030 30030 30030 30030 30030 30030 30030 
33 3000 30030 30030 30030 30030 30030 30030 30030 30030 30030 30030 30030 30030 30030 30030 30030 30030 30030 30030 30030 30030 30030 30030 30030 30030 30030 30030 30030 30030 30030 30030 30030 30030 30030 30030 30030 30030 30030 30030 30030 30030 30030 30030 30030 30030 30030 2 0 30030 30030 30030 30030 30030 30030 30030 30030 3 0 3 30030 30030 30030 30030 30030 30030 30030 30030 30030 30030 30030 30030 30030 30030 30030 30030 30030 30030 30030 30030 4 30030 30030 30030 30030 30030 30030 30030 30030 30030 30030 30030 30030 4 1 30030 30030 30030 3 30030 30030 0 
34 3000 30030 30030 30030 2 30030 30030 30030 30030 30030 30030 30030 30030 30030 30030 30030 30030 30030 30030 30030 30030 30030 1 30030 30030 30030 30030 4 30030 3 30030 30030 30030 3 30030 30030 30030 2 30030 30030 30030 30030 30030 1 2 30030 30030 30030 30030 30030 30030 30030 30030 30030 30030 30030 30030 0 30030 3 30030 30030 30030 30030 30030 30030 30030 30030 30030 30030 30030 30030 30030 30030 30030 30030 30030 30030 30030 30030 30030 30030 30030 30030 30030 30030 30030 30030 30030 30030 30030 30030 30030 30030 30030 30030 30030 30030 30030 30030 30030 
35 3000 30030 4 30030 30030 30030 30030 30030 30030 30030 30030 30030 30030 30030 30030 30030 30030 30030 30030 30030 30030 30030 30030 30030 2 1 30030 30030 30030 30030 30030 30030 30030 30030 30030 30030 30030 30030 30030 3 30030 30030 30030 30030 30030 30030 30030 30030 30030 30030 30030 30030 30030 30030 30030 30030 30030 0 30030 30030 30030 30030 1 30030 30030 30030 30030 30030 30030 30030 30030 30030 30030 30030 30030 30030 30030 30030 30030 30030 30030 1 30030 30030 30030 30030 30030 30030 4 30030 30030 4 30030 30030 30030 30030 30030 30030 30030 30030 3 
36 3000 30030 30030 30030 3 30030 30030 30030 30030 30030 30030 30030 30030 30030 30030 30030 2 30030 30030 30030 30030 2 30030 2 30030 30030 30030 30030 30030 30030 30030 30030 30030 3 30030 30030 30030 2 30030 30030 30030 30030 30030 30030 30030 30030 4 30030 30030 30030 30030 30030 30030 4 30030 30030 30030 30030 2 30030 30030 30030 30030 30030 30030 30030 30030 30030 30030 30030 30030 30030 30030 30030 30030 30030 30030 30030 30030 30030 30030 30030 30030 30030 30030 30030 3 30030 30030 30030 30030 30030 30030 30030 30030 30030 30030 30030 30030 30030 30030 
37 3000 30030 30030 30030 2 30030 30030 3 30030 30030 30030 30030 30030 30030 30030 30030 30030 30030 1 30030 30030 30030 3 30030 30030 30030 30030 30030 30030 30030 30030 30030 30030 30030 4 30030 30030 30030 30030 30030 0 30030 30030 30030 30030 30030 30030 30030 30030 30030 30030 30030 30030 30030 1 30030 30030 30030 30030 30030 30030 30030 30030 30030 30030 30030 30030 30030 30030 30030 30030 30030 30030 3 4 30030 30030 30030 30030 30030 30030 30030 30030 30030 30030 30030 30030 30030 30030 30030 4 30030 30030 30030 30030 30030 30030 30030 30030 30030 30030 
38 3000 1 30030 30030 30030 30030 30030 30030 30030 30030 30030 4 30030 30030 30030 30030 30030 0 30030 30030 30030 30030 30030 30030 30030 30030 30030 30030 30030 30030 4 30030 30030 30030 30030 4 30030 30030 30030 30030 4 30030 30030 30030 30030 2 30030 30030 30030 30030 30030 30030 30030 0 30030 3 30030 30030 3 30030 30030 30030 30030 30030 30030 30030 30030 30030 30030 30030 30030 30030 30030 30030 30030 30030 30030 30030 30030 30030 30030 30030 30030 30030 30030 30030 30030 30030 30030 30030 30030 30030 30030 30030 30030 30030 30030 30030 30030 30030 30030 
39 3000 30030 30030 30030 30030 30030 30030 30030 30030 30030 30030 30030 30030 30030 2 30030 30030 30030 30030 30030 30030 30030 30030 30030 30030 30030 30030 30030 2 0 30030 30030 0 30030 30030 30030 30030 30030 30030 30030 30030 30030 3 30030 30030 30030 30030 30030 30030 30030 30030 30030 30030 30030 30030 30030 30030 30030 30030 30030 30030 4 30030 30030 30030 30030 2 30030 30030 30030 30030 30030 30030 30030 30030 30030 30030 3 30030 3 30030 30030 30030 30030 30030 30030 30030 30030 30030 30030 30030 30030 1 30030 30030 30030 30030 30030 30030 30030 30030 
40 3000 30030 30030 30030 30030 30030 0 30030 30030 30030 30030 30030 30030 30030 30030 30030 30030 30030 30030 1 30030 30030 30030 30030 30030 30030 30030 30030 30030 30030 30030 0 4 30030 30030 30030 30030 30030 30030 30030 30030 30030 30030 30030 30030 30030 30030 30030 30030 30030 0 2 30030 30030 30030 30030 30030 30030 30030 30030 30030 30030 30030 4 30030 1 30030 30030 30030 30030 30030 30030 4 30030 30030 30030 30030 30030 30030 30030 30030 30030 30030 30030 30030 2 30030 30030 30030 30030 30030 30030 30030 30030 30030 30030 30030 30030 30030 30030 30030 
41 3000 30030 30030 30030 30030 30030 30030 30030 30030 30030 4 30030 30030 30030 30030 30030 30030 30030 30030 30030 30030 30030 30030 30030 1 2 30030 30030 30030 30030 30030 30030 30030 30030 30030 30030 30030 30030 30030 30030 30030 30030 30030 0 30030 30030 30030 30030 30030 30030 30030 30030 30030 30030 30030 2 1 30030 30030 30030 30030 30030 30030 30030 30030 30030 30030 30030 30030 30030 30030 30030 30030 30030 30030 30030 30030 30030 30030 30030 30030 30030 30030 30030 30030 30030 30030 30030 1 1 30030 30030 30030 4 30030 30030 30030 30030 30030 2 30030 
42 3000 30030 30030 30030 30030 30030 30030 2 30030 30030 30030 30030 30030 30030 30030 30030 30030 30030 30030 30030 30030 30030 30030 30030 30030 30030 2 30030 30030 30030 30030 0 30030 30030 30030 30030 30030 4 30030 30030 4 30030 30030 30030 30030 30030 30030 30030 30030 30030 30030 30030 2 30030 30030 30030 30030 30030 30030 30030 30030 30030 30030 30030 30030 30030 30030 3 30030 30030 30030 30030 30030 30030 30030 30030 3 30030 30030 30030 30030 30030 30030 30030 30030 30030 4 4 30030 30030 30030 30030 30030 30030 30030 30030 30030 30030 30030 30030 30030 
43 3000 30030 30030 30030 30030 30030 30030 30030 30030 30030 30030 30030 30030 30030 30030 30030 30030 30030 1 30030 30030 30030 30030 30030 30030 30030 30030 30030 30030 30030 30030 30030 2 30030 30030 30030 30030 30030 30030 30030 30030 30030 30030 30030 30030 30030 1 30030 30030 30030 30030 30030 30030 30030 30030 1 30030 30030 30030 1 30030 0 30030 30030 30030 30030 30030 30030 30030 30030 30030 0 0 30030 30030 30030 30030 30030 30030 30030 30030 30030 30030 30030 30030 0 30030 30030 30030 0 30030 30030 30030 30030 30030 30030 30030 30030 30030 30030 30030 
44 3000 30030 0 30030 30030 30030 30030 30030 30030 30030 30030 30030 30030 30030 30030 30030 30030 30030 30030 30030 30030 30030 30030 30030 30030 1 30030 30030 30030 30030 30030 30030 30030 30030 3 30030 30030 0 30030 30030 30030 0 30030 30030 30030 30030 30030 30030 30030 30030 30030 30030 30030 3 30030 30030 30030 30030 30030 30030 30030 30030 30030 30030 2 30030 30030 30030 30030 4 30030 30030 30030 30030 30030 0 30030 30030 30030 30030 0 30030 30030 30030 30030 30030 30030 30030 30030 30030 30030 30030 30030 30030 30030 30030 30030 30030 30030 30030 30030 
45 3000 30030 30030 30030 30030 0 30030 30030 30030 30030 30030 30030 30030 3 30030 30030 30030 30030 30030 30030 30030 30030 30030 30030 30030 30030 30030 30030 30030 30030 30030 30030 30030 30030 30030 30030 30030 30030 30030 30030 30030 30030 30030 30030 30030 30030 30030 30030 30030 30030 30030 30030 30030 4 30030 4 30030 30030 30030 0 30030 30030 30030 1 30030 30030 30030 30030 30030 30030 30030 30030 30030 30030 30030 0 30030 30030 30030 30030 30030 3 30030 30030 30030 2 30030 30030 30030 30030 30030 30030 1 30030 30030 30030 30030 30030 30030 30030 30030 
46 3000 30030 30030 30030 30030 30030 30030 30030 30030 30030 4 1 30030 30030 30030 30030 30030 30030 30030 30030 30030 30030 30030 30030 30030 30030 30030 2 3 30030 30030 30030 30030 30030 30030 30030 30030 30030 30030 30030 30030 0 1 30030 30030 30030 30030 30030 30030 30030 30030 30030 30030 30030 30030 30030 30030 1 30030 30030 30030 30030 30030 30030 30030 30030 30030 30030 30030 30030 30030 30030 30030 30030 3 30030 30030 30030 30030 30030 30030 30030 30030 30030 4 30030 4 30030 30030 30030 30030 30030 30030 30030 30030 30030 30030 30030 30030 30030 30030 
47 3000 30030 30030 0 30030 1 30030 30030 30030 30030 30030 30030 1 30030 30030 30030 30030 30030 30030 30030 30030 30030 30030 30030 30030 30030 30030 30030 30030 3 30030 30030 30030 30030 30030 30030 30030 30030 3 30030 30030 30030 30030 30030 30030 30030 30030 3 2 30030 30030 30030 30030 30030 30030 30030 30030 30030 30030 30030 30030 3 30030 30030 30030 30030 30030 1 30030 30030 2 30030 30030 30030 30030 30030 30030 30030 30030 30030 30030 30030 30030 30030 30030 30030 30030 30030 30030 30030 30030 30030 30030 30030 30030 30030 30030 30030 30030 30030 30030 
48 3000 3 30030 30030 30030 30030 30030 4 30030 30030 30030 30030 30030 30030 30030 30030 30030 30030 30030 30030 30030 30030 30030 30030 30030 30030 30030 30030 30030 2 30030 30030 30030 30030 30030 30030 30030 2 2 30030 30030 30030 30030 30030 30030 30030 30030 30030 30030 30030 4 30030 30030 30030 4 30030 30030 30030 30030 30030 30030 30030 30030 30030 1 30030 30030 30030 30030 30030 30030 30030 30030 30030 30030 30030 30030 0 30030 30030 30030 30030 30030 2 30030 30030 30030 30030 30030 30030 30030 30030 30030 30030 30030 30030 30030 30030 30030 30030 30030 
49 3000 30030 30030 30030 30030 30030 30030 30030 30030 30030 0 30030 30030 30030 3 30030 30030 30030 3 30030 30030 4 30030 30030 30030 1 30030 30030 30030 30030 30030 30030 30030 30030 30030 30030 30030 30030 30030 30030 30030 30030 30030 1 30030 30030 30030 3 30030 30030 0 30030 30030 30030 30030 30030 30030 30030 30030 30030 30030 30030 30030 30030 30030 30030 30030 30030 30030 30030 30030 30030 30030 30030 30030 30030 30030 30030 0 30030 30030 30030 30030 30030 0 30030 30030 30030 30030 30030 30030 30030 30030 30030 30030 30030 30030 30030 30030 30030 30030 
50 3000 30030 30030 30030 30030 30030 30030 30030 30030 30030 30030 30030 30030 30030 30030 30030 30030 30030 30030 30030 30030 30030 30030 30030 4 30030 30030 30030 30030 30030 30030 30030 30030 30030 30030 30030 30030 30030 30030 4 30030 30030 30030 30030 30030 30030 30030 30030 30030 30030 30030 30030 30030 30030 30030 30030 3 30030 30030 30030 30030 30030 30030 30030 30030 30030 30030 30030 30030 3 30030 30030 30030 30030 30030 4 30030 30030 30030 30030 30030 30030 30030 30030 30030 30030 30030 30030 30030 30030 30030 30030 30030 30030 30030 30030 2 1 3 2 0 
51 3000 30030 1 30030 30030 30030 30030 2 30030 30030 30030 30030 1 30030 30030 30030 30030 30030 30030 30030 30030 30030 30030 30030 1 30030 30030 30030 30030 30030 30030 30030 0 30030 30030 30030 30030 30030 30030 30030 30030 30030 30030 30030 30030 30030 1 2 30030 30030 30030 30030 0 30030 4 30030 30030 30030 30030 30030 30030 30030 30030 30030 30030 30030 30030 3 30030 30030 30030 30030 30030 30030 30030 30030 30030 30030 30030 30030 30030 30030 30030 30030 30030 30030 30030 30030 30030 30030 30030 30030 30030 30030 30030 30030 30030 30030 30030 30030 30030 
52 3000 30030 30030 30030 0 30030 3 30030 30030 30030 30030 30030 30030 30030 30030 3 30030 30030 30030 30030 30030 30030 30030 30030 30030 30030 30030 30030 30030 30030 1 30030 30030 30030 30030 30030 30030 30030 30030 30030 30030 4 30030 30030 4 0 30030 30030 30030 0 30030 30030 30030 30030 4 30030 30030 30030 30030 0 30030 30030 30030 30030 30030 30030 30030 30030 30030 30030 30030 30030 30030 30030 30030 30030 30030 30030 30030 30030 30030 30030 30030 30030 30030 30030 30030 30030 30030 30030 30030 30030 30030 30030 30030 30030 30030 30030 30030 30030 30030 
53 3000 30030 30030 3 30030 2 30030 30030 1 30030 30030 30030 2 30030 30030 4 30030 30030 4 30030 30030 30030 30030 30030 30030 30030 30030 30030 30030 30030 2 0 30030 30030 30030 30030 30030 30030 30030 30030 30030 4 30030 30030 30030 30030 30030 30030 30030 30030 30030 30030 30030 30030 30030 30030 30030 30030 30030 30030 1 30030 30030 30030 30030 30030 30030 30030 30030 30030 30030 30030 30030 30030 30030 30030 30030 30030 30030 30030 30030 30030 30030 30030 30030 30030 30030 30030 30030 30030 30030 30030 30030 30030 30030 30030 30030 30030 30030 30030 30030 
54 3000 30030 30030 30030 30030 30030 4 30030 30030 30030 30030 30030 0 30030 30030 30030 30030 30030 30030 2 30030 30030 30030 2 4 30030 30030 30030 30030 30030 30030 30030 30030 0 30030 30030 30030 30030 30030 30030 30030 30030 30030 30030 30030 30030 0 30030 30030 30030 30030 30030 30030 30030 30030 30030 30030 30030 30030 30030 30030 30030 30030 30030 1 30030 30030 30030 30030 0 30030 30030 30030 30030 0 30030 30030 30030 30030 30030 30030 30030 30030 30030 30030 30030 30030 30030 30030 30030 30030 30030 30030 30030 30030 30030 30030 30030 30030 30030 30030 
55 3000 30030 30030 30030 30030 30030 0 30030 30030 30030 30030 30030 30030 30030 30030 30030 30030 30030 30030 30030 30030 30030 30030 30030 30030 30030 30030 30030 30030 0 30030 30030 30030 30030 30030 30030 30030 30030 30030 30030 30030 30030 30030 30030 30030 30030 3 30030 30030 30030 30030 30030 30030 1 30030 2 30030 30030 30030 30030 4 30030 30030 30030 30030 30030 30030 30030 4 30030 30030 30030 30030 30030 30030 30030 30030 30030 30030 30030 3 2 30030 30030 30030 30030 30030 30030 30030 30030 30030 30030 30030 30030 3 30030 30030 30030 30030 30030 30030 
56 3000 30030 30030 30030 30030 30030 30030 30030 30030 30030 30030 30030 30030 30030 30030 30030 2 30030 30030 30030 4 30030 30030 30030 30030 30030 30030 30030 30030 1 30030 30030 30030 30030 30030 30030 30030 30030 30030 30030 30030 30030 0 30030 1 30030 30030 30030 2 2 1 30030 30030 30030 30030 30030 4 30030 30030 30030 30030 30030 30030 30030 30030 30030 30030 30030 1 30030 30030 30030 30030 30030 30030 30030 30030 30030 30030 30030 30030 30030 30030 30030 30030 30030 30030 30030 30030 30030 30030 30030 30030 30030 30030 30030 30030 30030 30030 30030 30030 
57 3000 30030 30030 30030 30030 30030 30030 30030 30030 30030 30030 4 30030 30030 30030 0 30030 30030 30030 4 30030 30030 30030 30030 30030 30030 0 0 30030 30030 30030 30030 30030 30030 0 30030 30030 30030 30030 30030 30030 30030 0 30030 30030 30030 30030 30030 30030 30030 30030 30030 30030 30030 30030 30030 30030 30030 30030 30030 30030 30030 30030 30030 30030 30030 30030 4 30030 30030 30030 30030 30030 30030 30030 30030 4 30030 30030 30030 30030 30030 30030 30030 0 30030 30030 30030 30030 30030 30030 30030 30030 30030 30030 30030 30030 30030 30030 30030 30030 
58 3000 30030 2 30030 30030 30030 30030 30030 0 30030 30030 30030 30030 30030 30030 30030 30030 30030 30030 30030 0 30030 30030 30030 30030 4 30030 30030 30030 30030 30030 30030 30030 30030 30030 30030 30030 30030 30030 30030 30030 30030 30030 4 30030 30030 3 2 30030 30030 2 30030 30030 30030 30030 30030 3 30030 30030 1 30030 30030 30030 30030 30030 30030 30030 30030 30030 30030 30030 30030 30030 30030 30030 30030 30030 30030 30030 30030 30030 30030 30030 30030 30030 30030 30030 30030 30030 30030 30030 30030 30030 30030 30030 30030 30030 30030 30030 30030 30030 
59 3000 30030 30030 30030 30030 30030 30030 30030 30030 30030 30030 30030 30030 30030 30030 30030 30030 30030 30030 30030 30030 30030 1 30030 30030 30030 30030 30030 30030 30030 30030 30030 30030 30030 30030 30030 30030 30030 0 30030 30030 30030 30030 30030 30030 2 30030 30030 30030 30030 30030 30030 2 30030 30030 30030 30030 30030 30030 30030 30030 1 30030 30030 30030 30030 30030 30030 2 30030 2 30030 30030 30030 30030 30030 30030 30030 30030 30030 30030 30030 30030 30030 30030 30030 30030 30030 30030 30030 30030 30030 30030 2 30030 30030 30030 30030 3 30030 1 
60 3000 30030 30030 30030 4 30030 3 30030 30030 30030 30030 30030 30030 30030 30030 30030 30030 30030 30030 30030 30030 30030 30030 30030 30030 30030 30030 30030 30030 30030 30030 0 30030 30030 30030 30030 30030 30030 30030 30030 30030 30030 30030 30030 30030 30030 30030 3 30030 30030 30030 30030 30030 30030 30030 30030 30030 30030 30030 0 30030 2 1 30030 30030 30030 1 30030 30030 30030 30030 30030 30030 4 30030 30030 30030 2 30030 30030 30030 30030 30030 30030 30030 30030 30030 30030 30030 30030 30030 30030 30030 30030 30030 30030 30030 30030 30030 30030 30030 
61 3000 30030 30030 30030 30030 30030 30030 30030 30030 30030 30030 3 30030 30030 30030 30030 30030 30030 30030 30030 30030 30030 30030 30030 30030 1 1 30030 30030 30030 30030 30030 30030 30030 30030 30030 30030 30030 30030 30030 30030 30030 30030 30030 30030 30030 30030 30030 30030 30030 30030 30030 30030 30030 30030 30030 30030 30030 30030 30030 30030 30030 30030 30030 30030 30030 30030 30030 30030 30030 30030 30030 30030 30030 30030 30030 30030 30030 30030 30030 30030 30030 30030 0 30030 30030 30030 30030 1 30030 30030 30030 4 30030 30030 30030 30030 2 0 3 1 
62 3000 30030 30030 30030 30030 30030 30030 30030 30030 30030 30030 30030 30030 30030 30030 30030 30030 30030 30030 30030 30030 30030 30030 30030 30030 30030 30030 30030 30030 30030 30030 30030 30030 30030 30030 30030 30030 4 30030 2 30030 4 30030 30030 30030 30030 30030 30030 1 30030 30030 30030 30030 30030 30030 30030 30030 30030 30030 30030 30030 30030 30030 30030 30030 30030 30030 30030 30030 30030 30030 30030 30030 30030 30030 30030 30030 30030 2 30030 30030 30030 4 30030 30030 30030 30030 2 30030 30030 4 30030 30030 30030 30030 30030 0 30030 2 30030 30030 
63 3000 30030 30030 30030 30030 30030 30030 30030 2 1 30030 30030 0 1 30030 30030 30030 30030 30030 30030 30030 30030 30030 30030 4 30030 3 30030 30030 30030 30030 30030 30030 30030 30030 4 30030 30030 30030 2 30030 2 30030 30030 30030 30030 30030 30030 30030 30030 30030 30030 30030 30030 30030 30030 30030 30030 30030 30030 30030 30030 30030 30030 2 30030 30030 30030 30030 30030 30030 30030 30030 30030 30030 30030 30030 30030 30030 30030 30030 30030 30030 30030 30030 30030 30030 30030 30030 30030 30030 30030 30030 30030 30030 30030 30030 30030 30030 30030 30030 
64 3000 30030 30030 30030 30030 0 30030 30030 30030 30030 30030 30030 30030 30030 30030 30030 30030 30030 30030 30030 30030 30030 30030 30030 30030 30030 30030 30030 30030 30030 30030 30030 30030 30030 30030 30030 30030 30030 30030 30030 2 30030 30030 30030 30030 30030 30030 4 4 4 30030 30030 30030 30030 30030 30030 0 30030 30030 30030 30030 30030 30030 30030 30030 30030 30030 30030 30030 30030 30030 30030 30030 30030 30030 30030 30030 30030 30030 30030 30030 30030 30030 30030 30030 30030 30030 30030 30030 30030 30030 30030 30030 30030 30030 0 30030 30030 4 1 4 
65 3000 30030 30030 30030 30030 30030 30030 30030 30030 30030 30030 30030 30030 30030 30030 30030 30030 30030 30030 30030 30030 30030 30030 1 30030 30030 30030 30030 30030 30030 30030 30030 30030 30030 30030 0 0 30030 30030 30030 30030 30030 30030 30030 1 30030 30030 30030 1 30030 30030 30030 30030 30030 30030 30030 4 30030 30030 30030 0 30030 3 30030 30030 30030 30030 30030 30030 30030 30030 30030 30030 30030 30030 30030 30030 30030 30030 30030 3 30030 2 30030 30030 30030 30030 30030 30030 30030 30030 30030 30030 30030 30030 30030 30030 30030 30030 30030 30030 
66 3000 30030 30030 30030 30030 30030 30030 30030 30030 30030 30030 30030 30030 30030 30030 30030 30030 30030 30030 30030 30030 30030 30030 30030 30030 30030 30030 30030 30030 30030 30030 30030 2 30030 30030 30030 30030 4 30030 30030 30030 30030 30030 30030 30030 30030 30030 30030 30030 30030 30030 30030 3 30030 30030 30030 30030 30030 1 30030 30030 1 30030 30030 30030 30030 30030 30030 30030 30030 30030 30030 30030 30030 30030 30030 30030 30030 30030 1 30030 30030 30030 30030 2 30030 30030 1 30030 2 30030 30030 30030 2 30030 30030 30030 30030 30030 30030 30030 
67 3000 30030 30030 30030 30030 30030 30030 30030 30030 30030 30030 30030 30030 30030 30030 30030 30030 30030 30030 30030 30030 30030 30030 30030 30030 30030 30030 30030 30030 30030 30030 30030 30030 30030 30030 30030 30030 30030 30030 30030 30030 30030 30030 30030 0 30030 30030 30030 30030 30030 30030 30030 30030 3 30030 30030 30030 30030 30030 1 30030 30030 2 3 1 30030 30030 30030 30030 30030 30030 30030 30030 30030 30030 30030 30030 4 30030 30030 30030 30030 2 30030 30030 30030 1 30030 30030 4 30030 30030 30030 30030 30030 30030 30030 30030 30030 30030 30030 
68 3000 30030 30030 30030 30030 30030 30030 30030 30030 30030 0 30030 30030 30030 30030 30030 30030 30030 30030 30030 1 30030 1 30030 30030 30030 30030 2 30030 30030 30030 30030 30030 30030 30030 30030 30030 30030 30030 30030 30030 30030 30030 30030 30030 30030 30030 30030 30030 30030 30030 30030 30030 30030 30030 30030 30030 30030 30030 30030 30030 30030 30030 30030 30030 30030 30030 30030 30030 30030 30030 4 30030 30030 30030 30030 3 30030 3 30030 30030 30030 30030 30030 30030 30030 30030 30030 30030 2 30030 30030 1 30030 30030 3 30030 30030 30030 30030 30030 
69 3000 30030 30030 30030 30030 1 30030 30030 0 30030 4 30030 30030 4 30030 30030 30030 30030 30030 30030 30030 30030 30030 0 30030 30030 30030 30030 30030 30030 30030 30030 4 30030 30030 30030 30030 30030 30030 30030 30030 30030 30030 30030 30030 30030 30030 30030 30030 30030 3 30030 30030 30030 30030 30030 30030 30030 30030 30030 30030 30030 30030 30030 30030 0 1 30030 30030 30030 30030 30030 30030 30030 30030 30030 30030 30030 30030 30030 30030 30030 30030 30030 30030 30030 30030 3 30030 30030 30030 30030 30030 30030 30030 30030 30030 30030 30030 30030 30030 
70 3000 30030 30030 4 30030 30030 30030 2 30030 30030 30030 30030 30030 30030 30030 30030 30030 30030 30030 30030 30030 30030 30030 0 30030 30030 30030 30030 3 30030 30030 30030 30030 30030 30030 30030 30030 30030 30030 30030 30030 30030 30030 30030 30030 30030 30030 30030 30030 30030 30030 30030 30030 30030 1 30030 30030 30030 30030 30030 30030 30030 30030 30030 30030 30030 30030 2 30030 30030 30030 30030 30030 30030 30030 30030 30030 30030 3 30030 30030 1 30030 30030 1 30030 30030 1 30030 30030 30030 30030 30030 30030 30030 30030 30030 30030 30030 30030 30030 
71 3000 30030 0 2 30030 30030 30030 4 30030 30030 30030 30030 30030 30030 30030 30030 1 30030 30030 2 0 30030 30030 30030 30030 30030 30030 30030 30030 30030 30030 30030 30030 30030 0 30030 4 30030 30030 30030 30030 30030 30030 30030 0 30030 30030 30030 30030 30030 30030 30030 30030 30030 30030 30030 30030 30030 30030 0 30030 30030 30030 30030 30030 30030 30030 30030 30030 30030 30030 30030 30030 30030 30030 30030 30030 30030 30030 30030 30030 30030 30030 30030 30030 30030 30030 30030 30030 30030 30030 30030 30030 30030 30030 30030 30030 30030 30030 30030 30030 
72 3000 30030 30030 30030 4 30030 30030 30030 30030 30030 30030 30030 4 30030 30030 30030 30030 30030 30030 30030 30030 30030 30030 30030 30030 30030 30030 30030 30030 30030 30030 30030 30030 30030 30030 30030 3 30030 30030 30030 30030 30030 30030 30030 30030 30030 30030 30030 30030 4 30030 30030 30030 30030 30030 30030 30030 30030 0 30030 30030 30030 30030 30030 30030 30030 30030 30030 30030 30030 30030 30030 30030 30030 30030 30030 30030 30030 30030 30030 30030 30030 4 30030 30030 30030 30030 30030 0 1 30030 0 2 30030 30030 30030 30030 30030 30030 30030 30030 
73 3000 30030 30030 30030 30030 30030 30030 30030 30030 30030 30030 30030 30030 30030 30030 30030 30030 30030 0 30030 30030 30030 30030 30030 30030 30030 30030 0 30030 30030 3 30030 30030 30030 30030 30030 30030 30030 30030 4 30030 30030 30030 30030 30030 0 30030 30030 30030 30030 30030 30030 3 30030 30030 1 30030 30030 30030 30030 30030 30030 30030 30030 30030 30030 30030 30030 30030 30030 30030 30030 30030 30030 30030 30030 30030 30030 0 3 30030 30030 30030 30030 30030 30030 30030 30030 30030 30030 30030 30030 30030 30030 30030 30030 30030 30030 30030 30030 1 
74 3000 30030 30030 30030 30030 30030 30030 30030 30030 30030 30030 30030 30030 1 2 30030 30030 30030 30030 30030 30030 30030 30030 30030 30030 30030 30030 30030 30030 30030 4 30030 30030 30030 30030 30030 30030 30030 30030 30030 30030 0 30030 30030 30030 30030 30030 30030 1 1 30030 4 30030 30030 30030 30030 30030 30030 30030 30030 30030 0 3 30030 30030 2 30030 30030 30030 30030 30030 30030 30030 30030 30030 30030 30030 30030 30030 30030 30030 30030 30030 30030 30030 30030 30030 30030 30030 30030 30030 30030 30030 30030 30030 30030 30030 30030 30030 30030 30030 
75 3000 3 30030 30030 30030 30030 30030 30030 30030 30030 30030 30030 30030 30030 30030 1 30030 1 30030 30030 30030 0 30030 30030 30030 30030 30030 30030 30030 30030 30030 30030 30030 30030 30030 30030 30030 30030 30030 30030 30030 30030 30030 30030 30030 30030 30030 30030 30030 3 30030 30030 1 30030 30030 30030 30030 30030 30030 30030 30030 1 30030 30030 30030 30030 30030 30030 30030 30030 3 0 30030 30030 30030 30030 30030 30030 30030 30030 4 30030 30030 30030 30030 30030 30030 30030 30030 30030 30030 30030 30030 30030 30030 30030 30030 30030 30030 30030 30030 
76 3000 2 30030 30030 30030 30030 30030 30030 30030 30030 30030 1 30030 30030 30030 30030 30030 30030 30030 30030 30030 30030 30030 30030 30030 30030 30030 30030 30030 30030 30030 30030 30030 30030 30030 3 30030 30030 30030 2 2 30030 30030 30030 30030 30030 30030 30030 30030 30030 30030 30030 30030 30030 30030 30030 30030 30030 30030 30030 30030 30030 30030 30030 30030 4 30030 30030 30030 30030 30030 30030 30030 30030 2 30030 30030 30030 30030 30030 30030 30030 30030 30030 30030 30030 30030 30030 30030 30030 30030 30030 1 30030 30030 30030 0 3 30030 30030 30030 
77 3000 30030 30030 1 30030 30030 30030 30030 30030 30030 30030 30030 30030 30030 30030 30030 30030 4 30030 30030 30030 2 30030 30030 30030 30030 30030 30030 30030 30030 30030 30030 30030 30030 30030 30030 30030 30030 30030 30030 30030 30030 30030 30030 30030 30030 30030 30030 30030 30030 0 30030 30030 30030 30030 30030 30030 30030 30030 30030 0 30030 30030 2 30030 30030 30030 30030 0 30030 30030 30030 30030 30030 4 30030 30030 30030 30030 30030 30030 30030 30030 30030 30030 30030 30030 30030 30030 30030 30030 30030 30030 30030 30030 30030 30030 0 30030 4 30030 
78 3000 30030 30030 30030 30030 30030 30030 30030 30030 30030 30030 30030 30030 30030 30030 30030 30030 30030 30030 30030 30030 30030 30030 30030 30030 30030 30030 30030 1 30030 30030 30030 30030 30030 4 30030 30030 30030 30030 30030 30030 30030 0 30030 30030 30030 30030 30030 30030 30030 30030 30030 30030 30030 2 4 30030 30030 30030 30030 30030 30030 30030 30030 30030 30030 30030 30030 30030 3 30030 30030 30030 30030 30030 30030 30030 30030 30030 3 30030 30030 30030 30030 30030 0 30030 30030 30030 30030 30030 30030 30030 2 30030 30030 30030 30030 30030 2 30030 
79 3000 30030 3 30030 30030 30030 30030 30030 30030 30030 30030 30030 30030 30030 30030 30030 30030 30030 30030 1 30030 30030 30030 30030 30030 30030 30030 30030 30030 30030 30030 30030 3 30030 30030 30030 4 30030 30030 30030 30030 30030 30030 30030 30030 30030 3 30030 30030 30030 30030 2 30030 30030 30030 4 30030 30030 30030 30030 30030 30030 30030 1 30030 30030 30030 30030 30030 30030 30030 30030 30030 30030 30030 30030 30030 4 30030 30030 30030 30030 30030 0 30030 30030 30030 30030 30030 30030 30030 30030 30030 30030 30030 30030 30030 30030 30030 30030 30030 
80 3000 30030 30030 30030 30030 30030 30030 30030 30030 30030 30030 30030 30030 30030 2 30030 30030 1 4 2 30030 3 30030 30030 30030 30030 30030 30030 30030 3 30030 30030 30030 30030 30030 30030 30030 30030 30030 30030 30030 30030 30030 30030 30030 30030 30030 1 30030 30030 30030 30030 1 30030 30030 30030 30030 30030 30030 30030 30030 30030 30030 30030 30030 30030 30030 30030 30030 30030 30030 30030 3 30030 30030 2 30030 30030 30030 30030 30030 30030 30030 30030 30030 30030 30030 30030 30030 30030 30030 30030 30030 30030 30030 30030 30030 30030 30030 30030 30030 
81 3000 30030 30030 30030 30030 30030 30030 30030 30030 30030 30030 30030 30030 30030 30030 30030 30030 30030 30030 30030 30030 30030 30030 30030 30030 3 30030 30030 30030 30030 30030 30030 30030 30030 30030 30030 30030 30030 30030 30030 30030 30030 0 30030 30030 30030 30030 30030 30030 30030 30030 30030 30030 30030 30030 30030 30030 30030 30030 30030 2 30030 30030 30030 30030 4 1 30030 30030 30030 30030 30030 30030 4 30030 30030 30030 30030 30030 30030 30030 30030 30030 30030 30030 30030 30030 30030 30030 30030 30030 30030 30030 2 3 3 30030 30030 3 30030 30030 
82 3000 30030 30030 30030 30030 30030 30030 30030 4 30030 30030 30030 30030 2 30030 30030 30030 30030 30030 30030 30030 30030 30030 30030 30030 30030 30030 30030 30030 30030 30030 4 30030 2 4 30030 30030 4 30030 0 30030 30030 30030 30030 30030 30030 30030 30030 30030 30030 30030 30030 30030 30030 30030 30030 30030 30030 30030 30030 30030 30030 30030 30030 30030 30030 30030 30030 30030 30030 30030 30030 30030 0 30030 30030 30030 30030 30030 30030 30030 30030 4 2 30030 30030 30030 30030 30030 30030 30030 30030 30030 30030 30030 30030 30030 30030 30030 30030 30030 
83 3000 30030 30030 30030 30030 30030 30030 30030 30030 30030 30030 30030 30030 30030 30030 30030 30030 30030 30030 30030 30030 30030 30030 30030 30030 30030 30030 30030 30030 30030 30030 30030 30030 30030 30030 30030 30030 30030 30030 30030 30030 30030 30030 30030 30030 3 30030 30030 30030 30030 30030 2 30030 30030 30030 30030 30030 30030 4 30030 3 30030 30030 0 30030 30030 30030 30030 30030 3 30030 30030 30030 30030 30030 0 30030 30030 30030 30030 30030 30030 30030 30030 30030 4 30030 30030 30030 30030 0 30030 30030 30030 2 30030 30030 30030 30030 30030 30030 
84 3000 2 30030 30030 30030 30030 30030 30030 30030 30030 30030 0 30030 30030 30030 30030 30030 2 30030 30030 30030 30030 30030 30030 30030 30030 30030 30030 30030 30030 30030 30030 30030 30030 30030 30030 30030 30030 4 30030 30030 30030 30030 0 30030 30030 30030 30030 30030 30030 30030 30030 30030 30030 2 30030 30030 4 30030 30030 30030 30030 30030 30030 30030 30030 30030 30030 30030 1 30030 30030 30030 30030 30030 30030 30030 30030 30030 30030 30030 3 30030 30030 30030 30030 3 30030 30030 30030 30030 30030 30030 30030 30030 30030 30030 30030 30030 30030 30030 
85 3000 30030 30030 4 30030 30030 30030 30030 30030 30030 30030 30030 30030 30030 30030 30030 30030 30030 3 30030 30030 30030 3 30030 30030 30030 30030 30030 30030 30030 30030 30030 30030 30030 30030 30030 30030 30030 30030 30030 30030 30030 30030 30030 4 1 30030 30030 30030 30030 30030 30030 0 30030 30030 1 3 30030 30030 30030 30030 30030 30030 30030 30030 30030 30030 30030 30030 30030 30030 30030 30030 30030 30030 30030 30030 30030 30030 30030 30030 30030 30030 30030 30030 30030 30030 30030 30030 30030 30030 30030 30030 1 30030 30030 30030 30030 30030 3 30030 
86 3000 30030 30030 30030 30030 30030 30030 30030 30030 30030 30030 30030 30030 30030 30030 30030 30030 30030 3 30030 30030 30030 30030 30030 30030 30030 4 30030 30030 30030 30030 30030 30030 30030 30030 30030 30030 3 30030 30030 30030 30030 30030 30030 30030 30030 30030 30030 30030 1 30030 30030 30030 30030 30030 30030 30030 2 30030 30030 30030 30030 3 30030 4 30030 30030 30030 30030 2 30030 30030 1 30030 30030 30030 30030 30030 30030 30030 30030 30030 30030 30030 30030 30030 1 30030 30030 30030 30030 30030 30030 30030 30030 30030 30030 30030 30030 30030 30030 
87 3000 3 30030 30030 30030 30030 30030 30030 30030 30030 1 30030 1 3 30030 30030 30030 30030 30030 30030 30030 3 30030 30030 30030 30030 30030 30030 30030 30030 1 30030 30030 30030 30030 30030 30030 30030 30030 30030 30030 30030 30030 30030 30030 30030 30030 30030 30030 30030 30030 30030 30030 30030 30030 30030 30030 30030 30030 30030 30030 30030 30030 30030 1 30030 30030 30030 30030 30030 0 30030 30030 30030 30030 30030 30030 30030 30030 30030 30030 30030 30030 30030 30030 30030 30030 30030 30030 30030 30030 0 30030 0 30030 30030 30030 30030 30030 30030 30030 
88 3000 30030 30030 30030 30030 30030 30030 30030 30030 4 30030 3 30030 30030 4 30030 1 30030 30030 30030 30030 30030 30030 30030 30030 30030 30030 30030 0 30030 30030 30030 30030 30030 2 30030 30030 30030 30030 30030 30030 30030 30030 30030 30030 30030 30030 30030 30030 30030 30030 30030 30030 30030 30030 30030 30030 30030 30030 30030 30030 30030 30030 30030 1 30030 2 30030 4 30030 30030 30030 30030 30030 30030 30030 30030 30030 30030 3 30030 30030 30030 30030 30030 30030 30030 30030 30030 30030 30030 30030 30030 30030 30030 30030 30030 30030 30030 30030 30030 
89 3000 30030 1 30030 30030 30030 30030 1 30030 30030 30030 30030 30030 30030 30030 30030 30030 30030 30030 30030 30030 1 30030 30030 30030 30030 30030 30030 30030 30030 30030 30030 30030 30030 30030 30030 30030 4 30030 30030 30030 30030 30030 30030 30030 2 30030 30030 30030 30030 30030 30030 30030 30030 30030 30030 30030 30030 30030 30030 30030 30030 30030 30030 30030 30030 30030 30030 30030 30030 30030 30030 30030 0 1 30030 30030 30030 30030 30030 30030 3 30030 30030 1 30030 30030 30030 1 30030 30030 30030 30030 30030 30030 30030 30030 30030 30030 30030 30030 
90 3000 30030 30030 1 30030 30030 30030 30030 30030 30030 30030 30030 30030 30030 30030 30030 30030 30030 30030 1 30030 30030 30030 30030 30030 30030 30030 30030 30030 30030 30030 30030 30030 30030 30030 0 30030 30030 30030 30030 30030 30030 30030 30030 30030 30030 30030 30030 30030 30030 30030 30030 30030 30030 30030 30030 30030 30030 30030 2 30030 30030 30030 30030 30030 30030 30030 30030 30030 30030 30030 30030 30030 0 30030 30030 4 30030 30030 30030 30030 30030 2 30030 30030 2 30030 0 30030 30030 30030 2 30030 30030 30030 30030 30030 30030 30030 30030 30030 
91 3000 30030 30030 30030 30030 30030 30030 30030 30030 30030 30030 30030 30030 30030 30030 30030 30030 30030 30030 30030 30030 30030 30030 30030 30030 30030 30030 30030 30030 30030 30030 30030 30030 4 30030 30030 30030 30030 30030 30030 30030 30030 30030 30030 30030 30030 30030 30030 30030 30030 30030 30030 30030 30030 30030 30030 30030 30030 30030 30030 30030 30030 30030 30030 30030 30030 30030 30030 30030 30030 30030 30030 30030 1 30030 30030 30030 30030 30030 30030 30030 30030 30030 30030 30030 30030 30030 30030 30030 2 3 0 30030 30030 30030 2 30030 4 3 3 4 
92 3000 30030 30030 3 30030 30030 30030 30030 0 30030 30030 30030 30030 30030 30030 30030 30030 30030 30030 30030 30030 30030 30030 30030 30030 30030 30030 30030 30030 30030 0 30030 30030 30030 30030 30030 30030 30030 30030 30030 30030 30030 30030 30030 30030 30030 30030 30030 30030 30030 30030 30030 30030 30030 30030 30030 30030 30030 3 0 30030 30030 30030 30030 30030 30030 30030 30030 30030 30030 30030 30030 30030 30030 30030 30030 30030 30030 30030 30030 30030 30030 30030 0 3 30030 30030 1 30030 30030 4 30030 30030 30030 30030 30030 30030 4 30030 30030 30030 
93 3000 30030 30030 30030 30030 30030 30030 30030 30030 4 30030 30030 30030 30030 30030 30030 30030 30030 30030 1 30030 30030 30030 30030 30030 30030 4 30030 30030 30030 30030 30030 30030 3 3 30030 30030 30030 0 30030 30030 30030 30030 30030 30030 30030 30030 30030 30030 30030 30030 30030 30030 30030 30030 30030 30030 0 30030 30030 30030 30030 30030 30030 0 30030 30030 30030 30030 0 30030 30030 30030 30030 30030 30030 30030 30030 30030 30030 30030 30030 30030 30030 30030 30030 30030 30030 30030 2 30030 30030 30030 30030 30030 30030 30030 30030 30030 30030 30030 
94 3000 30030 30030 30030 1 30030 1 30030 30030 30030 30030 30030 30030 30030 30030 30030 30030 30030 30030 30030 30030 30030 30030 30030 30030 30030 30030 30030 30030 2 30030 30030 30030 30030 30030 30030 1 30030 30030 30030 0 30030 30030 30030 30030 30030 30030 30030 30030 30030 30030 30030 30030 30030 30030 30030 30030 30030 0 30030 30030 30030 30030 30030 30030 30030 30030 30030 3 30030 30030 0 30030 30030 30030 30030 30030 30030 30030 30030 30030 30030 30030 30030 30030 30030 30030 30030 30030 30030 2 30030 30030 30030 3 30030 30030 30030 30030 30030 30030 
95 3000 30030 30030 30030 4 30030 30030 30030 2 30030 4 30030 30030 0 30030 30030 1 30030 30030 30030 30030 30030 30030 4 30030 30030 30030 30030 30030 30030 30030 30030 30030 30030 3 30030 30030 30030 30030 30030 3 30030 30030 30030 30030 30030 30030 30030 30030 30030 30030 30030 30030 30030 30030 30030 30030 30030 30030 30030 30030 30030 30030 3 30030 30030 30030 30030 30030 30030 30030 30030 30030 30030 30030 30030 30030 30030 30030 30030 30030 30030 2 30030 30030 30030 30030 30030 30030 30030 30030 30030 30030 30030 30030 30030 30030 30030 30030 30030 30030 
96 3000 30030 30030 30030 30030 30030 30030 30030 30030 30030 30030 30030 30030 30030 30030 0 30030 30030 3 4 30030 30030 30030 30030 30030 30030 30030 30030 30030 30030 30030 30030 30030 30030 30030 30030 4 30030 30030 30030 30030 30030 30030 30030 30030 30030 30030 30030 30030 30030 30030 30030 30030 30030 30030 30030 30030 30030 30030 30030 30030 30030 30030 30030 30030 30030 30030 30030 30030 30030 30030 30030 30030 30030 30030 30030 0 0 30030 30030 30030 30030 30030 30030 30030 30030 4 30030 30030 30030 30030 1 30030 3 4 30030 30030 30030 30030 30030 30030 
97 3000 30030 30030 30030 30030 30030 3 30030 30030 1 30030 30030 3 30030 30030 1 30030 30030 30030 30030 30030 30030 30030 30030 30030 30030 30030 30030 30030 30030 30030 30030 30030 30030 30030 30030 30030 30030 30030 30030 30030 30030 30030 4 30030 30030 30030 30030 30030 30030 30030 30030 30030 30030 30030 30030 30030 30030 30030 30030 30030 30030 0 30030 30030 30030 30030 30030 30030 30030 30030 30030 30030 30030 30030 30030 30030 30030 30030 30030 3 30030 30030 30030 30030 30030 3 30030 30030 30030 30030 30030 30030 30030 3 30030 30030 30030 30030 2 30030 
98 3000 30030 30030 3 30030 30030 30030 30030 2 30030 30030 30030 30030 1 30030 30030 30030 30030 30030 30030 30030 30030 30030 30030 30030 30030 30030 1 30030 30030 30030 30030 30030 30030 30030 2 30030 30030 30030 30030 30030 30030 30030 30030 30030 30030 30030 30030 30030 30030 30030 30030 30030 30030 30030 30030 30030 30030 1 30030 30030 30030 30030 30030 30030 30030 30030 30030 30030 30030 30030 30030 30030 30030 30030 30030 30030 30030 30030 30030 30030 30030 30030 30030 30030 30030 1 30030 30030 30030 30030 30030 30030 30030 30030 4 1 30030 30030 30030 3 
99 3000 30030 30030 30030 3 3 30030 30030 30030 30030 30030 30030 30030 30030 30030 30030 30030 30030 30030 30030 30030 30030 30030 30030 30030 30030 30030 30030 30030 30030 30030 30030 1 30030 30030 30030 30030 30030 4 30030 30030 30030 30030 30030 30030 30030 30030 30030 30030 30030 30030 30030 30030 30030 30030 30030 30030 2 30030 30030 30030 30030 30030 30030 30030 30030 30030 1 1 30030 30030 30030 30030 30030 30030 30030 30030 30030 2 30030 30030 3 30030 30030 30030 30030 30030 30030 0 30030 30030 30030 30030 30030 30030 30030 30030 30030 30030 30030 30030 
100 3000 1 30030 30030 30030 30030 30030 30030 30030 30030 30030 30030 30030 30030 30030 30030 30030 30030 30030 30030 30030 30030 30030 30030 30030 30030 30030 4 30030 30030 30030 30030 30030 30030 30030 30030 30030 30030 30030 30030 30030 30030 30030 4 30030 30030 30030 30030 30030 3 30030 30030 30030 30030 30030 30030 30030 30030 30030 30030 30030 30030 30030 30030 30030 30030 30030 30030 30030 30030 30030 30030 30030 3 30030 30030 0 4 30030 30030 30030 30030 3 30030 0 0 30030 30030 30030 30030 30030 30030 30030 30030 30030 30030 30030 30030 30030 30030 30030 
