FILE: 2133GapCS.txt
100 100 0 
1 3000 30036 30036 30036 30036 30036 30036 30036 30036 30036 30036 30036 30036 30036 30036 30036 30036 30036 30036 30036 30036 30036 30036 30036 30036 30036 30036 30036 30036 30036 30036 0 30036 30036 30036 30036 30036 30036 30036 30036 30036 30036 30036 30036 2 30036 30036 30036 30036 30036 30036 30036 30036 30036 30036 30036 30036 30036 30036 30036 30036 30036 30036 30036 30036 30036 30036 30036 30036 30036 30036 30036 30036 30036 30036 30036 4 30036 30036 3 30036 30036 30036 30036 30036 30036 30036 30036 30036 30036 30036 30036 30036 30036 30036 2 3 1 4 1 1 
2 3000 30036 30036 30036 30036 30036 30036 30036 3 30036 30036 30036 1 30036 30036 30036 30036 30036 30036 30036 30036 30036 30036 2 30036 30036 30036 30036 30036 30036 30036 30036 30036 30036 30036 30036 30036 30036 30036 30036 2 30036 30036 30036 30036 30036 30036 30036 30036 30036 30036 0 30036 2 30036 4 30036 30036 30036 30036 30036 2 30036 30036 30036 4 30036 30036 30036 0 30036 30036 30036 30036 30036 30036 30036 30036 30036 30036 30036 30036 30036 30036 30036 30036 30036 30036 30036 30036 30036 30036 30036 30036 30036 30036 30036 30036 30036 30036 30036 
3 3000 30036 30036 30036 30036 30036 30036 30036 30036 30036 30036 30036 30036 30036 30036 30036 30036 30036 30036 30036 30036 3 30036 30036 30036 30036 30036 30036 0 30036 30036 30036 30036 30036 30036 30036 30036 30036 30036 30036 30036 30036 30036 30036 4 30036 30036 0 30036 3 30036 30036 30036 30036 30036 30036 30036 30036 30036 30036 30036 30036 30036 30036 1 30036 30036 30036 30036 30036 30036 30036 30036 4 1 30036 30036 30036 30036 30036 30036 30036 30036 30036 30036 30036 30036 30036 30036 30036 30036 0 30036 3 30036 30036 30036 30036 30036 30036 30036 
4 3000 4 30036 30036 30036 30036 30036 30036 30036 30036 30036 30036 30036 30036 30036 30036 0 30036 30036 30036 30036 30036 30036 30036 30036 30036 30036 30036 30036 30036 30036 30036 30036 30036 30036 3 30036 30036 3 30036 30036 30036 30036 30036 30036 30036 30036 30036 30036 30036 30036 30036 30036 30036 30036 30036 30036 30036 30036 30036 30036 30036 30036 30036 30036 30036 30036 1 30036 30036 30036 1 30036 30036 30036 30036 30036 30036 30036 30036 4 30036 30036 30036 30036 0 30036 2 30036 30036 30036 30036 30036 30036 30036 30036 30036 30036 30036 3 30036 
5 3000 2 30036 30036 30036 30036 30036 30036 30036 30036 30036 30036 30036 30036 30036 30036 30036 30036 0 30036 30036 30036 30036 30036 30036 30036 30036 30036 30036 30036 30036 30036 0 4 30036 30036 30036 30036 30036 30036 30036 30036 30036 30036 30036 30036 30036 30036 0 30036 30036 30036 30036 30036 30036 3 30036 30036 3 30036 30036 30036 30036 30036 30036 30036 30036 30036 30036 30036 30036 30036 30036 0 30036 30036 30036 30036 30036 30036 30036 30036 1 30036 30036 30036 30036 30036 30036 30036 0 30036 30036 30036 30036 30036 30036 30036 30036 30036 30036 
6 3000 30036 30036 30036 30036 30036 30036 30036 30036 30036 30036 30036 30036 30036 30036 30036 30036 30036 30036 30036 30036 30036 30036 30036 30036 30036 30036 30036 30036 30036 30036 30036 30036 30036 4 30036 30036 30036 30036 30036 30036 30036 30036 2 30036 30036 30036 30036 30036 30036 30036 30036 30036 30036 1 30036 30036 30036 30036 30036 30036 30036 30036 30036 30036 30036 30036 30036 30036 30036 4 30036 30036 30036 3 30036 30036 30036 30036 2 30036 3 30036 1 30036 30036 30036 30036 30036 30036 30036 30036 4 30036 30036 30036 1 30036 30036 30036 30036 
7 3000 30036 30036 30036 30036 30036 4 30036 30036 30036 30036 30036 30036 30036 30036 30036 30036 30036 30036 30036 30036 30036 30036 30036 30036 30036 30036 30036 30036 30036 30036 30036 30036 30036 30036 30036 30036 30036 30036 30036 3 30036 30036 30036 1 30036 30036 30036 30036 30036 30036 30036 0 30036 30036 30036 30036 30036 30036 30036 30036 30036 30036 30036 30036 30036 30036 30036 30036 30036 30036 30036 30036 30036 30036 30036 30036 1 30036 1 30036 30036 30036 30036 30036 30036 1 30036 30036 30036 30036 30036 30036 4 30036 30036 30036 30036 0 30036 3 
8 3000 30036 30036 30036 30036 30036 30036 30036 30036 30036 30036 30036 30036 30036 0 30036 30036 30036 30036 30036 30036 30036 4 30036 30036 30036 30036 30036 30036 30036 30036 30036 30036 30036 30036 30036 30036 30036 30036 30036 30036 30036 30036 30036 30036 30036 30036 30036 30036 30036 30036 30036 30036 30036 30036 30036 30036 30036 30036 30036 30036 30036 30036 4 30036 30036 30036 30036 30036 30036 30036 30036 30036 1 30036 30036 30036 30036 30036 30036 30036 30036 30036 30036 30036 30036 30036 30036 3 30036 30036 30036 30036 30036 30036 3 0 30036 0 3 3 
9 3000 4 30036 30036 30036 30036 30036 30036 4 30036 30036 30036 3 30036 30036 30036 30036 30036 4 4 30036 30036 30036 0 30036 30036 30036 30036 30036 1 30036 30036 0 30036 30036 2 30036 30036 30036 30036 30036 30036 30036 30036 30036 30036 3 30036 30036 30036 30036 30036 30036 30036 30036 30036 30036 30036 30036 30036 30036 30036 30036 30036 30036 30036 30036 30036 30036 30036 30036 30036 30036 30036 30036 30036 30036 30036 30036 30036 30036 30036 30036 30036 30036 30036 30036 30036 30036 30036 30036 30036 30036 30036 30036 30036 30036 30036 30036 30036 30036 
10 3000 4 30036 30036 30036 30036 30036 30036 30036 30036 30036 30036 30036 30036 30036 30036 30036 30036 30036 30036 30036 30036 0 30036 30036 30036 30036 30036 30036 30036 30036 30036 30036 0 30036 30036 30036 30036 30036 2 30036 30036 30036 30036 30036 0 30036 30036 30036 30036 30036 30036 30036 30036 30036 3 30036 30036 30036 30036 30036 30036 30036 30036 30036 30036 0 30036 30036 30036 30036 30036 30036 30036 30036 30036 30036 30036 30036 30036 30036 30036 30036 30036 30036 4 0 30036 30036 30036 30036 4 30036 30036 30036 30036 30036 30036 30036 30036 30036 
11 3000 30036 0 30036 30036 30036 30036 30036 30036 30036 30036 30036 30036 30036 3 30036 30036 30036 30036 30036 30036 30036 30036 30036 30036 30036 30036 30036 30036 30036 30036 30036 30036 30036 30036 30036 30036 3 30036 30036 0 30036 30036 30036 30036 30036 30036 30036 30036 4 30036 30036 30036 30036 30036 30036 30036 30036 30036 30036 30036 30036 30036 30036 30036 30036 30036 30036 30036 30036 30036 30036 30036 30036 2 30036 30036 30036 30036 30036 30036 30036 1 1 30036 30036 30036 30036 30036 30036 30036 30036 30036 30036 0 3 30036 30036 30036 30036 30036 
12 3000 30036 30036 30036 30036 30036 30036 30036 30036 30036 30036 2 30036 30036 30036 30036 30036 30036 30036 30036 30036 30036 30036 30036 30036 30036 1 1 30036 30036 30036 30036 30036 30036 30036 30036 30036 30036 30036 30036 30036 30036 4 30036 30036 30036 30036 30036 30036 30036 30036 30036 30036 30036 30036 30036 30036 30036 4 30036 1 30036 30036 30036 30036 30036 30036 30036 30036 30036 30036 30036 30036 30036 0 30036 30036 30036 30036 30036 30036 30036 30036 30036 30036 30036 30036 30036 30036 30036 30036 30036 30036 30036 30036 0 30036 30036 3 30036 0 
13 3000 30036 30036 30036 30036 30036 3 30036 30036 30036 4 30036 30036 30036 30036 30036 30036 30036 0 3 30036 30036 30036 30036 30036 30036 30036 0 30036 30036 30036 30036 30036 30036 30036 30036 30036 30036 30036 30036 30036 30036 30036 30036 30036 30036 30036 30036 30036 3 3 30036 30036 30036 30036 30036 30036 30036 30036 30036 30036 30036 30036 30036 30036 30036 3 30036 30036 1 30036 30036 30036 30036 30036 30036 30036 30036 30036 30036 30036 30036 30036 30036 30036 30036 4 30036 30036 30036 30036 30036 30036 30036 30036 30036 30036 30036 30036 30036 30036 
14 3000 30036 30036 30036 30036 4 30036 1 30036 30036 30036 30036 30036 30036 30036 30036 30036 30036 30036 30036 30036 2 30036 30036 30036 30036 30036 1 30036 30036 30036 30036 30036 30036 30036 30036 30036 30036 30036 30036 30036 30036 30036 30036 30036 30036 30036 30036 30036 30036 30036 30036 30036 30036 30036 30036 30036 30036 30036 30036 30036 30036 3 30036 30036 30036 30036 30036 30036 30036 30036 30036 30036 30036 0 30036 30036 30036 30036 30036 30036 30036 30036 30036 30036 30036 30036 30036 3 30036 0 4 30036 0 30036 30036 30036 30036 30036 30036 30036 
15 3000 30036 30036 30036 30036 30036 30036 30036 3 30036 30036 30036 30036 30036 30036 30036 30036 30036 2 30036 30036 30036 30036 30036 30036 30036 30036 30036 30036 30036 30036 30036 30036 3 30036 30036 30036 30036 30036 30036 30036 1 30036 30036 30036 30036 30036 30036 30036 30036 30036 30036 30036 30036 30036 30036 30036 1 30036 4 30036 30036 30036 30036 30036 30036 30036 30036 30036 30036 30036 30036 30036 0 30036 30036 30036 30036 30036 30036 30036 30036 30036 30036 30036 30036 30036 30036 2 2 30036 30036 30036 30036 30036 30036 30036 1 30036 30036 30036 
16 3000 30036 30036 30036 1 30036 30036 30036 30036 30036 30036 30036 30036 1 30036 30036 4 30036 30036 30036 30036 30036 30036 30036 30036 1 30036 30036 30036 30036 30036 30036 30036 30036 30036 30036 30036 30036 30036 30036 30036 30036 30036 30036 30036 2 3 3 30036 30036 0 30036 30036 30036 30036 30036 30036 30036 30036 30036 30036 1 1 30036 30036 30036 30036 30036 30036 30036 30036 30036 30036 30036 30036 30036 30036 30036 30036 30036 30036 30036 30036 30036 30036 30036 30036 30036 30036 30036 30036 30036 30036 30036 30036 30036 30036 30036 30036 30036 30036 
17 3000 30036 30036 30036 30036 30036 30036 30036 30036 30036 30036 30036 30036 30036 30036 30036 30036 30036 30036 30036 30036 30036 30036 30036 30036 30036 30036 30036 4 30036 30036 30036 30036 30036 30036 30036 30036 30036 30036 30036 30036 30036 30036 30036 30036 30036 30036 30036 30036 30036 30036 30036 30036 1 30036 30036 30036 30036 30036 30036 30036 30036 30036 0 30036 30036 30036 30036 30036 30036 30036 30036 1 30036 30036 30036 30036 30036 30036 30036 30036 30036 30036 0 30036 30036 30036 30036 30036 30036 30036 30036 2 30036 30036 0 30036 1 0 3 30036 
18 3000 30036 30036 30036 30036 30036 3 30036 30036 30036 30036 30036 30036 3 30036 30036 30036 30036 30036 30036 30036 30036 30036 30036 30036 2 4 30036 30036 30036 30036 30036 30036 30036 30036 30036 30036 30036 30036 30036 30036 30036 30036 30036 30036 30036 30036 30036 30036 30036 30036 30036 30036 30036 30036 30036 30036 1 30036 30036 30036 30036 30036 1 30036 30036 30036 30036 30036 30036 30036 30036 30036 30036 30036 30036 30036 30036 30036 0 30036 30036 30036 30036 30036 2 30036 3 30036 2 30036 30036 30036 30036 30036 30036 30036 30036 30036 30036 30036 
19 3000 30036 30036 30036 30036 4 30036 30036 30036 30036 30036 30036 30036 30036 3 30036 30036 30036 30036 30036 30036 30036 30036 30036 30036 30036 30036 30036 30036 30036 30036 30036 30036 30036 30036 2 30036 30036 30036 30036 30036 30036 30036 30036 30036 30036 0 30036 30036 30036 30036 30036 30036 30036 30036 30036 30036 30036 30036 30036 0 30036 30036 30036 30036 30036 30036 30036 4 30036 30036 1 30036 30036 3 30036 30036 30036 30036 2 30036 3 30036 30036 30036 30036 30036 30036 30036 30036 30036 30036 30036 30036 30036 30036 30036 30036 30036 30036 30036 
20 3000 30036 30036 30036 30036 30036 30036 30036 30036 30036 30036 30036 30036 30036 30036 30036 30036 30036 30036 30036 30036 30036 30036 30036 30036 30036 30036 30036 2 30036 30036 1 30036 30036 30036 30036 30036 2 30036 30036 30036 1 3 30036 30036 30036 30036 30036 1 30036 30036 30036 30036 30036 30036 30036 30036 30036 30036 0 30036 0 30036 30036 30036 30036 30036 30036 30036 3 30036 30036 30036 3 30036 30036 30036 30036 30036 30036 30036 30036 30036 30036 30036 30036 30036 30036 30036 30036 30036 30036 30036 30036 30036 30036 30036 30036 30036 30036 30036 
21 3000 30036 30036 30036 30036 0 30036 30036 30036 30036 30036 30036 30036 30036 30036 30036 30036 30036 30036 30036 30036 30036 30036 2 30036 30036 30036 30036 30036 30036 30036 30036 2 30036 30036 30036 30036 30036 30036 1 1 30036 30036 30036 30036 30036 4 30036 30036 3 30036 30036 30036 30036 30036 30036 30036 30036 30036 30036 30036 30036 30036 30036 30036 30036 30036 3 30036 30036 30036 30036 30036 30036 30036 30036 30036 30036 30036 30036 3 30036 30036 30036 30036 30036 30036 2 30036 30036 30036 30036 30036 30036 30036 30036 30036 30036 30036 30036 30036 
22 3000 30036 30036 30036 30036 30036 30036 30036 30036 0 30036 30036 30036 30036 30036 30036 30036 30036 30036 30036 30036 30036 30036 30036 30036 30036 30036 30036 30036 30036 30036 30036 30036 30036 30036 30036 30036 30036 30036 30036 30036 30036 30036 30036 30036 3 30036 30036 30036 30036 30036 30036 3 30036 30036 30036 30036 30036 2 30036 30036 30036 30036 30036 30036 1 30036 30036 30036 30036 30036 2 0 30036 30036 30036 30036 30036 30036 30036 30036 30036 30036 30036 30036 30036 30036 30036 30036 30036 30036 30036 1 30036 30036 30036 30036 1 1 30036 30036 
23 3000 30036 30036 30036 3 30036 30036 30036 1 30036 30036 30036 0 30036 30036 30036 3 30036 30036 30036 30036 30036 30036 30036 30036 30036 30036 30036 30036 30036 30036 30036 30036 30036 30036 30036 30036 30036 30036 30036 30036 4 3 30036 0 1 3 30036 30036 30036 30036 30036 30036 30036 30036 30036 30036 30036 30036 30036 30036 30036 30036 30036 30036 30036 30036 30036 30036 30036 30036 30036 2 30036 30036 30036 30036 30036 30036 30036 30036 30036 30036 30036 30036 30036 30036 30036 30036 30036 30036 30036 30036 30036 30036 30036 30036 30036 30036 30036 30036 
24 3000 30036 30036 30036 30036 30036 30036 30036 30036 30036 30036 3 30036 3 30036 30036 30036 30036 30036 30036 30036 30036 30036 30036 30036 30036 30036 30036 30036 30036 30036 30036 30036 30036 30036 2 30036 30036 30036 30036 30036 30036 30036 30036 30036 30036 30036 30036 30036 30036 30036 0 30036 30036 30036 2 1 30036 30036 30036 30036 30036 30036 30036 30036 30036 30036 30036 1 30036 30036 30036 30036 30036 30036 30036 30036 30036 30036 30036 30036 30036 30036 30036 30036 30036 30036 30036 30036 30036 3 30036 30036 30036 30036 3 30036 3 30036 30036 30036 
25 3000 30036 30036 30036 30036 0 30036 30036 30036 30036 30036 1 30036 30036 30036 30036 30036 30036 30036 30036 30036 30036 30036 4 30036 1 0 30036 30036 30036 30036 30036 30036 30036 30036 30036 4 30036 30036 30036 30036 30036 4 30036 30036 30036 30036 30036 30036 1 30036 30036 30036 30036 30036 1 30036 30036 0 30036 30036 30036 30036 30036 30036 30036 30036 30036 30036 30036 30036 30036 30036 30036 30036 30036 30036 30036 30036 30036 30036 30036 30036 30036 30036 30036 30036 30036 30036 30036 30036 30036 30036 30036 30036 30036 30036 30036 30036 30036 30036 
26 3000 30036 30036 30036 4 30036 30036 30036 30036 30036 4 30036 30036 30036 30036 30036 30036 30036 30036 30036 30036 30036 30036 30036 30036 3 30036 30036 30036 30036 30036 30036 4 30036 30036 30036 30036 1 30036 30036 30036 30036 30036 30036 30036 30036 30036 30036 30036 30036 3 30036 30036 30036 30036 30036 30036 30036 30036 30036 30036 30036 30036 30036 30036 30036 30036 30036 30036 4 0 4 2 30036 30036 30036 30036 30036 30036 30036 30036 30036 30036 30036 30036 30036 30036 30036 30036 30036 30036 30036 30036 30036 30036 30036 30036 30036 30036 30036 30036 
27 3000 30036 30036 0 30036 4 1 30036 30036 0 30036 4 30036 30036 30036 30036 30036 30036 30036 30036 30036 30036 30036 30036 30036 30036 30036 30036 30036 2 3 30036 30036 30036 0 30036 30036 30036 30036 30036 30036 30036 30036 30036 30036 30036 30036 30036 30036 30036 30036 30036 30036 1 30036 30036 30036 30036 30036 2 30036 30036 30036 30036 30036 30036 30036 30036 30036 30036 30036 30036 30036 30036 30036 30036 30036 30036 30036 30036 30036 30036 30036 30036 30036 30036 30036 30036 30036 30036 30036 30036 30036 30036 30036 30036 30036 30036 30036 30036 30036 
28 3000 30036 30036 30036 30036 30036 30036 30036 30036 30036 30036 30036 0 2 2 30036 30036 30036 30036 30036 0 30036 2 30036 30036 30036 30036 30036 2 0 30036 30036 3 4 1 30036 30036 30036 30036 30036 30036 30036 30036 30036 30036 30036 30036 30036 30036 30036 30036 30036 30036 30036 30036 30036 30036 30036 30036 30036 30036 30036 30036 30036 30036 30036 30036 30036 30036 30036 30036 30036 30036 30036 30036 30036 30036 30036 30036 30036 30036 30036 30036 30036 30036 30036 30036 30036 30036 30036 30036 30036 30036 30036 30036 30036 30036 30036 30036 30036 30036 
29 3000 30036 30036 30036 30036 30036 30036 30036 30036 0 30036 30036 30036 30036 30036 30036 30036 30036 30036 30036 2 3 30036 30036 30036 30036 30036 30036 30036 30036 30036 30036 30036 30036 30036 30036 30036 30036 30036 30036 30036 30036 30036 30036 0 30036 30036 30036 30036 30036 30036 30036 30036 30036 30036 30036 30036 30036 30036 30036 30036 30036 30036 2 30036 30036 30036 30036 30036 30036 2 30036 30036 30036 0 0 30036 3 30036 30036 30036 30036 30036 30036 30036 30036 30036 30036 30036 4 30036 30036 30036 30036 30036 30036 30036 30036 30036 30036 30036 
30 3000 30036 30036 30036 1 30036 30036 30036 30036 30036 30036 30036 30036 30036 30036 30036 30036 30036 30036 30036 30036 1 30036 30036 30036 30036 3 2 30036 30036 30036 2 30036 30036 30036 30036 30036 30036 30036 30036 30036 30036 30036 30036 30036 30036 30036 4 30036 30036 30036 30036 30036 30036 2 30036 30036 30036 30036 30036 30036 0 30036 30036 30036 30036 30036 1 30036 30036 30036 30036 30036 30036 30036 30036 30036 30036 30036 1 30036 30036 30036 30036 30036 30036 30036 30036 30036 30036 30036 30036 30036 30036 30036 30036 30036 30036 30036 30036 30036 
31 3000 30036 30036 1 30036 30036 30036 30036 30036 30036 30036 30036 30036 30036 1 30036 30036 30036 30036 30036 30036 30036 30036 30036 30036 1 30036 30036 30036 30036 3 30036 30036 30036 30036 30036 30036 30036 30036 30036 30036 30036 30036 30036 1 30036 30036 30036 30036 30036 30036 30036 30036 30036 30036 30036 30036 30036 30036 0 30036 30036 30036 3 30036 30036 2 30036 30036 30036 30036 30036 30036 30036 30036 30036 30036 30036 30036 30036 30036 3 30036 0 30036 30036 30036 30036 30036 30036 30036 30036 30036 30036 30036 30036 30036 30036 30036 30036 30036 
32 3000 30036 30036 3 30036 30036 30036 30036 3 30036 30036 30036 30036 3 1 30036 30036 30036 30036 30036 30036 30036 30036 30036 30036 30036 30036 1 30036 30036 30036 30036 30036 30036 30036 1 30036 30036 30036 30036 3 30036 30036 30036 30036 30036 30036 30036 30036 30036 30036 30036 30036 30036 30036 3 30036 0 30036 30036 30036 30036 30036 4 30036 30036 30036 30036 30036 30036 30036 30036 30036 30036 30036 30036 30036 30036 30036 30036 30036 30036 30036 30036 30036 30036 30036 30036 30036 30036 30036 30036 30036 30036 30036 30036 30036 30036 30036 30036 30036 
33 3000 30036 30036 30036 30036 30036 30036 30036 30036 2 30036 30036 30036 30036 30036 30036 30036 30036 30036 30036 1 30036 3 30036 30036 30036 30036 30036 2 30036 2 30036 30036 30036 30036 30036 3 30036 30036 30036 30036 30036 30036 30036 30036 30036 30036 30036 30036 30036 30036 30036 30036 30036 30036 30036 30036 0 30036 30036 30036 4 30036 30036 30036 30036 30036 30036 30036 30036 30036 30036 30036 30036 30036 30036 30036 30036 3 30036 30036 30036 30036 1 30036 30036 30036 30036 30036 30036 30036 30036 30036 30036 30036 30036 30036 30036 30036 30036 30036 
34 3000 30036 30036 30036 30036 30036 30036 30036 30036 30036 30036 30036 30036 30036 30036 30036 30036 30036 30036 30036 30036 30036 30036 4 4 30036 30036 30036 30036 30036 30036 30036 30036 30036 30036 30036 2 30036 30036 30036 30036 30036 3 0 30036 30036 30036 30036 0 30036 0 30036 30036 30036 30036 30036 30036 30036 30036 3 30036 30036 30036 30036 30036 30036 30036 30036 30036 30036 30036 30036 30036 30036 30036 30036 30036 30036 30036 30036 30036 30036 30036 30036 30036 30036 30036 30036 30036 30036 30036 30036 2 1 30036 30036 30036 30036 30036 30036 30036 
35 3000 30036 30036 30036 30036 30036 30036 3 30036 30036 2 30036 30036 30036 30036 30036 30036 30036 30036 30036 4 30036 30036 30036 30036 30036 30036 30036 30036 30036 30036 30036 30036 30036 2 30036 30036 30036 30036 30036 2 30036 30036 30036 30036 30036 30036 30036 30036 30036 30036 30036 30036 30036 30036 30036 1 30036 4 30036 30036 30036 30036 30036 30036 30036 30036 30036 30036 30036 30036 4 30036 30036 30036 30036 30036 2 30036 30036 30036 30036 30036 30036 30036 2 30036 30036 30036 30036 30036 30036 30036 30036 30036 30036 30036 30036 30036 30036 30036 
36 3000 30036 30036 30036 30036 30036 2 4 30036 30036 30036 30036 30036 30036 30036 30036 30036 30036 30036 30036 30036 30036 30036 30036 30036 0 30036 30036 30036 30036 30036 30036 30036 30036 30036 2 30036 30036 30036 30036 30036 30036 30036 3 30036 30036 30036 30036 30036 30036 30036 30036 30036 30036 30036 30036 30036 30036 30036 30036 30036 30036 30036 30036 30036 30036 30036 30036 30036 30036 30036 30036 30036 30036 30036 30036 30036 30036 30036 30036 30036 30036 30036 30036 30036 30036 2 30036 30036 30036 30036 30036 1 30036 4 30036 2 0 30036 30036 30036 
37 3000 30036 30036 30036 30036 30036 30036 30036 30036 30036 30036 30036 30036 30036 30036 30036 30036 30036 30036 30036 30036 30036 30036 30036 30036 30036 30036 30036 30036 30036 30036 30036 30036 2 30036 30036 30036 30036 3 30036 30036 30036 30036 30036 30036 30036 4 4 30036 30036 30036 30036 30036 30036 30036 30036 30036 3 30036 30036 30036 30036 30036 30036 30036 30036 1 30036 30036 30036 30036 30036 30036 30036 30036 30036 30036 30036 3 30036 3 30036 0 30036 30036 30036 30036 30036 30036 30036 30036 1 30036 30036 30036 30036 30036 30036 30036 30036 30036 
38 3000 30036 30036 30036 30036 30036 30036 30036 30036 30036 30036 2 30036 30036 30036 30036 30036 3 30036 30036 30036 30036 30036 30036 0 30036 30036 30036 30036 3 30036 30036 30036 30036 30036 30036 30036 30036 30036 30036 30036 3 30036 30036 30036 30036 30036 30036 30036 30036 30036 30036 30036 30036 2 30036 30036 30036 30036 30036 30036 30036 30036 30036 30036 30036 30036 30036 30036 30036 30036 30036 30036 30036 30036 30036 1 30036 30036 30036 30036 30036 4 30036 3 30036 4 30036 30036 30036 30036 30036 30036 30036 30036 30036 30036 30036 30036 30036 30036 
39 3000 30036 30036 30036 2 0 3 30036 30036 0 30036 30036 30036 0 30036 30036 30036 30036 30036 30036 30036 30036 30036 30036 30036 30036 30036 30036 30036 30036 30036 30036 30036 30036 30036 3 30036 30036 3 30036 30036 30036 30036 30036 30036 30036 30036 30036 30036 30036 30036 30036 30036 30036 30036 30036 30036 30036 30036 30036 30036 30036 30036 30036 0 30036 30036 30036 30036 30036 1 30036 30036 30036 30036 30036 30036 30036 30036 30036 30036 30036 30036 30036 30036 30036 2 30036 30036 30036 30036 30036 30036 30036 30036 30036 30036 30036 30036 30036 30036 
40 3000 30036 30036 30036 30036 30036 30036 30036 30036 30036 30036 30036 30036 30036 30036 30036 30036 30036 30036 30036 30036 1 30036 30036 30036 30036 30036 30036 30036 30036 30036 1 30036 30036 30036 30036 30036 30036 30036 30036 30036 30036 30036 30036 30036 30036 30036 30036 30036 30036 30036 30036 30036 3 30036 30036 3 0 30036 30036 30036 30036 0 30036 30036 30036 30036 30036 30036 30036 3 30036 1 30036 30036 30036 30036 30036 30036 30036 30036 30036 30036 30036 4 30036 30036 1 30036 30036 30036 30036 30036 30036 30036 30036 30036 30036 30036 30036 30036 
41 3000 30036 1 30036 30036 30036 30036 30036 30036 30036 30036 30036 30036 30036 30036 30036 30036 30036 30036 1 30036 30036 30036 30036 4 30036 30036 30036 30036 30036 30036 30036 30036 30036 1 30036 30036 30036 30036 30036 3 30036 30036 30036 0 30036 30036 30036 30036 30036 30036 1 30036 30036 30036 30036 30036 30036 30036 30036 30036 4 30036 30036 30036 30036 30036 30036 30036 30036 30036 30036 30036 30036 30036 30036 30036 30036 30036 30036 0 30036 30036 30036 3 30036 30036 30036 30036 30036 30036 30036 30036 30036 30036 30036 30036 30036 30036 30036 30036 
42 3000 30036 30036 30036 30036 30036 30036 30036 30036 30036 30036 30036 30036 30036 30036 30036 30036 2 30036 30036 30036 30036 30036 30036 30036 30036 30036 30036 30036 30036 30036 30036 0 30036 4 30036 30036 30036 30036 30036 30036 30036 30036 30036 30036 30036 30036 30036 30036 30036 30036 30036 30036 30036 30036 30036 30036 30036 30036 30036 30036 30036 30036 2 30036 30036 30036 30036 30036 4 4 30036 30036 30036 30036 30036 30036 30036 30036 30036 2 30036 30036 30036 30036 30036 30036 1 3 30036 3 30036 30036 30036 30036 30036 30036 30036 30036 30036 30036 
43 3000 30036 30036 30036 0 30036 30036 30036 30036 30036 3 30036 30036 30036 30036 30036 30036 30036 30036 30036 30036 30036 30036 30036 30036 30036 30036 30036 30036 0 4 30036 30036 30036 30036 30036 4 30036 30036 30036 30036 30036 30036 30036 30036 30036 30036 30036 30036 30036 30036 30036 30036 30036 30036 30036 30036 30036 30036 1 30036 30036 30036 30036 30036 30036 30036 30036 30036 30036 30036 30036 30036 30036 30036 30036 30036 30036 30036 30036 30036 30036 30036 30036 1 30036 30036 30036 30036 1 30036 3 30036 30036 30036 30036 30036 30036 30036 2 30036 
44 3000 30036 30036 30036 30036 30036 30036 30036 4 30036 30036 30036 30036 30036 30036 1 0 30036 2 30036 30036 0 30036 30036 30036 30036 30036 30036 1 30036 30036 30036 30036 30036 30036 30036 30036 30036 30036 30036 30036 30036 30036 30036 30036 30036 30036 30036 30036 30036 30036 30036 30036 30036 30036 30036 30036 30036 30036 30036 30036 0 30036 30036 30036 30036 30036 30036 30036 30036 30036 30036 30036 30036 30036 3 30036 30036 30036 30036 30036 30036 30036 30036 30036 30036 30036 4 30036 30036 4 30036 30036 30036 30036 30036 30036 30036 30036 30036 30036 
45 3000 30036 30036 30036 30036 30036 30036 30036 30036 30036 30036 30036 30036 30036 30036 30036 30036 30036 30036 30036 30036 30036 30036 30036 30036 4 30036 0 30036 30036 30036 30036 30036 30036 30036 30036 30036 30036 30036 30036 3 30036 30036 30036 3 30036 30036 30036 30036 30036 30036 30036 0 30036 3 30036 30036 30036 1 30036 30036 30036 30036 30036 0 30036 30036 30036 30036 30036 30036 30036 30036 30036 30036 4 30036 30036 30036 30036 30036 30036 2 30036 30036 30036 30036 30036 30036 30036 30036 30036 30036 30036 30036 30036 30036 30036 30036 30036 30036 
46 3000 30036 30036 30036 3 2 3 30036 30036 30036 30036 30036 30036 30036 30036 30036 30036 30036 30036 30036 30036 30036 1 30036 30036 30036 30036 30036 30036 30036 30036 30036 30036 30036 30036 30036 30036 30036 30036 30036 30036 30036 30036 30036 30036 30036 30036 30036 30036 30036 30036 30036 30036 30036 30036 30036 30036 30036 30036 30036 30036 30036 30036 30036 30036 30036 30036 30036 30036 30036 30036 30036 30036 30036 30036 30036 30036 30036 4 30036 30036 30036 30036 30036 3 30036 1 30036 30036 30036 30036 30036 30036 30036 30036 30036 3 30036 30036 3 4 
47 3000 30036 2 30036 30036 30036 30036 30036 30036 30036 30036 30036 30036 30036 30036 30036 30036 30036 30036 30036 30036 0 30036 30036 30036 30036 30036 30036 4 30036 30036 30036 30036 30036 30036 30036 30036 30036 30036 30036 30036 30036 30036 30036 30036 30036 30036 30036 30036 30036 30036 30036 30036 30036 30036 30036 30036 30036 30036 30036 30036 30036 30036 30036 30036 30036 30036 30036 30036 30036 30036 30036 30036 30036 30036 30036 2 30036 30036 30036 2 30036 3 30036 4 30036 30036 30036 1 30036 30036 30036 1 3 30036 30036 30036 30036 30036 30036 30036 
48 3000 30036 30036 4 30036 30036 30036 30036 1 30036 30036 30036 30036 30036 30036 30036 30036 30036 1 30036 30036 30036 30036 4 30036 30036 30036 30036 30036 30036 30036 30036 30036 30036 30036 30036 30036 30036 30036 30036 30036 30036 0 30036 30036 30036 30036 30036 30036 30036 30036 30036 30036 30036 30036 30036 4 30036 30036 30036 30036 30036 30036 30036 30036 30036 30036 2 30036 30036 30036 30036 30036 30036 30036 3 3 3 30036 30036 30036 30036 30036 30036 30036 30036 30036 30036 30036 30036 30036 30036 30036 30036 30036 30036 30036 30036 30036 30036 30036 
49 3000 30036 3 30036 30036 30036 30036 30036 30036 30036 30036 30036 30036 30036 30036 30036 30036 30036 30036 30036 30036 30036 30036 30036 0 30036 30036 30036 30036 30036 30036 30036 30036 30036 30036 30036 30036 3 30036 30036 30036 30036 30036 30036 30036 30036 30036 30036 30036 30036 30036 30036 30036 30036 30036 30036 30036 30036 30036 3 30036 30036 30036 30036 30036 30036 0 30036 30036 30036 30036 30036 30036 30036 30036 30036 30036 30036 30036 30036 30036 3 30036 1 30036 1 30036 4 30036 30036 30036 3 30036 30036 30036 30036 30036 30036 30036 30036 30036 
50 3000 30036 30036 30036 30036 30036 3 30036 30036 4 30036 30036 30036 1 30036 30036 30036 1 30036 4 2 30036 30036 30036 30036 30036 30036 30036 30036 3 30036 30036 30036 30036 30036 30036 1 2 30036 30036 30036 30036 2 30036 30036 30036 30036 30036 30036 30036 30036 30036 30036 30036 30036 30036 30036 30036 30036 30036 30036 30036 30036 30036 30036 30036 30036 30036 30036 30036 30036 30036 30036 30036 30036 30036 30036 30036 30036 30036 30036 30036 30036 30036 30036 30036 30036 30036 30036 30036 30036 30036 30036 30036 30036 30036 30036 30036 30036 30036 30036 
51 3000 30036 30036 30036 30036 30036 30036 30036 30036 30036 2 30036 30036 30036 30036 30036 4 30036 30036 30036 30036 30036 1 30036 30036 30036 30036 30036 30036 30036 30036 30036 4 30036 30036 30036 30036 30036 30036 30036 30036 30036 30036 30036 30036 30036 30036 30036 30036 30036 30036 30036 30036 0 30036 30036 30036 30036 30036 30036 30036 30036 30036 30036 30036 4 30036 30036 30036 30036 30036 30036 30036 30036 30036 30036 30036 30036 30036 30036 3 4 4 30036 30036 30036 30036 30036 30036 30036 30036 30036 30036 2 30036 30036 30036 30036 30036 30036 30036 
52 3000 30036 30036 30036 30036 30036 2 30036 30036 30036 30036 30036 30036 30036 30036 30036 30036 30036 30036 30036 30036 30036 30036 30036 30036 30036 30036 30036 30036 30036 30036 30036 30036 30036 30036 2 30036 30036 30036 30036 30036 30036 30036 3 30036 30036 30036 30036 4 0 0 30036 30036 30036 30036 30036 30036 30036 30036 30036 30036 1 30036 30036 30036 4 30036 30036 30036 30036 30036 30036 30036 30036 30036 30036 30036 30036 30036 30036 30036 30036 30036 1 30036 30036 30036 30036 30036 30036 30036 30036 1 30036 30036 30036 30036 30036 30036 30036 30036 
53 3000 30036 30036 0 30036 30036 30036 30036 30036 30036 30036 2 30036 30036 30036 2 30036 30036 30036 30036 30036 30036 30036 30036 30036 30036 30036 30036 30036 30036 30036 30036 30036 2 30036 30036 30036 30036 30036 1 30036 30036 2 4 30036 3 30036 30036 30036 30036 30036 30036 30036 30036 30036 30036 2 30036 4 30036 30036 30036 30036 30036 30036 30036 30036 30036 30036 30036 30036 30036 30036 30036 30036 30036 30036 30036 30036 30036 30036 30036 30036 30036 30036 30036 30036 30036 30036 30036 30036 30036 30036 30036 30036 30036 30036 30036 30036 30036 30036 
54 3000 30036 30036 30036 30036 30036 30036 30036 30036 30036 30036 30036 30036 30036 30036 30036 30036 30036 30036 30036 30036 30036 30036 30036 30036 30036 30036 30036 2 30036 30036 30036 30036 30036 30036 30036 1 30036 30036 0 30036 30036 30036 30036 30036 30036 30036 30036 30036 30036 30036 30036 30036 2 30036 30036 30036 30036 30036 30036 4 30036 30036 30036 30036 30036 30036 30036 2 3 0 30036 30036 30036 30036 30036 30036 30036 30036 30036 30036 30036 30036 30036 30036 30036 30036 30036 30036 2 30036 30036 30036 30036 30036 1 30036 30036 30036 30036 30036 
55 3000 30036 30036 1 30036 30036 30036 30036 30036 30036 30036 30036 4 30036 30036 30036 30036 30036 30036 30036 30036 30036 30036 30036 30036 30036 30036 30036 30036 30036 30036 30036 30036 30036 30036 30036 30036 30036 30036 30036 30036 1 30036 30036 30036 30036 2 30036 2 30036 30036 30036 30036 30036 30036 30036 0 30036 30036 4 30036 30036 30036 30036 30036 30036 0 30036 30036 30036 30036 30036 30036 30036 2 30036 3 30036 30036 30036 30036 30036 30036 30036 30036 30036 30036 30036 30036 30036 30036 30036 30036 30036 30036 30036 30036 30036 30036 30036 30036 
56 3000 30036 1 30036 30036 30036 30036 30036 30036 30036 30036 30036 30036 30036 30036 30036 30036 30036 30036 4 30036 30036 30036 30036 30036 30036 30036 30036 30036 30036 30036 30036 30036 30036 30036 30036 30036 30036 30036 30036 30036 3 30036 30036 30036 30036 30036 30036 30036 30036 30036 30036 30036 30036 30036 30036 30036 30036 30036 30036 30036 0 3 30036 2 4 30036 30036 30036 30036 30036 3 30036 30036 30036 30036 2 30036 30036 30036 30036 30036 30036 30036 30036 3 30036 30036 30036 30036 30036 30036 30036 30036 30036 30036 30036 30036 30036 30036 30036 
57 3000 30036 30036 2 30036 30036 30036 4 30036 30036 30036 30036 30036 30036 30036 30036 30036 30036 30036 30036 30036 30036 30036 30036 30036 30036 30036 30036 30036 30036 30036 30036 30036 30036 30036 30036 30036 30036 30036 30036 30036 30036 0 30036 30036 30036 2 30036 30036 30036 30036 30036 0 30036 4 30036 30036 30036 30036 30036 30036 30036 30036 30036 30036 30036 3 0 30036 30036 30036 30036 30036 30036 30036 30036 30036 30036 30036 30036 30036 30036 0 30036 30036 30036 30036 30036 30036 0 30036 30036 30036 30036 30036 30036 30036 30036 30036 30036 30036 
58 3000 30036 30036 30036 30036 30036 30036 30036 30036 30036 30036 30036 30036 30036 30036 30036 30036 30036 30036 30036 30036 30036 30036 1 30036 30036 0 30036 30036 30036 30036 30036 30036 30036 30036 30036 30036 30036 30036 3 30036 30036 30036 30036 30036 30036 30036 30036 30036 30036 30036 30036 4 30036 30036 30036 30036 30036 30036 30036 30036 30036 30036 30036 30036 30036 2 30036 30036 30036 30036 30036 30036 30036 30036 30036 30036 30036 30036 0 30036 30036 30036 30036 30036 30036 30036 30036 30036 0 3 30036 30036 1 30036 0 30036 30036 30036 30036 30036 
59 3000 30036 30036 30036 30036 30036 30036 30036 30036 30036 30036 30036 30036 30036 1 30036 30036 2 30036 30036 30036 30036 30036 30036 30036 30036 30036 30036 30036 30036 30036 30036 30036 30036 30036 30036 30036 30036 30036 30036 30036 3 30036 30036 30036 30036 30036 30036 2 30036 2 30036 30036 30036 30036 1 30036 30036 30036 30036 30036 30036 30036 30036 30036 4 30036 0 30036 30036 30036 30036 30036 30036 30036 30036 30036 30036 30036 30036 30036 30036 30036 30036 3 30036 30036 30036 30036 30036 30036 3 30036 30036 30036 30036 30036 30036 30036 30036 30036 
60 3000 30036 30036 30036 30036 30036 30036 30036 30036 30036 30036 30036 30036 30036 30036 30036 30036 30036 30036 30036 30036 0 30036 30036 30036 30036 30036 30036 30036 30036 1 30036 30036 30036 30036 30036 30036 30036 30036 30036 30036 30036 30036 30036 30036 30036 30036 30036 30036 30036 30036 30036 30036 30036 30036 1 30036 30036 30036 30036 30036 30036 30036 30036 30036 30036 30036 30036 30036 30036 30036 30036 30036 30036 30036 30036 30036 30036 30036 30036 1 30036 30036 30036 30036 3 30036 30036 30036 2 4 30036 30036 30036 30036 30036 30036 3 30036 4 1 
61 3000 30036 30036 30036 30036 30036 30036 30036 30036 30036 30036 30036 30036 30036 30036 3 30036 30036 30036 30036 30036 30036 30036 30036 30036 30036 30036 30036 30036 30036 30036 30036 30036 30036 30036 30036 30036 30036 4 30036 30036 30036 30036 30036 30036 30036 30036 30036 30036 30036 30036 30036 30036 30036 30036 30036 30036 30036 30036 30036 4 1 30036 3 3 30036 30036 30036 30036 30036 30036 30036 3 30036 30036 30036 1 30036 30036 30036 30036 30036 30036 1 30036 30036 30036 30036 30036 30036 30036 30036 30036 30036 30036 30036 30036 30036 30036 4 30036 
62 3000 30036 30036 30036 1 30036 30036 30036 30036 30036 30036 30036 30036 30036 30036 30036 3 30036 30036 30036 30036 30036 30036 30036 30036 30036 30036 30036 30036 2 30036 30036 4 1 30036 30036 30036 30036 30036 30036 30036 30036 30036 30036 30036 30036 30036 30036 30036 30036 4 30036 30036 30036 3 30036 0 30036 30036 30036 30036 30036 30036 1 30036 30036 30036 30036 30036 1 30036 30036 30036 30036 30036 30036 30036 30036 30036 30036 30036 30036 30036 30036 30036 30036 30036 30036 30036 30036 30036 30036 30036 30036 30036 30036 30036 30036 30036 30036 30036 
63 3000 30036 1 30036 30036 30036 4 30036 3 30036 30036 30036 30036 30036 30036 30036 30036 30036 30036 30036 30036 30036 30036 30036 30036 30036 30036 30036 30036 30036 30036 30036 30036 30036 30036 30036 30036 30036 30036 1 30036 30036 4 30036 30036 30036 30036 30036 30036 30036 30036 30036 30036 3 30036 30036 30036 30036 30036 30036 30036 30036 30036 30036 4 4 30036 30036 30036 30036 30036 30036 4 30036 30036 3 30036 30036 30036 30036 30036 30036 30036 30036 30036 30036 30036 30036 30036 30036 30036 30036 30036 30036 30036 30036 30036 30036 30036 30036 30036 
64 3000 30036 30036 30036 30036 30036 30036 30036 30036 30036 30036 30036 30036 30036 30036 30036 30036 30036 30036 30036 30036 30036 30036 30036 30036 30036 30036 30036 30036 30036 30036 30036 30036 30036 3 2 3 30036 30036 30036 30036 30036 30036 30036 30036 30036 30036 30036 30036 30036 30036 30036 30036 30036 30036 30036 30036 30036 30036 2 30036 30036 30036 30036 30036 30036 30036 30036 4 30036 30036 30036 30036 0 30036 30036 30036 30036 3 30036 0 30036 30036 30036 30036 30036 30036 2 3 30036 30036 30036 30036 30036 30036 30036 30036 30036 30036 30036 30036 
65 3000 30036 30036 30036 2 30036 30036 1 30036 30036 30036 30036 30036 30036 30036 30036 30036 30036 30036 30036 30036 30036 30036 30036 30036 30036 2 30036 30036 30036 30036 30036 30036 30036 30036 30036 1 30036 30036 4 30036 30036 30036 30036 30036 30036 30036 2 30036 30036 30036 30036 1 30036 30036 30036 30036 30036 30036 30036 30036 30036 30036 30036 0 30036 30036 30036 2 30036 30036 30036 30036 0 30036 30036 30036 30036 30036 30036 30036 30036 30036 30036 30036 30036 30036 30036 30036 30036 30036 30036 30036 30036 30036 30036 30036 30036 30036 30036 30036 
66 3000 30036 30036 30036 30036 30036 30036 30036 30036 30036 4 3 30036 30036 30036 30036 30036 2 30036 1 4 30036 30036 30036 30036 30036 30036 1 30036 30036 30036 3 30036 30036 30036 30036 30036 30036 30036 30036 30036 30036 30036 30036 30036 30036 30036 30036 30036 30036 30036 1 30036 30036 30036 4 30036 30036 30036 30036 3 30036 30036 30036 30036 30036 30036 30036 30036 30036 30036 30036 30036 30036 30036 30036 30036 30036 30036 30036 30036 30036 30036 30036 30036 30036 30036 30036 30036 30036 30036 30036 30036 30036 30036 30036 30036 30036 30036 30036 30036 
67 3000 30036 30036 30036 30036 30036 30036 30036 0 30036 30036 30036 30036 30036 30036 30036 30036 30036 30036 30036 3 30036 30036 30036 30036 30036 30036 30036 30036 30036 30036 30036 30036 30036 30036 30036 1 30036 1 30036 30036 3 30036 30036 30036 4 30036 30036 30036 30036 1 30036 30036 30036 30036 30036 30036 30036 30036 30036 30036 30036 30036 30036 30036 30036 30036 30036 30036 30036 30036 30036 30036 30036 30036 30036 2 30036 4 30036 30036 30036 30036 30036 30036 30036 30036 30036 30036 30036 30036 30036 30036 30036 2 30036 30036 30036 30036 30036 30036 
68 3000 30036 30036 30036 30036 30036 30036 30036 30036 30036 30036 30036 1 30036 30036 30036 30036 30036 0 30036 30036 30036 30036 30036 30036 30036 30036 1 30036 30036 30036 4 30036 30036 0 30036 30036 30036 30036 30036 2 30036 30036 30036 30036 30036 30036 30036 30036 30036 30036 30036 30036 30036 30036 30036 30036 30036 30036 30036 30036 30036 30036 30036 30036 30036 30036 30036 30036 4 30036 30036 30036 30036 30036 1 30036 30036 3 30036 30036 30036 30036 3 30036 30036 30036 30036 30036 30036 30036 30036 30036 30036 30036 30036 30036 30036 30036 30036 30036 
69 3000 4 30036 30036 30036 30036 30036 30036 30036 30036 30036 30036 30036 30036 3 30036 30036 30036 30036 2 30036 30036 30036 30036 30036 30036 30036 30036 2 30036 30036 30036 30036 30036 30036 30036 30036 30036 1 30036 30036 30036 30036 2 2 2 30036 30036 30036 2 30036 30036 30036 30036 3 30036 30036 30036 30036 30036 30036 30036 30036 30036 30036 30036 30036 30036 30036 30036 30036 30036 30036 30036 30036 30036 30036 30036 30036 30036 30036 30036 30036 30036 30036 30036 30036 30036 30036 30036 30036 30036 30036 30036 30036 30036 30036 30036 30036 30036 30036 
70 3000 30036 30036 30036 30036 30036 30036 30036 30036 30036 30036 30036 30036 30036 30036 3 30036 2 30036 30036 30036 30036 30036 30036 30036 30036 30036 30036 30036 30036 2 30036 30036 1 30036 30036 30036 30036 30036 0 30036 30036 30036 30036 30036 30036 30036 30036 30036 30036 30036 30036 30036 30036 30036 1 30036 30036 30036 30036 30036 30036 30036 30036 1 30036 30036 30036 4 30036 30036 4 30036 30036 30036 3 30036 30036 30036 30036 30036 30036 30036 30036 30036 30036 30036 30036 30036 30036 30036 30036 30036 30036 30036 30036 30036 30036 30036 30036 30036 
71 3000 4 30036 30036 30036 30036 30036 1 30036 30036 30036 4 30036 30036 30036 30036 30036 2 30036 30036 30036 30036 30036 30036 30036 30036 30036 30036 30036 0 30036 30036 30036 0 30036 30036 30036 30036 30036 30036 30036 30036 30036 30036 30036 30036 30036 30036 30036 30036 30036 30036 30036 30036 30036 30036 0 30036 4 30036 30036 30036 30036 30036 30036 30036 30036 30036 30036 30036 30036 30036 30036 30036 30036 30036 30036 1 30036 30036 30036 30036 30036 30036 30036 30036 30036 30036 1 30036 30036 30036 30036 30036 30036 30036 30036 30036 30036 30036 30036 
72 3000 30036 30036 30036 30036 30036 30036 30036 30036 2 30036 30036 30036 30036 30036 30036 2 30036 30036 30036 30036 30036 30036 30036 2 30036 30036 30036 30036 30036 30036 30036 30036 30036 30036 30036 30036 30036 30036 0 30036 30036 30036 30036 30036 30036 30036 30036 0 30036 30036 30036 30036 30036 30036 30036 30036 30036 30036 30036 30036 30036 30036 30036 30036 30036 30036 30036 30036 30036 2 30036 30036 30036 30036 30036 30036 30036 30036 30036 30036 4 30036 30036 2 30036 30036 30036 30036 30036 30036 30036 30036 30036 30036 30036 4 30036 30036 30036 3 
73 3000 30036 30036 30036 30036 30036 30036 30036 30036 30036 30036 30036 30036 30036 30036 4 30036 30036 30036 30036 30036 30036 30036 30036 30036 30036 30036 30036 30036 30036 30036 30036 1 30036 30036 30036 30036 3 30036 30036 30036 30036 30036 30036 30036 30036 30036 3 30036 30036 30036 30036 30036 30036 30036 30036 30036 30036 30036 30036 30036 30036 30036 30036 30036 0 30036 30036 30036 30036 30036 2 30036 30036 30036 30036 30036 30036 30036 30036 30036 2 4 30036 30036 3 30036 30036 30036 30036 30036 30036 30036 30036 2 30036 30036 30036 30036 30036 30036 
74 3000 30036 30036 30036 30036 30036 30036 30036 30036 30036 30036 30036 30036 4 30036 30036 30036 30036 30036 30036 2 30036 30036 30036 30036 30036 30036 30036 30036 30036 30036 30036 30036 30036 30036 30036 30036 3 30036 30036 30036 30036 30036 30036 30036 30036 30036 30036 30036 30036 30036 30036 2 30036 30036 30036 30036 30036 30036 30036 4 30036 30036 30036 30036 30036 30036 30036 4 30036 30036 30036 30036 30036 30036 30036 4 30036 30036 30036 30036 30036 30036 30036 30036 30036 30036 30036 30036 30036 30036 3 4 30036 30036 30036 30036 30036 2 30036 30036 
75 3000 30036 30036 30036 30036 30036 30036 30036 30036 30036 3 30036 30036 30036 30036 30036 30036 30036 30036 30036 30036 30036 30036 30036 2 30036 30036 30036 30036 30036 30036 30036 30036 30036 30036 30036 30036 30036 30036 30036 30036 30036 30036 4 30036 30036 3 30036 30036 30036 30036 30036 30036 30036 1 30036 30036 30036 30036 30036 2 30036 30036 30036 3 30036 30036 30036 3 30036 30036 30036 30036 3 30036 30036 30036 30036 30036 30036 30036 30036 30036 30036 30036 30036 30036 1 30036 30036 30036 30036 30036 30036 30036 30036 30036 30036 30036 30036 30036 
76 3000 30036 30036 30036 30036 30036 30036 30036 30036 30036 30036 30036 30036 30036 30036 30036 0 30036 30036 30036 30036 30036 30036 30036 30036 30036 30036 3 30036 30036 30036 30036 30036 30036 30036 30036 30036 30036 30036 30036 30036 30036 30036 30036 30036 30036 30036 30036 30036 30036 30036 30036 30036 30036 30036 30036 30036 30036 30036 30036 30036 30036 30036 30036 30036 3 30036 3 30036 30036 30036 30036 30036 30036 30036 30036 30036 30036 30036 30036 30036 30036 30036 30036 30036 30036 30036 30036 30036 30036 30036 30036 30036 3 30036 30036 3 1 3 4 2 
77 3000 30036 30036 30036 30036 4 30036 30036 30036 30036 30036 4 30036 30036 30036 30036 30036 30036 30036 1 30036 1 0 30036 30036 30036 30036 30036 30036 30036 30036 30036 30036 30036 30036 30036 30036 30036 30036 30036 30036 30036 30036 30036 30036 4 30036 30036 30036 30036 4 30036 30036 30036 0 30036 30036 30036 1 30036 30036 30036 30036 30036 30036 30036 30036 30036 30036 30036 30036 30036 30036 30036 30036 30036 30036 4 30036 30036 30036 30036 30036 30036 30036 30036 30036 30036 30036 30036 30036 30036 30036 30036 30036 30036 30036 30036 30036 30036 30036 
78 3000 30036 30036 30036 30036 30036 30036 3 30036 30036 30036 30036 4 30036 30036 30036 30036 30036 30036 30036 30036 30036 30036 30036 30036 30036 30036 30036 30036 30036 30036 30036 30036 30036 30036 30036 30036 30036 30036 30036 30036 30036 30036 30036 30036 30036 30036 30036 30036 30036 30036 30036 30036 30036 30036 30036 30036 3 30036 30036 30036 30036 4 30036 30036 30036 30036 30036 30036 3 30036 30036 30036 30036 30036 2 30036 4 30036 1 30036 30036 30036 30036 30036 3 30036 30036 4 30036 30036 30036 30036 30036 30036 30036 30036 30036 30036 30036 30036 
79 3000 3 30036 30036 30036 30036 30036 30036 30036 30036 30036 30036 0 30036 30036 1 1 30036 30036 3 30036 30036 30036 30036 30036 1 4 30036 30036 30036 4 3 30036 30036 30036 30036 30036 30036 30036 30036 30036 30036 30036 3 30036 30036 30036 30036 30036 30036 30036 30036 30036 30036 30036 30036 30036 30036 30036 30036 30036 30036 30036 30036 30036 30036 30036 30036 30036 30036 30036 30036 30036 30036 30036 30036 30036 30036 30036 30036 30036 30036 30036 30036 30036 30036 30036 30036 30036 30036 30036 30036 30036 30036 30036 30036 30036 30036 30036 30036 30036 
80 3000 4 30036 1 30036 30036 30036 4 30036 30036 30036 30036 30036 30036 1 30036 30036 30036 30036 30036 30036 30036 30036 30036 1 30036 30036 30036 30036 30036 30036 30036 3 30036 30036 30036 30036 30036 30036 30036 30036 30036 30036 30036 30036 30036 30036 30036 30036 30036 30036 30036 30036 30036 30036 30036 30036 30036 30036 30036 30036 30036 4 30036 30036 30036 30036 30036 30036 30036 30036 30036 3 30036 30036 30036 30036 30036 30036 30036 30036 30036 30036 30036 30036 30036 30036 30036 30036 30036 0 30036 30036 30036 1 30036 30036 30036 30036 30036 30036 
81 3000 30036 30036 30036 30036 30036 30036 30036 30036 30036 30036 30036 30036 30036 30036 30036 30036 30036 30036 30036 30036 30036 30036 30036 30036 30036 30036 30036 30036 4 0 30036 30036 30036 30036 30036 30036 30036 30036 30036 1 30036 30036 30036 30036 30036 30036 30036 30036 30036 30036 0 30036 4 30036 30036 3 30036 30036 30036 30036 30036 30036 0 30036 1 30036 30036 30036 30036 30036 30036 30036 30036 30036 30036 30036 0 30036 30036 30036 30036 30036 30036 30036 30036 30036 30036 30036 1 30036 30036 30036 30036 30036 30036 30036 30036 30036 30036 30036 
82 3000 30036 4 30036 30036 30036 30036 30036 30036 30036 30036 30036 1 30036 30036 30036 30036 30036 30036 30036 30036 30036 30036 30036 30036 30036 30036 30036 30036 30036 30036 0 30036 30036 30036 30036 30036 30036 0 30036 30036 30036 30036 30036 1 30036 30036 30036 30036 30036 4 30036 0 30036 30036 30036 30036 0 30036 30036 3 30036 30036 30036 30036 30036 30036 30036 2 30036 30036 30036 30036 30036 30036 30036 30036 30036 30036 30036 30036 30036 30036 30036 30036 30036 30036 30036 30036 30036 30036 30036 30036 30036 30036 30036 30036 30036 30036 30036 30036 
83 3000 30036 30036 30036 30036 30036 30036 30036 30036 30036 30036 30036 30036 30036 30036 30036 30036 1 30036 30036 30036 30036 30036 30036 30036 30036 30036 4 30036 30036 30036 30036 30036 30036 30036 30036 30036 30036 30036 30036 30036 30036 30036 30036 30036 30036 30036 30036 30036 30036 30036 30036 30036 30036 0 30036 30036 30036 30036 3 0 30036 30036 30036 30036 30036 30036 30036 30036 30036 30036 30036 30036 30036 30036 30036 30036 30036 30036 1 30036 30036 30036 30036 30036 30036 0 30036 30036 30036 30036 30036 30036 30036 1 30036 4 2 30036 30036 30036 
84 3000 30036 2 30036 30036 30036 30036 30036 30036 30036 30036 30036 30036 30036 30036 30036 30036 30036 30036 30036 30036 30036 30036 30036 30036 30036 30036 30036 30036 30036 30036 30036 30036 30036 30036 4 30036 30036 30036 30036 30036 30036 30036 30036 30036 30036 30036 30036 30036 30036 30036 1 30036 30036 30036 30036 30036 30036 30036 30036 30036 30036 1 30036 30036 30036 1 30036 30036 30036 30036 30036 30036 30036 30036 30036 30036 30036 30036 30036 30036 3 4 30036 30036 2 30036 30036 30036 4 30036 3 30036 30036 30036 30036 30036 30036 30036 30036 30036 
85 3000 30036 1 1 4 30036 30036 30036 30036 30036 3 30036 30036 30036 0 30036 30036 30036 30036 30036 30036 30036 30036 30036 30036 30036 30036 30036 30036 30036 30036 30036 30036 30036 30036 30036 30036 30036 3 4 30036 30036 30036 30036 30036 30036 1 2 30036 30036 30036 3 30036 30036 30036 30036 30036 30036 30036 30036 30036 30036 30036 30036 30036 30036 30036 30036 30036 30036 30036 30036 30036 30036 30036 30036 30036 30036 30036 30036 30036 30036 30036 30036 30036 30036 30036 30036 30036 30036 30036 30036 30036 30036 30036 30036 30036 30036 30036 30036 30036 
86 3000 30036 30036 30036 30036 30036 30036 30036 30036 4 30036 30036 30036 30036 30036 30036 30036 30036 30036 30036 30036 30036 30036 30036 30036 30036 30036 30036 30036 30036 30036 30036 30036 30036 3 30036 30036 30036 3 30036 30036 30036 30036 30036 30036 30036 30036 0 3 30036 30036 30036 30036 30036 30036 30036 2 30036 30036 30036 30036 30036 30036 30036 30036 30036 3 30036 30036 30036 30036 2 3 30036 30036 30036 30036 30036 30036 30036 30036 30036 30036 30036 30036 30036 30036 30036 2 30036 30036 30036 30036 30036 30036 30036 30036 30036 30036 30036 30036 
87 3000 30036 30036 30036 30036 30036 30036 30036 30036 30036 30036 30036 2 30036 30036 30036 30036 30036 30036 30036 30036 30036 2 30036 30036 30036 30036 30036 30036 30036 30036 30036 30036 30036 2 30036 30036 30036 30036 30036 30036 30036 30036 30036 30036 30036 30036 0 30036 30036 30036 2 30036 30036 30036 30036 30036 3 30036 30036 30036 30036 30036 30036 30036 30036 30036 30036 30036 30036 30036 30036 30036 30036 30036 30036 30036 30036 4 30036 30036 30036 30036 30036 30036 30036 30036 30036 30036 30036 30036 30036 4 0 30036 30036 30036 30036 30036 30036 2 
88 3000 30036 30036 2 30036 30036 30036 0 30036 30036 30036 30036 30036 30036 30036 0 30036 30036 30036 30036 30036 30036 30036 30036 30036 30036 30036 30036 30036 30036 30036 30036 30036 30036 30036 30036 30036 30036 30036 30036 30036 0 30036 30036 30036 30036 30036 30036 3 30036 30036 2 30036 30036 30036 30036 30036 30036 30036 30036 30036 30036 30036 30036 30036 30036 30036 0 30036 30036 30036 30036 30036 30036 30036 30036 30036 0 30036 30036 30036 30036 30036 30036 3 30036 30036 30036 30036 30036 30036 30036 2 30036 30036 30036 30036 30036 30036 30036 30036 
89 3000 30036 30036 30036 30036 30036 30036 30036 30036 0 2 30036 30036 30036 30036 0 30036 30036 30036 30036 30036 30036 30036 30036 0 30036 30036 30036 3 30036 30036 30036 30036 30036 30036 30036 30036 30036 30036 30036 30036 30036 30036 30036 30036 30036 30036 30036 30036 4 30036 3 30036 30036 30036 30036 30036 30036 30036 30036 2 30036 4 30036 30036 30036 30036 30036 30036 30036 30036 30036 30036 30036 30036 0 30036 30036 30036 30036 30036 30036 30036 30036 30036 30036 30036 30036 30036 30036 30036 30036 30036 30036 30036 30036 30036 30036 30036 30036 30036 
90 3000 30036 30036 30036 30036 30036 30036 0 1 30036 3 30036 30036 3 30036 30036 30036 0 2 30036 30036 30036 30036 30036 30036 30036 4 30036 30036 30036 1 2 30036 30036 30036 30036 30036 30036 30036 30036 30036 30036 30036 30036 30036 30036 30036 30036 30036 30036 30036 30036 1 30036 30036 30036 30036 30036 30036 30036 30036 30036 30036 30036 30036 30036 30036 30036 30036 30036 30036 30036 30036 30036 30036 30036 30036 30036 30036 30036 30036 30036 30036 30036 30036 30036 30036 30036 30036 30036 30036 30036 30036 30036 30036 30036 30036 30036 30036 30036 30036 
91 3000 30036 30036 30036 30036 30036 30036 30036 30036 30036 30036 30036 30036 1 30036 30036 30036 30036 30036 30036 30036 30036 30036 30036 4 30036 30036 30036 30036 30036 30036 30036 30036 30036 30036 30036 30036 30036 30036 30036 30036 30036 30036 30036 30036 30036 30036 30036 30036 30036 30036 30036 30036 3 30036 30036 30036 30036 30036 30036 30036 30036 30036 30036 30036 30036 30036 30036 30036 30036 30036 30036 30036 30036 30036 30036 30036 30036 1 30036 30036 30036 30036 30036 30036 30036 30036 30036 30036 30036 30036 30036 30036 30036 4 30036 1 3 3 1 3 
92 3000 4 30036 30036 30036 30036 30036 30036 30036 30036 30036 30036 30036 30036 30036 30036 30036 30036 30036 30036 1 30036 4 30036 30036 30036 30036 30036 30036 30036 30036 30036 30036 30036 30036 30036 30036 30036 30036 30036 30036 30036 30036 30036 30036 1 30036 30036 30036 30036 30036 30036 30036 30036 30036 30036 30036 30036 30036 30036 30036 30036 30036 30036 4 30036 30036 30036 30036 30036 30036 30036 30036 30036 30036 30036 30036 30036 30036 30036 30036 30036 30036 1 30036 30036 2 30036 30036 30036 1 30036 30036 30036 0 4 30036 30036 30036 30036 30036 
93 3000 30036 30036 30036 30036 30036 30036 30036 30036 30036 30036 4 30036 30036 30036 30036 30036 30036 3 30036 30036 30036 30036 1 1 30036 4 30036 30036 30036 30036 30036 30036 30036 30036 30036 30036 30036 30036 30036 30036 3 30036 30036 30036 30036 30036 30036 30036 4 30036 30036 30036 30036 30036 30036 30036 1 30036 30036 30036 30036 4 30036 30036 30036 30036 30036 30036 30036 30036 30036 30036 30036 30036 30036 30036 0 30036 30036 30036 30036 30036 30036 30036 30036 30036 30036 30036 30036 30036 30036 30036 30036 30036 30036 30036 30036 30036 30036 30036 
94 3000 2 30036 30036 30036 30036 30036 30036 30036 30036 30036 30036 30036 30036 30036 30036 30036 30036 30036 30036 30036 30036 30036 30036 30036 4 30036 30036 30036 30036 30036 30036 30036 30036 30036 30036 30036 3 30036 30036 30036 30036 30036 30036 30036 30036 30036 30036 30036 30036 30036 30036 3 30036 30036 30036 30036 30036 1 30036 30036 30036 30036 30036 30036 30036 30036 3 30036 30036 2 30036 30036 30036 30036 30036 30036 30036 1 30036 30036 30036 30036 30036 30036 30036 30036 30036 3 30036 30036 4 30036 30036 30036 30036 30036 30036 30036 30036 30036 
95 3000 30036 30036 30036 30036 30036 30036 30036 30036 1 30036 30036 30036 30036 30036 0 2 30036 30036 0 30036 30036 30036 30036 30036 1 30036 30036 30036 4 30036 30036 30036 30036 30036 30036 2 30036 30036 30036 30036 30036 30036 30036 30036 30036 30036 30036 30036 30036 30036 30036 30036 30036 30036 30036 30036 30036 30036 30036 30036 30036 3 30036 30036 30036 30036 30036 30036 30036 30036 30036 30036 30036 3 30036 4 30036 30036 30036 30036 30036 30036 30036 30036 30036 30036 30036 30036 30036 30036 30036 30036 30036 30036 30036 30036 30036 30036 30036 30036 
96 3000 30036 30036 30036 30036 4 30036 30036 30036 30036 30036 30036 30036 30036 30036 30036 30036 30036 30036 30036 30036 30036 30036 30036 30036 30036 30036 30036 30036 30036 4 30036 30036 30036 30036 30036 30036 30036 30036 30036 30036 30036 30036 30036 30036 30036 30036 2 30036 30036 30036 30036 30036 30036 30036 30036 30036 30036 30036 30036 30036 30036 30036 30036 30036 30036 30036 4 30036 30036 30036 30036 3 2 1 30036 30036 30036 30036 30036 30036 30036 30036 30036 30036 30036 30036 30036 30036 30036 30036 30036 30036 30036 1 0 30036 30036 2 30036 30036 
97 3000 30036 30036 30036 30036 0 30036 30036 30036 30036 30036 30036 30036 30036 30036 30036 30036 30036 30036 30036 0 1 30036 30036 30036 30036 30036 30036 30036 30036 30036 30036 30036 30036 30036 30036 30036 0 30036 30036 30036 30036 30036 4 30036 4 30036 30036 30036 4 30036 30036 30036 30036 30036 30036 30036 30036 30036 30036 30036 30036 30036 30036 30036 30036 30036 30036 2 30036 30036 30036 30036 30036 30036 30036 30036 30036 30036 30036 30036 0 30036 30036 30036 30036 30036 30036 30036 30036 0 30036 30036 30036 30036 30036 30036 30036 30036 30036 30036 
98 3000 30036 4 30036 30036 30036 30036 30036 30036 30036 30036 30036 30036 30036 30036 30036 30036 1 3 30036 30036 30036 30036 0 30036 30036 0 30036 30036 30036 30036 2 30036 4 30036 30036 30036 30036 30036 30036 30036 30036 30036 30036 30036 30036 30036 30036 30036 30036 30036 30036 30036 30036 30036 30036 30036 30036 30036 30036 30036 30036 30036 30036 30036 30036 30036 30036 30036 1 30036 30036 30036 30036 30036 30036 30036 30036 4 3 30036 30036 30036 30036 30036 30036 30036 30036 30036 30036 30036 30036 30036 30036 30036 30036 30036 30036 30036 30036 30036 
99 3000 30036 30036 30036 30036 30036 30036 30036 30036 30036 30036 30036 30036 30036 30036 1 30036 30036 30036 30036 30036 30036 30036 4 30036 30036 30036 30036 30036 30036 30036 30036 30036 30036 30036 30036 30036 30036 30036 30036 30036 30036 30036 30036 30036 30036 30036 30036 0 30036 30036 30036 30036 30036 30036 30036 30036 30036 30036 30036 30036 30036 30036 30036 30036 30036 30036 30036 30036 30036 3 30036 30036 0 30036 30036 30036 30036 30036 30036 30036 3 30036 30036 30036 30036 4 30036 30036 30036 30036 30036 30036 1 3 30036 0 30036 30036 30036 30036 
100 3000 30036 30036 30036 30036 30036 30036 30036 30036 30036 30036 30036 30036 30036 30036 30036 30036 30036 30036 30036 30036 30036 3 30036 30036 30036 30036 30036 30036 30036 30036 30036 30036 30036 30036 30036 30036 2 0 30036 30036 30036 30036 1 30036 30036 30036 30036 30036 30036 30036 30036 30036 4 30036 30036 30036 30036 30036 30036 30036 30036 30036 30036 30036 30036 30036 30036 30036 30036 30036 1 30036 30036 30036 0 30036 30036 30036 30036 2 30036 30036 30036 0 30036 30036 2 30036 30036 30036 30036 30036 30036 30036 30036 30036 30036 30036 30036 30036 
