FILE: 2633GapCS.txt
100 100 0 
1 3000 30037 0 30037 30037 30037 30037 30037 3 30037 30037 30037 30037 30037 1 30037 30037 30037 30037 30037 30037 30037 1 30037 30037 30037 30037 30037 1 30037 30037 30037 30037 4 30037 30037 30037 30037 30037 30037 0 1 30037 30037 30037 30037 30037 30037 30037 30037 30037 30037 30037 30037 30037 30037 30037 30037 30037 30037 30037 30037 30037 3 30037 30037 30037 30037 30037 30037 30037 30037 30037 30037 30037 30037 30037 30037 30037 30037 4 30037 30037 30037 30037 30037 30037 30037 30037 30037 30037 30037 30037 30037 30037 30037 30037 30037 30037 30037 30037 
2 3000 30037 2 30037 30037 30037 30037 30037 30037 30037 30037 30037 30037 30037 0 30037 30037 30037 30037 30037 30037 30037 30037 30037 30037 30037 30037 30037 30037 30037 30037 30037 30037 30037 30037 30037 30037 30037 30037 30037 30037 30037 30037 30037 30037 30037 30037 30037 30037 30037 30037 30037 30037 30037 30037 30037 30037 30037 30037 30037 30037 30037 30037 2 30037 30037 30037 30037 30037 4 3 0 30037 30037 30037 2 30037 30037 30037 30037 30037 30037 30037 30037 30037 30037 30037 30037 3 30037 30037 30037 30037 30037 30037 30037 2 3 30037 30037 30037 
3 3000 2 30037 30037 3 30037 30037 30037 30037 30037 30037 30037 30037 30037 30037 30037 30037 30037 30037 0 3 1 30037 30037 30037 30037 30037 0 30037 30037 30037 30037 30037 30037 30037 30037 30037 30037 30037 30037 30037 30037 30037 30037 30037 30037 30037 1 30037 30037 30037 30037 30037 30037 30037 30037 30037 30037 30037 30037 30037 30037 30037 30037 30037 30037 4 30037 30037 30037 30037 30037 30037 30037 30037 30037 30037 30037 30037 30037 1 30037 4 30037 30037 30037 30037 30037 30037 30037 30037 30037 30037 30037 30037 30037 30037 30037 30037 30037 30037 
4 3000 30037 30037 30037 30037 30037 30037 30037 30037 30037 30037 30037 30037 4 30037 30037 30037 30037 30037 2 30037 30037 30037 30037 30037 30037 30037 30037 30037 30037 1 30037 30037 30037 30037 30037 30037 30037 30037 30037 30037 30037 30037 30037 30037 30037 0 30037 30037 30037 30037 30037 30037 30037 30037 30037 30037 30037 30037 30037 30037 30037 30037 30037 30037 30037 30037 30037 30037 30037 30037 30037 30037 30037 30037 3 30037 30037 30037 0 30037 30037 3 3 1 30037 30037 2 30037 30037 30037 30037 30037 30037 30037 30037 30037 30037 30037 30037 30037 
5 3000 30037 30037 30037 30037 0 30037 30037 30037 30037 30037 30037 30037 30037 1 30037 30037 30037 30037 30037 30037 30037 30037 30037 1 1 30037 30037 30037 30037 30037 30037 30037 4 30037 30037 30037 30037 30037 30037 30037 2 30037 30037 30037 30037 30037 30037 4 30037 30037 30037 30037 30037 30037 30037 30037 30037 30037 30037 30037 30037 30037 30037 30037 30037 30037 30037 30037 30037 30037 30037 30037 30037 30037 30037 30037 30037 30037 30037 30037 30037 30037 30037 30037 30037 3 30037 30037 2 30037 30037 0 30037 30037 30037 30037 30037 30037 30037 30037 
6 3000 30037 30037 30037 30037 30037 30037 30037 30037 30037 1 30037 30037 30037 30037 30037 30037 30037 30037 30037 30037 30037 30037 30037 2 30037 30037 30037 30037 30037 30037 30037 30037 30037 30037 30037 30037 2 30037 30037 30037 30037 30037 30037 30037 30037 2 30037 0 30037 30037 1 30037 30037 30037 30037 3 30037 2 30037 30037 30037 30037 30037 30037 30037 30037 30037 30037 2 30037 30037 30037 30037 30037 30037 30037 30037 1 30037 30037 30037 30037 30037 30037 30037 30037 30037 30037 30037 30037 30037 30037 30037 30037 30037 30037 30037 30037 30037 30037 
7 3000 30037 30037 30037 30037 30037 30037 30037 30037 30037 30037 30037 30037 30037 30037 30037 30037 30037 2 4 30037 30037 30037 30037 30037 1 30037 30037 3 30037 30037 30037 30037 30037 30037 30037 3 30037 30037 30037 2 30037 30037 30037 30037 30037 30037 30037 30037 30037 30037 30037 30037 30037 30037 30037 30037 30037 30037 30037 30037 30037 30037 30037 30037 2 30037 30037 4 30037 30037 30037 30037 30037 30037 30037 30037 30037 30037 3 30037 30037 30037 30037 30037 30037 30037 3 30037 30037 30037 30037 30037 30037 30037 30037 30037 30037 30037 30037 30037 
8 3000 30037 30037 30037 30037 30037 30037 30037 30037 30037 30037 30037 30037 30037 30037 30037 30037 30037 30037 30037 30037 30037 30037 30037 3 30037 30037 30037 30037 30037 30037 30037 30037 30037 30037 30037 4 1 30037 30037 30037 30037 1 30037 30037 30037 30037 30037 30037 30037 30037 30037 30037 30037 30037 30037 30037 0 30037 30037 30037 30037 30037 30037 30037 30037 30037 1 30037 30037 0 30037 30037 30037 30037 30037 30037 30037 30037 30037 3 30037 30037 30037 30037 30037 30037 1 2 30037 30037 30037 30037 30037 30037 30037 30037 30037 30037 30037 30037 
9 3000 30037 30037 30037 30037 30037 30037 30037 30037 30037 30037 30037 30037 30037 30037 30037 30037 4 30037 30037 30037 30037 30037 30037 30037 30037 30037 30037 30037 30037 30037 30037 30037 30037 30037 30037 30037 30037 30037 30037 30037 30037 30037 30037 30037 30037 30037 30037 30037 30037 30037 30037 30037 30037 30037 30037 30037 30037 30037 30037 30037 30037 30037 30037 30037 30037 30037 30037 30037 30037 30037 30037 30037 30037 30037 30037 30037 2 30037 30037 30037 30037 30037 30037 1 30037 30037 4 4 30037 30037 30037 2 30037 30037 30037 30037 1 2 2 4 
10 3000 30037 1 30037 30037 30037 30037 30037 30037 30037 30037 30037 30037 30037 30037 30037 30037 30037 30037 30037 30037 30037 30037 30037 30037 30037 30037 30037 30037 30037 30037 30037 30037 30037 30037 30037 30037 30037 30037 2 30037 30037 30037 30037 1 0 30037 30037 30037 30037 30037 4 30037 30037 30037 30037 30037 30037 30037 30037 4 30037 30037 30037 30037 30037 30037 30037 30037 30037 30037 30037 30037 30037 30037 30037 30037 30037 30037 30037 30037 30037 30037 30037 30037 30037 0 30037 0 30037 30037 0 30037 30037 30037 30037 4 30037 30037 30037 30037 
11 3000 30037 30037 30037 30037 30037 30037 30037 30037 30037 30037 30037 30037 30037 3 30037 30037 30037 30037 30037 30037 30037 30037 0 30037 30037 30037 30037 30037 30037 30037 30037 30037 3 1 30037 30037 30037 30037 30037 30037 30037 30037 30037 30037 30037 30037 30037 30037 30037 30037 30037 30037 30037 30037 30037 30037 30037 30037 30037 30037 1 30037 30037 30037 30037 30037 30037 30037 30037 30037 30037 30037 30037 30037 30037 30037 30037 30037 30037 30037 30037 30037 30037 30037 30037 30037 3 30037 30037 3 30037 30037 30037 0 0 30037 30037 4 30037 30037 
12 3000 30037 30037 30037 30037 4 30037 30037 30037 3 30037 30037 30037 30037 30037 30037 30037 30037 30037 30037 30037 30037 30037 30037 30037 30037 2 30037 30037 30037 30037 30037 30037 4 30037 30037 30037 30037 30037 30037 1 30037 30037 30037 30037 1 30037 30037 30037 30037 30037 30037 30037 3 30037 30037 30037 30037 30037 30037 0 30037 30037 30037 30037 0 30037 30037 30037 30037 30037 30037 30037 30037 30037 30037 4 30037 30037 30037 30037 30037 30037 30037 30037 30037 30037 30037 30037 30037 30037 30037 30037 30037 30037 30037 30037 30037 30037 30037 30037 
13 3000 30037 30037 30037 30037 30037 30037 2 30037 30037 30037 30037 3 30037 30037 30037 30037 30037 30037 30037 30037 30037 30037 4 30037 30037 30037 30037 30037 30037 30037 30037 2 4 30037 30037 30037 30037 30037 30037 30037 30037 30037 30037 30037 30037 30037 30037 30037 30037 30037 30037 30037 30037 30037 30037 30037 30037 30037 30037 30037 30037 30037 30037 4 30037 30037 30037 30037 30037 30037 30037 30037 30037 30037 30037 30037 30037 30037 30037 30037 30037 30037 30037 30037 30037 3 30037 30037 3 30037 30037 30037 30037 30037 30037 30037 30037 30037 0 3 
14 3000 30037 2 2 1 30037 30037 30037 30037 30037 30037 30037 30037 30037 30037 30037 30037 30037 30037 30037 30037 30037 30037 30037 30037 30037 30037 30037 0 30037 30037 30037 30037 30037 30037 30037 30037 30037 0 30037 30037 30037 30037 30037 30037 30037 30037 30037 30037 30037 30037 30037 30037 30037 30037 30037 30037 30037 30037 30037 30037 30037 0 30037 2 30037 30037 30037 30037 30037 30037 30037 30037 30037 30037 2 30037 30037 30037 30037 30037 1 30037 30037 30037 30037 30037 30037 0 30037 30037 30037 30037 30037 30037 30037 30037 30037 30037 30037 30037 
15 3000 30037 30037 30037 0 30037 30037 30037 30037 30037 30037 30037 3 4 1 30037 30037 30037 30037 30037 30037 2 30037 30037 30037 30037 30037 30037 30037 30037 30037 30037 30037 3 30037 30037 30037 30037 30037 30037 30037 30037 30037 30037 3 30037 30037 30037 30037 30037 30037 30037 1 4 4 30037 30037 30037 30037 30037 30037 30037 30037 30037 30037 30037 30037 30037 30037 30037 30037 30037 30037 30037 30037 30037 30037 30037 30037 30037 30037 30037 30037 30037 30037 30037 30037 30037 30037 30037 30037 30037 30037 30037 30037 30037 30037 30037 30037 30037 30037 
16 3000 30037 30037 30037 30037 30037 30037 30037 30037 30037 4 30037 4 0 30037 30037 30037 30037 30037 30037 30037 30037 1 30037 2 30037 30037 30037 30037 30037 30037 30037 30037 30037 30037 30037 30037 4 30037 30037 30037 30037 30037 30037 30037 30037 30037 30037 30037 30037 30037 30037 30037 30037 30037 30037 30037 30037 30037 30037 30037 30037 30037 30037 30037 30037 30037 2 30037 30037 30037 30037 30037 30037 30037 30037 30037 30037 30037 30037 0 30037 30037 30037 30037 3 30037 30037 30037 30037 30037 30037 30037 0 30037 30037 30037 30037 30037 30037 30037 
17 3000 30037 30037 30037 30037 30037 30037 30037 30037 30037 30037 30037 30037 2 30037 30037 30037 30037 30037 30037 4 30037 30037 30037 30037 30037 3 30037 30037 1 4 4 30037 30037 30037 30037 30037 30037 30037 30037 30037 30037 30037 30037 30037 30037 30037 30037 30037 30037 30037 30037 30037 30037 30037 4 4 30037 30037 30037 30037 30037 30037 30037 30037 30037 30037 30037 30037 1 30037 30037 30037 30037 30037 30037 30037 2 30037 30037 30037 30037 30037 30037 30037 30037 30037 30037 30037 30037 30037 30037 30037 30037 30037 30037 30037 30037 30037 30037 30037 
18 3000 30037 30037 30037 30037 30037 30037 30037 30037 0 30037 2 3 30037 30037 30037 30037 30037 4 30037 30037 30037 30037 30037 30037 30037 2 30037 30037 30037 30037 30037 30037 30037 30037 30037 3 30037 4 30037 30037 30037 30037 30037 30037 30037 30037 30037 30037 30037 30037 30037 30037 30037 30037 30037 30037 30037 30037 30037 30037 30037 30037 4 30037 30037 30037 30037 3 30037 30037 30037 30037 30037 30037 30037 2 30037 30037 30037 30037 30037 30037 30037 30037 30037 30037 30037 30037 30037 30037 30037 30037 30037 30037 30037 30037 30037 30037 30037 30037 
19 3000 30037 30037 30037 0 30037 30037 30037 30037 30037 30037 30037 30037 30037 30037 30037 30037 30037 30037 30037 30037 30037 30037 30037 4 30037 30037 30037 30037 1 30037 30037 30037 30037 30037 0 30037 30037 30037 4 30037 30037 30037 30037 30037 30037 30037 30037 30037 30037 30037 30037 30037 3 30037 30037 30037 30037 30037 3 30037 30037 30037 30037 30037 30037 30037 30037 30037 30037 30037 30037 30037 30037 30037 30037 30037 30037 30037 30037 30037 2 30037 30037 30037 4 30037 30037 30037 30037 30037 30037 30037 1 30037 30037 30037 30037 30037 30037 30037 
20 3000 0 30037 30037 30037 30037 30037 30037 0 30037 30037 30037 30037 30037 30037 30037 30037 30037 30037 30037 4 30037 30037 30037 4 30037 30037 30037 30037 30037 30037 30037 30037 30037 2 30037 30037 30037 30037 1 30037 30037 30037 30037 30037 30037 30037 30037 30037 30037 30037 30037 30037 30037 30037 30037 30037 30037 2 3 30037 3 30037 30037 30037 30037 30037 30037 0 30037 30037 30037 30037 30037 30037 30037 30037 30037 30037 30037 30037 30037 30037 30037 30037 30037 30037 30037 30037 30037 30037 30037 30037 30037 30037 30037 30037 30037 30037 30037 30037 
21 3000 30037 30037 30037 30037 30037 30037 30037 30037 30037 30037 30037 30037 30037 30037 30037 30037 30037 30037 30037 30037 30037 30037 30037 30037 30037 30037 30037 30037 30037 30037 30037 30037 30037 30037 30037 30037 30037 3 30037 4 2 30037 3 30037 30037 3 30037 30037 30037 30037 30037 30037 30037 30037 30037 30037 30037 30037 30037 30037 30037 1 30037 30037 2 30037 30037 30037 4 30037 30037 30037 30037 30037 30037 30037 30037 30037 30037 30037 30037 30037 4 30037 30037 30037 30037 30037 30037 30037 30037 30037 30037 30037 30037 30037 4 30037 30037 30037 
22 3000 30037 30037 30037 30037 30037 30037 30037 30037 30037 30037 30037 30037 3 30037 1 30037 30037 30037 30037 30037 30037 30037 30037 30037 30037 30037 30037 2 30037 30037 30037 30037 30037 30037 4 30037 30037 30037 1 30037 30037 30037 30037 30037 1 30037 30037 30037 30037 30037 30037 30037 30037 30037 30037 30037 30037 30037 30037 30037 30037 30037 30037 30037 30037 30037 30037 30037 30037 30037 30037 2 30037 30037 30037 30037 30037 30037 0 30037 30037 30037 30037 30037 0 30037 3 30037 30037 30037 30037 30037 30037 30037 30037 30037 30037 30037 30037 30037 
23 3000 30037 30037 30037 30037 30037 30037 30037 30037 30037 30037 30037 30037 3 30037 30037 30037 30037 30037 30037 30037 30037 30037 1 30037 30037 30037 4 30037 30037 30037 30037 30037 30037 30037 30037 30037 30037 30037 30037 30037 30037 30037 30037 30037 30037 30037 30037 30037 30037 30037 30037 30037 30037 30037 30037 30037 30037 30037 30037 30037 30037 30037 30037 30037 30037 30037 0 30037 30037 30037 2 30037 30037 30037 1 30037 30037 30037 30037 30037 3 30037 0 30037 30037 30037 30037 30037 3 30037 4 30037 30037 30037 30037 30037 30037 30037 30037 30037 
24 3000 30037 30037 30037 30037 30037 30037 0 30037 1 3 30037 30037 30037 30037 30037 30037 30037 30037 30037 30037 30037 30037 30037 30037 30037 30037 30037 30037 30037 30037 30037 30037 30037 30037 30037 30037 30037 30037 30037 30037 30037 30037 30037 30037 30037 30037 2 1 30037 30037 30037 30037 30037 30037 30037 30037 0 30037 30037 30037 30037 3 30037 30037 30037 30037 30037 0 30037 30037 4 30037 30037 30037 2 30037 30037 30037 30037 30037 30037 30037 30037 30037 30037 30037 30037 30037 30037 30037 30037 30037 30037 30037 30037 30037 30037 30037 30037 30037 
25 3000 30037 30037 1 2 30037 30037 30037 30037 30037 30037 30037 30037 30037 30037 30037 30037 30037 30037 30037 30037 30037 30037 30037 30037 30037 30037 30037 30037 30037 3 30037 4 30037 30037 30037 30037 30037 30037 30037 30037 30037 30037 30037 30037 30037 30037 30037 30037 30037 1 3 30037 30037 30037 30037 30037 30037 3 30037 30037 30037 30037 30037 30037 30037 30037 30037 30037 30037 30037 30037 30037 30037 30037 30037 30037 30037 30037 30037 30037 30037 30037 30037 30037 30037 30037 30037 30037 30037 30037 30037 30037 30037 30037 4 0 30037 30037 0 30037 
26 3000 30037 30037 30037 30037 30037 30037 30037 1 30037 30037 2 30037 30037 30037 30037 3 30037 30037 30037 30037 30037 30037 3 30037 3 30037 30037 30037 30037 30037 30037 30037 30037 30037 30037 30037 30037 30037 30037 30037 30037 30037 4 30037 30037 30037 30037 30037 30037 30037 30037 30037 30037 30037 30037 30037 30037 30037 1 30037 30037 30037 30037 30037 30037 30037 0 1 30037 30037 30037 30037 1 30037 30037 30037 30037 30037 30037 30037 30037 30037 30037 30037 30037 30037 30037 30037 30037 30037 30037 30037 30037 30037 30037 30037 30037 30037 30037 30037 
27 3000 30037 30037 30037 30037 30037 30037 30037 30037 30037 30037 30037 30037 30037 30037 30037 30037 30037 30037 4 30037 30037 30037 0 30037 30037 30037 30037 30037 30037 30037 30037 30037 30037 30037 30037 30037 2 30037 30037 30037 30037 30037 30037 30037 30037 30037 30037 30037 30037 30037 30037 3 30037 30037 30037 30037 30037 30037 2 0 30037 30037 30037 30037 30037 30037 30037 1 30037 30037 30037 30037 30037 30037 30037 3 30037 0 0 30037 30037 30037 30037 30037 30037 30037 30037 30037 30037 30037 30037 30037 30037 30037 30037 30037 30037 30037 30037 30037 
28 3000 30037 30037 3 30037 0 30037 1 1 30037 30037 0 0 30037 30037 30037 30037 30037 4 30037 30037 30037 30037 30037 30037 30037 30037 30037 30037 30037 30037 30037 30037 30037 30037 30037 3 30037 30037 30037 30037 30037 2 30037 30037 30037 30037 30037 30037 0 30037 30037 30037 30037 30037 30037 30037 30037 30037 30037 30037 30037 30037 30037 30037 30037 30037 30037 30037 30037 30037 30037 30037 30037 30037 30037 30037 30037 30037 30037 30037 30037 30037 30037 30037 30037 30037 30037 30037 30037 30037 30037 30037 30037 30037 30037 30037 30037 30037 30037 30037 
29 3000 30037 2 30037 30037 30037 2 30037 30037 30037 30037 30037 30037 30037 30037 30037 30037 30037 30037 3 30037 30037 30037 30037 30037 30037 30037 30037 30037 30037 30037 30037 30037 30037 30037 30037 30037 30037 30037 30037 30037 30037 1 30037 2 30037 30037 30037 30037 30037 30037 30037 30037 30037 30037 30037 30037 30037 30037 30037 30037 30037 30037 30037 30037 4 2 30037 30037 4 30037 30037 30037 0 1 30037 30037 30037 30037 30037 30037 30037 30037 30037 30037 30037 30037 30037 30037 30037 30037 30037 30037 30037 30037 30037 30037 30037 30037 30037 30037 
30 3000 30037 30037 30037 30037 30037 30037 30037 30037 30037 30037 30037 30037 30037 30037 30037 30037 30037 30037 30037 30037 3 30037 30037 30037 30037 30037 30037 2 30037 30037 30037 3 30037 0 30037 30037 30037 30037 30037 30037 30037 30037 30037 30037 30037 30037 30037 2 30037 30037 30037 30037 30037 30037 30037 30037 30037 30037 30037 30037 30037 30037 30037 30037 30037 30037 30037 30037 30037 30037 2 30037 30037 30037 30037 30037 30037 30037 30037 30037 30037 30037 30037 30037 30037 30037 0 4 30037 30037 30037 2 30037 0 30037 30037 30037 30037 30037 30037 
31 3000 30037 3 30037 30037 30037 30037 30037 30037 30037 30037 30037 30037 30037 30037 30037 30037 30037 0 30037 30037 30037 30037 30037 30037 30037 30037 30037 30037 30037 30037 30037 30037 4 30037 2 30037 30037 30037 30037 30037 30037 30037 30037 2 30037 30037 30037 3 30037 30037 30037 30037 30037 30037 30037 30037 30037 30037 30037 30037 30037 3 30037 30037 30037 2 30037 30037 30037 30037 30037 30037 30037 30037 30037 30037 30037 1 30037 30037 30037 30037 30037 30037 30037 30037 30037 30037 30037 30037 30037 3 30037 30037 30037 30037 30037 30037 30037 30037 
32 3000 30037 30037 30037 30037 30037 30037 30037 30037 30037 30037 30037 30037 30037 30037 3 30037 30037 30037 30037 30037 0 30037 30037 30037 30037 30037 3 30037 30037 30037 30037 30037 30037 30037 30037 30037 30037 1 0 30037 30037 30037 30037 30037 30037 30037 30037 30037 30037 30037 30037 30037 30037 30037 4 30037 30037 30037 30037 30037 30037 30037 30037 3 30037 30037 30037 30037 30037 30037 30037 30037 30037 30037 30037 2 30037 30037 3 30037 30037 30037 30037 4 30037 30037 30037 30037 30037 30037 30037 30037 30037 30037 30037 30037 30037 30037 30037 30037 
33 3000 4 30037 0 30037 4 30037 30037 30037 30037 30037 30037 30037 30037 30037 30037 30037 30037 30037 30037 30037 30037 30037 30037 30037 30037 30037 30037 30037 2 4 30037 30037 30037 30037 2 1 30037 30037 30037 30037 30037 30037 30037 30037 30037 30037 30037 30037 30037 2 30037 30037 30037 30037 30037 30037 30037 30037 30037 30037 30037 30037 30037 30037 30037 30037 30037 30037 30037 30037 3 30037 3 30037 30037 30037 30037 30037 30037 30037 30037 30037 30037 30037 30037 30037 30037 30037 30037 30037 30037 30037 30037 30037 30037 30037 30037 30037 30037 30037 
34 3000 30037 30037 30037 30037 30037 30037 1 30037 30037 30037 30037 30037 30037 30037 30037 30037 30037 30037 30037 30037 30037 30037 30037 30037 30037 30037 30037 30037 30037 30037 30037 30037 30037 30037 30037 30037 30037 30037 30037 30037 30037 30037 30037 30037 30037 30037 30037 30037 1 30037 30037 30037 30037 30037 30037 30037 30037 30037 30037 30037 30037 30037 30037 30037 30037 30037 30037 30037 30037 4 30037 30037 30037 0 30037 2 30037 2 1 30037 30037 30037 0 30037 30037 2 30037 30037 30037 0 30037 30037 30037 30037 30037 30037 30037 30037 30037 30037 
35 3000 30037 30037 30037 30037 30037 30037 30037 30037 30037 4 30037 30037 30037 30037 30037 30037 4 30037 30037 30037 30037 30037 30037 30037 30037 30037 30037 30037 30037 30037 30037 30037 30037 30037 30037 30037 30037 30037 30037 30037 30037 30037 30037 30037 30037 30037 30037 30037 30037 30037 30037 30037 30037 30037 3 30037 30037 30037 0 30037 30037 30037 30037 30037 30037 30037 30037 30037 30037 30037 30037 30037 30037 30037 30037 30037 30037 30037 30037 30037 30037 30037 30037 0 30037 30037 30037 30037 30037 30037 30037 3 30037 30037 30037 30037 0 3 4 4 
36 3000 30037 30037 30037 30037 30037 30037 30037 30037 30037 30037 30037 30037 30037 30037 30037 30037 2 30037 30037 30037 30037 30037 30037 30037 30037 0 30037 30037 30037 30037 30037 2 30037 30037 30037 30037 30037 30037 30037 30037 30037 30037 30037 30037 30037 0 30037 30037 30037 30037 30037 30037 30037 30037 30037 30037 30037 3 30037 30037 1 30037 30037 30037 30037 0 30037 30037 4 30037 30037 30037 30037 30037 1 30037 30037 30037 30037 3 30037 30037 30037 30037 30037 30037 30037 30037 30037 30037 30037 30037 30037 30037 30037 30037 30037 30037 30037 30037 
37 3000 30037 30037 30037 30037 30037 30037 30037 30037 30037 30037 30037 30037 30037 30037 30037 30037 3 30037 30037 4 30037 30037 30037 30037 1 30037 30037 30037 30037 30037 30037 30037 30037 30037 30037 30037 30037 30037 30037 30037 30037 30037 30037 30037 30037 30037 30037 30037 30037 2 30037 30037 30037 2 30037 30037 4 30037 30037 30037 30037 30037 30037 3 30037 30037 30037 30037 30037 30037 2 30037 30037 30037 30037 30037 30037 30037 1 30037 30037 30037 30037 30037 0 30037 30037 30037 30037 30037 30037 30037 30037 30037 30037 30037 30037 30037 30037 30037 
38 3000 30037 30037 30037 30037 30037 30037 30037 30037 30037 30037 30037 30037 30037 30037 30037 30037 30037 30037 30037 30037 30037 30037 30037 30037 30037 30037 30037 30037 30037 30037 30037 30037 30037 30037 30037 4 30037 30037 30037 30037 30037 30037 30037 30037 30037 4 30037 30037 30037 30037 30037 30037 30037 30037 30037 30037 30037 30037 30037 0 30037 30037 30037 30037 30037 0 30037 30037 30037 30037 30037 30037 3 4 30037 30037 30037 30037 0 30037 30037 30037 30037 30037 30037 30037 30037 30037 30037 1 30037 30037 30037 30037 30037 30037 30037 1 30037 4 
39 3000 30037 30037 30037 30037 30037 30037 30037 30037 30037 30037 30037 30037 30037 30037 30037 30037 30037 30037 30037 30037 30037 30037 30037 2 30037 3 30037 30037 30037 30037 30037 30037 30037 30037 30037 30037 30037 30037 30037 30037 30037 4 30037 30037 30037 30037 30037 30037 30037 1 0 30037 30037 30037 30037 30037 30037 30037 30037 30037 30037 30037 30037 0 30037 30037 30037 30037 30037 30037 30037 30037 30037 0 30037 30037 30037 30037 30037 30037 30037 0 30037 30037 30037 30037 30037 30037 1 30037 30037 30037 30037 4 30037 30037 30037 30037 30037 30037 
40 3000 30037 30037 30037 30037 30037 30037 30037 30037 30037 30037 30037 30037 30037 30037 30037 30037 30037 30037 30037 30037 30037 30037 30037 30037 30037 30037 30037 30037 30037 30037 30037 30037 30037 30037 30037 30037 30037 30037 0 30037 30037 30037 30037 30037 30037 30037 30037 30037 30037 30037 30037 30037 30037 30037 30037 30037 30037 30037 30037 30037 30037 30037 30037 30037 30037 30037 30037 30037 30037 30037 30037 1 30037 2 30037 30037 30037 4 30037 0 30037 30037 30037 30037 30037 30037 30037 30037 30037 30037 30037 4 0 4 30037 30037 3 2 30037 30037 
41 3000 30037 3 30037 0 30037 30037 30037 30037 2 30037 30037 30037 30037 30037 30037 30037 30037 30037 30037 30037 0 4 30037 30037 30037 30037 30037 30037 30037 0 3 30037 30037 30037 30037 30037 30037 30037 30037 30037 30037 30037 30037 30037 30037 3 30037 4 30037 30037 30037 30037 30037 30037 30037 30037 30037 30037 4 30037 30037 30037 30037 30037 30037 30037 30037 30037 30037 30037 30037 30037 30037 30037 30037 30037 30037 30037 30037 30037 30037 30037 30037 30037 30037 30037 30037 30037 30037 30037 30037 30037 30037 30037 30037 30037 30037 30037 30037 30037 
42 3000 30037 30037 30037 30037 30037 30037 30037 30037 30037 30037 4 30037 30037 30037 30037 30037 30037 30037 30037 30037 30037 30037 3 30037 30037 30037 30037 30037 30037 30037 30037 30037 30037 30037 30037 30037 30037 30037 30037 30037 30037 30037 30037 30037 30037 30037 30037 30037 1 30037 30037 30037 30037 30037 30037 30037 30037 30037 30037 30037 30037 4 30037 30037 0 30037 30037 30037 30037 30037 30037 30037 30037 0 0 30037 30037 30037 30037 30037 30037 3 30037 30037 4 30037 30037 30037 30037 30037 2 30037 30037 30037 30037 30037 30037 30037 30037 30037 
43 3000 30037 30037 30037 30037 30037 30037 0 30037 30037 30037 30037 30037 30037 30037 1 30037 30037 4 30037 30037 30037 30037 30037 30037 30037 30037 4 30037 30037 30037 3 30037 30037 30037 30037 30037 30037 30037 30037 30037 30037 30037 30037 30037 30037 30037 1 30037 30037 0 30037 30037 3 30037 30037 30037 30037 1 30037 30037 30037 30037 30037 30037 30037 30037 30037 30037 30037 30037 30037 30037 30037 30037 30037 30037 4 30037 30037 30037 30037 30037 30037 30037 30037 30037 30037 30037 30037 30037 30037 30037 30037 30037 30037 30037 30037 30037 30037 30037 
44 3000 30037 30037 30037 30037 30037 30037 30037 30037 30037 0 30037 30037 30037 30037 30037 30037 30037 30037 30037 30037 30037 30037 30037 30037 30037 30037 30037 30037 30037 30037 2 30037 30037 30037 30037 30037 30037 30037 30037 30037 30037 30037 30037 30037 30037 30037 30037 30037 30037 30037 30037 30037 30037 30037 30037 4 30037 30037 30037 0 30037 30037 30037 3 30037 30037 30037 30037 30037 30037 30037 30037 30037 30037 30037 30037 30037 30037 30037 2 30037 30037 30037 30037 0 0 30037 30037 1 0 30037 30037 30037 30037 30037 30037 30037 30037 30037 30037 
45 3000 30037 30037 30037 30037 30037 30037 30037 30037 30037 30037 30037 30037 30037 30037 30037 30037 30037 30037 30037 30037 30037 30037 3 30037 30037 30037 30037 30037 30037 30037 30037 3 30037 30037 30037 30037 30037 30037 30037 30037 30037 30037 30037 30037 30037 30037 30037 30037 30037 30037 30037 30037 30037 30037 30037 1 30037 30037 30037 30037 30037 30037 4 0 30037 0 30037 30037 2 2 30037 30037 1 30037 30037 30037 30037 30037 30037 30037 30037 30037 30037 30037 30037 30037 2 30037 30037 30037 30037 30037 30037 30037 30037 30037 30037 30037 30037 30037 
46 3000 30037 30037 30037 30037 30037 30037 4 30037 4 30037 30037 30037 30037 30037 30037 30037 30037 30037 30037 30037 30037 30037 30037 30037 30037 30037 0 30037 30037 30037 30037 30037 30037 30037 30037 30037 30037 30037 30037 30037 30037 30037 30037 4 30037 30037 30037 30037 30037 30037 30037 30037 30037 30037 30037 30037 30037 30037 0 3 30037 30037 3 30037 30037 30037 30037 30037 30037 30037 30037 30037 30037 30037 30037 30037 30037 30037 30037 30037 30037 30037 30037 30037 30037 30037 30037 4 30037 2 30037 30037 30037 3 30037 30037 30037 30037 30037 30037 
47 3000 30037 30037 30037 30037 30037 30037 30037 30037 30037 1 30037 30037 30037 30037 30037 30037 30037 30037 30037 30037 30037 30037 30037 30037 30037 30037 30037 30037 30037 30037 30037 30037 30037 30037 30037 30037 30037 30037 0 30037 30037 30037 30037 30037 30037 30037 30037 30037 1 30037 30037 30037 30037 0 30037 30037 30037 30037 30037 30037 30037 30037 30037 30037 30037 30037 30037 30037 30037 30037 30037 1 30037 1 1 30037 30037 30037 4 30037 30037 30037 30037 30037 30037 30037 30037 30037 30037 30037 30037 30037 30037 30037 3 1 30037 30037 30037 30037 
48 3000 30037 30037 30037 30037 30037 30037 30037 2 30037 30037 30037 30037 30037 30037 30037 30037 30037 30037 30037 30037 30037 30037 30037 30037 3 30037 30037 4 2 30037 30037 30037 30037 30037 30037 30037 30037 30037 30037 2 30037 30037 30037 30037 30037 30037 30037 3 30037 3 30037 30037 30037 3 30037 30037 30037 30037 30037 30037 30037 30037 30037 30037 0 30037 30037 30037 30037 1 30037 30037 30037 30037 30037 30037 30037 30037 30037 30037 30037 30037 30037 30037 30037 30037 30037 30037 30037 30037 30037 30037 30037 30037 30037 30037 30037 30037 30037 30037 
49 3000 30037 30037 30037 30037 30037 30037 30037 30037 30037 30037 30037 30037 30037 30037 30037 30037 30037 30037 30037 30037 30037 30037 30037 30037 30037 30037 30037 30037 30037 30037 30037 30037 30037 30037 30037 30037 30037 30037 30037 30037 30037 30037 30037 30037 30037 30037 30037 30037 30037 30037 3 30037 30037 30037 30037 30037 30037 30037 30037 30037 30037 30037 30037 30037 30037 30037 30037 30037 30037 30037 30037 30037 30037 30037 30037 30037 30037 30037 30037 30037 30037 30037 1 30037 30037 30037 30037 2 30037 30037 30037 30037 30037 4 3 2 2 2 2 1 
50 3000 30037 30037 30037 30037 30037 30037 30037 30037 30037 30037 30037 30037 30037 30037 30037 30037 4 30037 30037 4 30037 30037 30037 30037 30037 30037 3 30037 30037 2 30037 30037 30037 30037 30037 1 30037 30037 30037 30037 30037 4 2 30037 30037 30037 4 30037 3 30037 30037 30037 30037 30037 30037 30037 2 30037 30037 30037 30037 30037 30037 30037 30037 30037 30037 30037 30037 30037 30037 30037 30037 30037 30037 30037 30037 30037 30037 30037 30037 30037 30037 30037 30037 30037 30037 30037 30037 30037 30037 30037 30037 30037 30037 30037 30037 30037 30037 30037 
51 3000 30037 30037 30037 0 30037 30037 1 30037 30037 30037 30037 30037 30037 30037 30037 30037 30037 30037 30037 30037 30037 30037 30037 30037 30037 30037 30037 30037 30037 30037 30037 30037 30037 30037 30037 30037 30037 30037 30037 30037 30037 30037 30037 30037 30037 30037 30037 30037 30037 30037 30037 1 2 30037 1 30037 30037 30037 30037 30037 30037 30037 30037 30037 30037 30037 30037 30037 30037 30037 30037 30037 30037 30037 30037 30037 30037 30037 30037 30037 0 30037 30037 30037 30037 30037 30037 30037 2 3 30037 30037 2 1 30037 30037 30037 30037 30037 30037 
52 3000 0 30037 30037 30037 30037 0 30037 30037 30037 30037 30037 30037 30037 30037 30037 1 30037 30037 30037 30037 30037 30037 30037 30037 30037 30037 30037 30037 30037 30037 30037 30037 30037 30037 30037 30037 30037 30037 30037 30037 30037 30037 30037 30037 30037 30037 30037 2 30037 30037 30037 30037 30037 30037 30037 30037 3 30037 30037 1 30037 30037 30037 30037 30037 30037 30037 30037 30037 30037 30037 30037 30037 30037 30037 30037 30037 30037 30037 30037 30037 30037 30037 1 30037 30037 30037 30037 30037 30037 30037 30037 2 30037 30037 30037 30037 30037 3 4 
53 3000 30037 30037 0 30037 30037 30037 30037 30037 30037 30037 0 30037 30037 30037 0 30037 30037 2 30037 30037 30037 30037 30037 30037 30037 30037 30037 30037 30037 30037 30037 30037 30037 30037 30037 30037 30037 30037 30037 30037 30037 30037 30037 30037 30037 30037 1 30037 30037 30037 30037 30037 0 30037 4 30037 30037 30037 3 30037 30037 30037 30037 30037 30037 30037 30037 30037 30037 30037 1 30037 30037 30037 30037 30037 30037 30037 30037 30037 30037 2 30037 30037 30037 30037 30037 30037 30037 30037 30037 30037 30037 30037 30037 30037 30037 30037 30037 30037 
54 3000 30037 30037 30037 30037 30037 0 30037 30037 30037 30037 30037 30037 0 30037 30037 30037 30037 30037 30037 30037 30037 30037 30037 30037 30037 30037 30037 30037 30037 30037 30037 30037 30037 3 30037 30037 30037 3 1 30037 30037 30037 30037 30037 30037 30037 30037 30037 30037 30037 2 30037 30037 30037 30037 0 30037 30037 30037 30037 30037 2 2 30037 30037 30037 30037 30037 30037 30037 30037 30037 30037 30037 30037 30037 2 30037 30037 30037 30037 30037 30037 30037 30037 30037 30037 30037 30037 30037 30037 30037 30037 30037 30037 30037 30037 30037 30037 30037 
55 3000 30037 30037 30037 30037 30037 30037 30037 30037 30037 30037 30037 30037 30037 30037 30037 1 30037 30037 30037 30037 4 30037 30037 30037 30037 30037 30037 1 4 0 30037 0 30037 30037 30037 30037 30037 0 30037 30037 30037 30037 30037 30037 30037 30037 1 30037 30037 30037 30037 30037 0 30037 1 30037 30037 30037 30037 30037 30037 30037 30037 30037 30037 30037 30037 30037 30037 30037 30037 30037 30037 30037 30037 30037 30037 30037 30037 30037 30037 30037 30037 30037 30037 30037 30037 30037 30037 30037 30037 30037 30037 30037 30037 30037 30037 30037 30037 30037 
56 3000 30037 30037 30037 30037 30037 30037 30037 30037 30037 30037 30037 30037 30037 30037 30037 30037 4 30037 30037 30037 30037 30037 30037 30037 30037 30037 30037 30037 30037 30037 30037 30037 30037 30037 30037 30037 30037 30037 30037 0 30037 30037 30037 30037 30037 30037 30037 30037 30037 30037 30037 30037 4 30037 30037 30037 30037 30037 30037 30037 30037 30037 30037 30037 30037 30037 30037 30037 4 30037 30037 30037 2 30037 30037 30037 30037 30037 30037 30037 30037 30037 30037 30037 1 30037 30037 4 30037 30037 0 30037 3 30037 30037 1 30037 30037 30037 30037 
57 3000 30037 30037 30037 30037 30037 1 30037 30037 30037 30037 30037 0 30037 30037 30037 30037 2 30037 30037 30037 30037 30037 30037 30037 30037 30037 30037 30037 30037 30037 30037 30037 4 30037 30037 30037 30037 30037 30037 30037 4 30037 30037 30037 1 30037 30037 30037 30037 3 30037 30037 30037 1 30037 30037 30037 30037 30037 30037 30037 30037 30037 30037 30037 30037 30037 30037 30037 30037 30037 30037 30037 30037 30037 30037 30037 30037 30037 30037 30037 30037 30037 30037 30037 3 30037 30037 4 30037 30037 30037 30037 30037 30037 30037 30037 30037 30037 30037 
58 3000 30037 30037 30037 30037 30037 30037 30037 30037 4 30037 30037 30037 30037 30037 30037 30037 2 30037 30037 30037 30037 30037 30037 30037 30037 30037 30037 30037 30037 30037 30037 30037 30037 30037 30037 30037 30037 30037 30037 30037 30037 1 30037 30037 30037 3 30037 30037 30037 30037 30037 30037 3 30037 30037 30037 4 30037 30037 30037 30037 1 0 30037 30037 30037 0 30037 30037 30037 30037 30037 30037 30037 30037 0 30037 30037 30037 30037 30037 30037 30037 30037 30037 30037 30037 30037 30037 30037 30037 30037 30037 30037 30037 30037 30037 30037 30037 30037 
59 3000 30037 30037 30037 30037 30037 30037 30037 30037 30037 30037 30037 30037 30037 30037 30037 30037 30037 30037 30037 30037 30037 30037 30037 30037 30037 4 30037 0 30037 30037 30037 30037 30037 30037 30037 30037 30037 30037 30037 30037 30037 30037 30037 30037 30037 30037 3 30037 30037 30037 30037 30037 30037 30037 1 30037 30037 30037 30037 4 30037 30037 30037 30037 30037 30037 30037 30037 30037 30037 30037 0 30037 30037 30037 30037 4 30037 30037 2 30037 30037 30037 2 30037 3 30037 30037 30037 30037 30037 30037 30037 30037 30037 30037 30037 30037 30037 30037 
60 3000 30037 30037 30037 30037 30037 30037 30037 30037 30037 4 30037 30037 30037 30037 30037 30037 30037 30037 30037 30037 30037 30037 2 30037 30037 30037 30037 30037 30037 30037 30037 30037 30037 30037 30037 30037 30037 2 30037 30037 30037 30037 30037 30037 30037 30037 30037 30037 4 30037 30037 0 30037 30037 30037 30037 4 30037 4 30037 30037 30037 30037 30037 30037 30037 30037 30037 30037 30037 30037 4 30037 30037 30037 30037 30037 30037 30037 30037 2 30037 30037 30037 1 30037 30037 30037 30037 30037 30037 30037 30037 30037 30037 30037 30037 30037 30037 30037 
61 3000 30037 30037 30037 30037 30037 30037 30037 30037 2 30037 30037 30037 30037 30037 30037 30037 30037 30037 30037 30037 30037 0 30037 30037 30037 30037 30037 0 30037 30037 30037 30037 2 30037 30037 30037 1 30037 30037 30037 30037 1 30037 30037 30037 30037 30037 1 30037 30037 30037 30037 30037 30037 30037 30037 30037 30037 30037 30037 30037 30037 30037 30037 30037 30037 1 30037 30037 4 30037 30037 3 30037 30037 30037 30037 30037 30037 30037 30037 30037 30037 30037 30037 30037 30037 30037 30037 30037 30037 30037 30037 30037 30037 30037 30037 30037 30037 30037 
62 3000 30037 30037 30037 30037 30037 30037 30037 30037 30037 30037 30037 30037 30037 30037 30037 30037 30037 30037 4 30037 30037 30037 3 30037 3 30037 30037 30037 30037 30037 30037 30037 30037 3 30037 2 30037 30037 30037 30037 1 30037 30037 3 2 30037 30037 30037 30037 30037 30037 30037 30037 3 30037 30037 30037 30037 30037 30037 30037 30037 30037 30037 30037 30037 30037 30037 30037 0 30037 30037 30037 30037 30037 30037 30037 30037 30037 30037 30037 30037 30037 30037 30037 30037 30037 30037 30037 30037 30037 30037 30037 30037 30037 30037 30037 30037 30037 30037 
63 3000 30037 30037 30037 30037 4 30037 30037 30037 30037 30037 30037 30037 30037 30037 30037 30037 30037 3 30037 30037 30037 30037 30037 30037 30037 30037 30037 30037 2 30037 3 30037 30037 30037 4 30037 1 3 30037 30037 30037 1 30037 30037 30037 30037 30037 30037 30037 30037 30037 30037 30037 30037 30037 30037 30037 30037 30037 30037 30037 30037 30037 30037 30037 30037 30037 1 30037 30037 30037 30037 30037 30037 30037 30037 30037 30037 30037 30037 0 30037 30037 30037 30037 30037 30037 30037 30037 30037 30037 30037 30037 30037 30037 30037 30037 30037 30037 30037 
64 3000 30037 30037 30037 30037 30037 30037 30037 30037 30037 30037 30037 1 30037 30037 30037 30037 30037 30037 30037 30037 30037 30037 30037 30037 30037 30037 30037 30037 30037 30037 30037 30037 30037 0 30037 30037 30037 30037 30037 30037 30037 30037 30037 30037 30037 30037 30037 30037 30037 30037 30037 30037 30037 30037 30037 30037 30037 30037 30037 3 30037 30037 30037 30037 30037 30037 30037 30037 30037 30037 30037 30037 30037 30037 30037 30037 30037 4 30037 30037 30037 30037 1 30037 30037 30037 30037 30037 30037 30037 30037 30037 3 1 30037 30037 4 0 0 30037 
65 3000 3 30037 30037 30037 30037 30037 30037 30037 30037 30037 30037 30037 4 30037 30037 4 30037 3 30037 30037 30037 30037 30037 30037 30037 30037 30037 30037 30037 30037 30037 30037 30037 30037 30037 30037 30037 30037 30037 3 30037 30037 30037 30037 30037 30037 30037 30037 30037 30037 30037 3 30037 30037 30037 3 30037 30037 30037 30037 30037 30037 30037 30037 30037 30037 30037 30037 30037 30037 30037 30037 30037 30037 30037 2 30037 30037 30037 30037 30037 30037 3 30037 30037 30037 2 30037 30037 30037 30037 30037 30037 30037 30037 30037 30037 30037 30037 30037 
66 3000 0 30037 0 30037 30037 30037 30037 30037 30037 30037 30037 30037 30037 0 30037 30037 30037 30037 30037 30037 1 30037 30037 30037 30037 4 30037 30037 30037 30037 30037 30037 4 30037 30037 30037 30037 30037 30037 2 30037 30037 30037 30037 2 30037 30037 30037 30037 30037 30037 30037 30037 4 30037 30037 30037 30037 30037 30037 2 30037 30037 30037 30037 30037 30037 30037 30037 30037 30037 30037 30037 30037 30037 30037 30037 30037 30037 30037 30037 30037 30037 30037 30037 30037 30037 30037 30037 30037 30037 30037 30037 30037 30037 30037 30037 30037 30037 30037 
67 3000 30037 30037 30037 30037 30037 30037 30037 30037 30037 30037 4 0 30037 30037 30037 30037 30037 30037 30037 30037 30037 30037 30037 30037 30037 30037 30037 30037 30037 30037 30037 30037 30037 30037 30037 30037 30037 2 30037 30037 30037 30037 30037 30037 30037 30037 30037 30037 30037 30037 30037 2 30037 30037 30037 1 30037 30037 30037 30037 30037 30037 30037 4 30037 30037 3 30037 30037 30037 30037 30037 30037 30037 30037 30037 3 30037 30037 30037 30037 30037 1 30037 1 30037 30037 30037 30037 30037 30037 30037 30037 30037 30037 30037 30037 30037 30037 30037 
68 3000 30037 30037 30037 30037 30037 30037 30037 30037 4 30037 30037 30037 30037 4 30037 30037 30037 30037 30037 30037 0 30037 30037 30037 30037 30037 30037 30037 30037 30037 30037 30037 30037 30037 30037 30037 30037 30037 30037 30037 30037 30037 30037 30037 30037 30037 1 30037 4 30037 30037 30037 30037 30037 30037 30037 30037 30037 30037 30037 30037 4 2 30037 30037 30037 30037 30037 30037 30037 3 30037 30037 30037 30037 30037 1 30037 30037 30037 4 30037 30037 30037 30037 30037 30037 30037 30037 30037 30037 30037 30037 30037 30037 30037 30037 30037 30037 30037 
69 3000 30037 30037 0 30037 30037 30037 30037 30037 30037 30037 30037 30037 30037 0 1 30037 30037 30037 30037 0 30037 30037 30037 30037 4 30037 30037 30037 30037 30037 0 30037 30037 30037 30037 30037 30037 30037 30037 30037 30037 30037 30037 30037 30037 2 30037 30037 30037 30037 30037 30037 30037 30037 30037 30037 30037 30037 30037 30037 30037 30037 30037 30037 0 1 30037 30037 30037 30037 30037 30037 30037 30037 30037 30037 30037 30037 30037 30037 30037 30037 30037 30037 30037 30037 30037 30037 30037 30037 0 30037 30037 30037 30037 30037 30037 30037 30037 30037 
70 3000 30037 30037 30037 30037 4 30037 30037 30037 30037 30037 30037 30037 30037 30037 30037 30037 30037 30037 30037 30037 30037 30037 30037 30037 30037 30037 30037 30037 30037 30037 30037 30037 30037 30037 30037 30037 30037 30037 30037 30037 30037 0 30037 30037 30037 30037 30037 30037 30037 30037 30037 30037 30037 30037 30037 2 3 30037 0 30037 0 30037 30037 30037 30037 30037 30037 0 30037 30037 30037 30037 30037 30037 0 2 30037 30037 30037 30037 30037 30037 30037 30037 1 30037 30037 30037 30037 30037 30037 30037 30037 30037 30037 30037 30037 30037 30037 30037 
71 3000 30037 30037 30037 30037 30037 30037 30037 30037 30037 30037 30037 30037 30037 30037 30037 30037 30037 30037 30037 30037 30037 30037 30037 30037 30037 30037 30037 30037 1 30037 4 4 30037 0 30037 30037 30037 30037 30037 30037 30037 30037 30037 30037 30037 30037 30037 30037 30037 30037 30037 30037 30037 30037 30037 4 30037 2 30037 0 30037 30037 2 30037 30037 30037 30037 30037 2 30037 30037 30037 4 30037 30037 30037 30037 30037 30037 30037 30037 30037 30037 30037 30037 30037 30037 30037 30037 30037 30037 30037 30037 30037 30037 30037 30037 30037 30037 30037 
72 3000 30037 30037 30037 1 30037 30037 30037 30037 30037 4 30037 30037 30037 30037 0 30037 30037 30037 30037 30037 30037 1 30037 30037 30037 30037 30037 30037 30037 30037 0 30037 30037 30037 30037 30037 30037 30037 30037 30037 30037 30037 30037 30037 30037 30037 30037 30037 30037 4 30037 30037 30037 2 30037 30037 30037 1 30037 30037 3 30037 30037 30037 30037 30037 4 30037 30037 30037 30037 30037 30037 30037 30037 30037 30037 30037 30037 30037 30037 30037 30037 30037 30037 30037 30037 30037 30037 30037 30037 30037 30037 30037 30037 30037 30037 30037 30037 30037 
73 3000 30037 0 30037 30037 30037 30037 30037 30037 30037 30037 30037 30037 1 30037 30037 30037 30037 30037 30037 30037 30037 30037 30037 30037 30037 30037 30037 30037 30037 30037 30037 2 30037 30037 30037 30037 30037 30037 30037 30037 30037 30037 30037 30037 30037 30037 30037 30037 30037 30037 30037 30037 30037 30037 2 30037 30037 30037 30037 30037 30037 30037 30037 30037 30037 2 30037 30037 30037 30037 30037 30037 30037 2 30037 3 30037 30037 30037 30037 30037 30037 30037 30037 30037 30037 30037 30037 30037 30037 30037 1 30037 30037 4 0 30037 30037 30037 30037 
74 3000 30037 30037 4 30037 30037 30037 30037 4 30037 30037 30037 2 30037 30037 0 0 30037 3 30037 30037 30037 30037 30037 30037 30037 30037 30037 30037 30037 0 30037 30037 30037 30037 30037 30037 4 30037 30037 30037 0 30037 0 30037 30037 30037 30037 30037 30037 30037 30037 30037 30037 30037 30037 30037 30037 30037 30037 30037 30037 30037 30037 30037 30037 30037 30037 30037 30037 30037 30037 30037 30037 30037 30037 30037 30037 30037 30037 30037 30037 30037 30037 30037 30037 30037 30037 30037 30037 30037 30037 30037 30037 30037 30037 30037 30037 30037 30037 30037 
75 3000 30037 2 30037 30037 30037 30037 2 30037 30037 30037 30037 30037 30037 30037 30037 30037 30037 30037 30037 2 30037 30037 30037 4 30037 0 30037 30037 30037 30037 4 30037 30037 30037 0 30037 30037 30037 30037 30037 30037 30037 30037 30037 30037 30037 30037 30037 30037 30037 30037 2 30037 30037 30037 30037 30037 30037 30037 30037 30037 30037 30037 30037 1 30037 4 30037 30037 30037 30037 30037 30037 30037 30037 30037 30037 30037 30037 30037 30037 30037 30037 30037 30037 30037 30037 30037 30037 30037 30037 30037 30037 30037 30037 30037 30037 30037 30037 30037 
76 3000 30037 30037 30037 30037 30037 2 30037 30037 30037 3 30037 30037 30037 30037 30037 30037 30037 30037 30037 30037 30037 30037 30037 30037 30037 30037 30037 30037 30037 30037 30037 30037 30037 30037 30037 30037 30037 30037 30037 30037 30037 30037 30037 30037 30037 30037 1 30037 30037 2 30037 30037 30037 30037 30037 30037 30037 0 30037 30037 30037 3 30037 30037 30037 30037 30037 30037 30037 30037 30037 30037 30037 30037 30037 30037 30037 30037 30037 30037 30037 4 30037 30037 30037 30037 2 30037 2 30037 30037 30037 30037 30037 1 30037 30037 30037 30037 30037 
77 3000 30037 30037 1 30037 30037 30037 30037 1 30037 30037 30037 30037 30037 30037 30037 30037 30037 30037 30037 30037 30037 30037 30037 3 30037 30037 30037 30037 0 30037 30037 30037 30037 30037 30037 30037 30037 30037 30037 30037 30037 30037 30037 4 1 30037 30037 30037 30037 30037 30037 30037 30037 30037 3 30037 30037 3 30037 30037 30037 30037 30037 30037 4 30037 30037 2 30037 30037 30037 30037 30037 30037 30037 30037 30037 30037 30037 30037 30037 30037 30037 30037 30037 30037 30037 30037 30037 30037 30037 30037 30037 30037 30037 30037 30037 30037 30037 30037 
78 3000 4 30037 30037 30037 30037 30037 30037 30037 30037 30037 30037 30037 30037 30037 30037 30037 3 30037 30037 30037 30037 4 3 30037 30037 30037 30037 30037 3 30037 30037 30037 30037 1 30037 30037 30037 30037 30037 30037 2 30037 1 30037 30037 30037 30037 30037 30037 30037 30037 30037 30037 30037 30037 30037 30037 30037 30037 30037 30037 30037 30037 30037 30037 30037 30037 30037 30037 30037 4 30037 30037 3 30037 30037 30037 30037 30037 30037 30037 30037 30037 30037 30037 30037 30037 30037 30037 30037 30037 30037 30037 30037 30037 30037 30037 30037 30037 30037 
79 3000 30037 30037 30037 30037 30037 30037 30037 30037 1 30037 3 30037 30037 30037 2 30037 30037 30037 30037 30037 30037 1 30037 30037 30037 30037 30037 30037 30037 30037 3 30037 30037 30037 30037 30037 0 30037 30037 30037 30037 30037 30037 30037 30037 30037 30037 30037 30037 30037 2 3 30037 30037 30037 30037 30037 30037 30037 30037 30037 30037 30037 30037 30037 30037 30037 30037 30037 30037 30037 3 30037 30037 30037 30037 30037 30037 30037 30037 30037 2 30037 30037 30037 30037 30037 30037 30037 30037 30037 30037 30037 30037 30037 30037 30037 30037 30037 30037 
80 3000 30037 30037 2 30037 0 0 30037 30037 30037 30037 30037 30037 30037 30037 0 30037 30037 30037 30037 30037 30037 30037 30037 30037 30037 30037 30037 30037 30037 30037 30037 30037 30037 30037 30037 30037 30037 30037 30037 30037 30037 30037 30037 3 0 4 30037 30037 1 30037 30037 30037 30037 30037 30037 30037 2 30037 30037 30037 30037 30037 30037 30037 30037 30037 30037 0 30037 30037 30037 30037 30037 30037 30037 30037 30037 30037 30037 30037 30037 30037 30037 30037 30037 30037 30037 30037 30037 30037 30037 30037 30037 30037 30037 30037 30037 30037 30037 30037 
81 3000 30037 30037 30037 30037 2 30037 30037 30037 30037 30037 30037 30037 30037 30037 30037 30037 30037 30037 2 30037 30037 30037 30037 30037 30037 0 30037 30037 30037 30037 30037 30037 30037 30037 4 30037 4 30037 30037 30037 30037 30037 30037 30037 30037 30037 30037 30037 30037 30037 30037 30037 30037 30037 30037 30037 30037 30037 30037 30037 0 30037 30037 30037 30037 30037 30037 30037 4 30037 30037 30037 30037 30037 30037 30037 30037 30037 30037 30037 30037 30037 0 1 30037 30037 30037 30037 30037 30037 1 30037 30037 30037 30037 30037 30037 30037 30037 30037 
82 3000 30037 30037 30037 30037 30037 30037 30037 30037 30037 30037 30037 30037 30037 30037 30037 30037 30037 30037 30037 30037 30037 30037 30037 30037 30037 30037 30037 30037 30037 30037 30037 30037 30037 30037 30037 30037 30037 30037 30037 30037 30037 4 0 30037 30037 30037 30037 30037 30037 30037 3 30037 30037 30037 30037 30037 30037 30037 30037 30037 30037 30037 30037 30037 30037 30037 30037 30037 30037 2 30037 0 1 30037 30037 30037 30037 30037 30037 1 30037 30037 30037 3 30037 30037 30037 30037 30037 3 2 30037 30037 30037 30037 30037 30037 30037 30037 30037 
83 3000 4 30037 30037 30037 30037 1 30037 30037 30037 30037 4 30037 30037 30037 30037 30037 30037 30037 1 30037 4 30037 30037 30037 30037 30037 30037 30037 30037 30037 30037 30037 30037 30037 30037 30037 30037 30037 2 30037 30037 30037 30037 30037 30037 30037 30037 30037 30037 30037 30037 30037 30037 30037 30037 30037 30037 30037 30037 30037 30037 30037 30037 30037 30037 30037 30037 30037 30037 30037 30037 30037 30037 30037 30037 30037 30037 30037 30037 30037 30037 1 30037 30037 30037 30037 30037 2 30037 30037 30037 30037 2 30037 30037 30037 30037 30037 30037 1 
84 3000 30037 30037 30037 1 30037 30037 30037 2 30037 30037 30037 30037 30037 30037 30037 30037 30037 30037 30037 30037 30037 30037 30037 30037 0 30037 30037 30037 30037 30037 30037 30037 30037 30037 30037 1 30037 30037 30037 30037 30037 30037 30037 30037 2 30037 4 30037 30037 30037 2 30037 30037 30037 30037 30037 30037 30037 30037 30037 4 30037 30037 30037 30037 30037 30037 30037 30037 30037 30037 30037 30037 30037 30037 0 30037 30037 30037 30037 3 30037 30037 30037 30037 30037 30037 30037 30037 30037 30037 30037 30037 30037 30037 30037 30037 30037 30037 30037 
85 3000 30037 30037 30037 30037 30037 30037 30037 30037 30037 30037 30037 0 30037 30037 30037 30037 30037 30037 30037 30037 30037 30037 30037 30037 30037 30037 30037 30037 30037 30037 30037 30037 30037 30037 30037 30037 30037 30037 30037 30037 30037 30037 30037 30037 30037 30037 30037 30037 30037 30037 30037 30037 30037 30037 30037 4 30037 30037 30037 30037 30037 30037 30037 30037 30037 30037 2 30037 30037 30037 30037 30037 30037 30037 30037 30037 30037 30037 30037 30037 2 30037 30037 30037 30037 30037 30037 30037 30037 1 4 2 30037 30037 30037 30037 30037 0 2 2 
86 3000 30037 30037 30037 30037 0 30037 30037 30037 4 30037 30037 30037 30037 30037 30037 0 30037 30037 30037 30037 30037 30037 30037 30037 30037 30037 3 30037 30037 4 30037 30037 30037 30037 30037 30037 30037 30037 30037 30037 30037 30037 30037 30037 30037 30037 30037 30037 30037 30037 30037 30037 30037 30037 30037 30037 30037 30037 30037 30037 30037 30037 30037 30037 30037 30037 30037 30037 30037 30037 30037 30037 30037 30037 30037 30037 30037 30037 30037 30037 30037 30037 30037 30037 30037 1 30037 30037 0 30037 30037 30037 4 3 2 30037 30037 30037 30037 30037 
87 3000 0 30037 30037 30037 30037 1 30037 4 30037 30037 30037 30037 30037 30037 30037 30037 30037 30037 30037 30037 30037 30037 30037 30037 30037 30037 30037 30037 30037 30037 30037 30037 30037 0 30037 30037 3 30037 30037 30037 30037 30037 30037 1 30037 3 30037 30037 30037 30037 30037 30037 30037 3 30037 30037 30037 4 30037 30037 30037 2 30037 30037 30037 30037 30037 30037 30037 30037 30037 30037 30037 30037 30037 30037 30037 30037 30037 30037 30037 30037 30037 30037 30037 30037 30037 30037 30037 30037 30037 30037 30037 30037 30037 30037 30037 30037 30037 30037 
88 3000 30037 3 30037 30037 30037 30037 30037 30037 30037 30037 2 30037 30037 2 30037 30037 30037 30037 30037 2 30037 3 30037 30037 30037 30037 4 30037 30037 30037 30037 4 30037 30037 30037 30037 30037 30037 30037 30037 30037 30037 30037 30037 30037 30037 30037 30037 30037 30037 30037 4 30037 30037 30037 30037 30037 30037 30037 30037 30037 30037 3 30037 30037 30037 30037 30037 30037 30037 30037 30037 30037 30037 30037 30037 30037 30037 30037 30037 30037 30037 30037 30037 30037 2 30037 30037 30037 30037 30037 30037 30037 30037 30037 30037 30037 30037 30037 30037 
89 3000 30037 30037 30037 30037 30037 30037 30037 30037 30037 30037 30037 30037 30037 30037 30037 30037 30037 30037 2 30037 30037 30037 30037 30037 30037 30037 30037 30037 30037 30037 30037 30037 30037 1 30037 30037 30037 30037 30037 30037 30037 30037 4 30037 30037 30037 30037 30037 30037 30037 30037 3 30037 30037 30037 30037 30037 30037 30037 30037 30037 30037 30037 30037 30037 30037 30037 30037 30037 30037 30037 30037 30037 30037 30037 30037 2 30037 30037 30037 30037 4 0 4 30037 30037 30037 30037 30037 30037 30037 1 30037 30037 2 30037 30037 30037 30037 30037 
90 3000 2 30037 30037 30037 30037 30037 30037 30037 30037 4 30037 30037 30037 30037 30037 30037 30037 30037 30037 30037 30037 30037 30037 30037 30037 30037 30037 30037 30037 4 30037 30037 30037 30037 30037 30037 30037 30037 2 30037 30037 30037 0 30037 30037 30037 30037 30037 30037 30037 30037 30037 30037 30037 30037 30037 30037 30037 30037 30037 30037 30037 30037 30037 30037 30037 30037 30037 30037 30037 30037 30037 30037 2 30037 30037 30037 30037 30037 30037 30037 30037 30037 30037 30037 30037 30037 30037 30037 2 3 2 30037 30037 30037 30037 3 30037 30037 30037 
91 3000 30037 30037 30037 3 1 30037 4 30037 30037 30037 30037 30037 30037 30037 30037 2 1 30037 30037 30037 30037 30037 30037 30037 30037 30037 30037 30037 30037 30037 30037 30037 30037 30037 30037 30037 30037 30037 30037 4 30037 30037 30037 30037 30037 30037 30037 30037 30037 30037 30037 30037 30037 30037 30037 30037 30037 30037 30037 30037 30037 30037 30037 30037 30037 30037 30037 30037 30037 30037 30037 30037 30037 30037 1 30037 30037 30037 30037 30037 30037 2 30037 30037 30037 30037 30037 30037 30037 30037 30037 30037 2 30037 30037 30037 30037 3 30037 30037 
92 3000 30037 30037 30037 30037 30037 30037 30037 30037 30037 30037 30037 30037 30037 30037 30037 2 30037 30037 30037 30037 30037 3 30037 30037 30037 30037 30037 30037 30037 30037 30037 30037 30037 30037 30037 30037 30037 30037 30037 30037 30037 30037 3 30037 30037 30037 30037 30037 30037 30037 30037 30037 30037 30037 0 30037 30037 30037 30037 30037 30037 30037 30037 0 30037 30037 30037 30037 30037 30037 30037 2 30037 30037 30037 30037 2 3 0 30037 30037 30037 30037 30037 30037 30037 30037 30037 30037 30037 30037 30037 30037 30037 30037 1 30037 30037 30037 30037 
93 3000 30037 30037 30037 30037 30037 30037 30037 30037 30037 30037 3 30037 30037 30037 30037 30037 30037 30037 0 30037 30037 30037 30037 30037 30037 30037 30037 30037 30037 30037 30037 30037 30037 30037 30037 30037 30037 30037 30037 30037 4 30037 30037 30037 30037 30037 30037 30037 1 30037 30037 30037 30037 30037 30037 30037 30037 30037 30037 30037 30037 30037 30037 30037 1 2 30037 30037 30037 4 30037 1 30037 30037 30037 30037 30037 0 30037 30037 4 30037 30037 30037 30037 30037 30037 30037 30037 30037 30037 30037 30037 30037 30037 30037 30037 30037 30037 30037 
94 3000 30037 30037 30037 30037 30037 4 30037 30037 30037 30037 30037 30037 30037 4 30037 30037 30037 30037 30037 30037 30037 30037 30037 30037 2 30037 0 30037 1 30037 30037 30037 30037 30037 30037 30037 30037 0 30037 30037 30037 30037 30037 30037 30037 30037 30037 4 30037 30037 0 30037 30037 30037 30037 30037 1 30037 30037 30037 0 30037 30037 30037 30037 30037 30037 30037 30037 30037 30037 30037 30037 30037 30037 30037 30037 30037 30037 30037 30037 30037 30037 30037 30037 30037 30037 30037 30037 30037 30037 30037 30037 30037 30037 30037 30037 30037 30037 30037 
95 3000 30037 30037 30037 30037 30037 3 30037 30037 30037 30037 30037 30037 30037 30037 30037 30037 30037 30037 30037 30037 30037 30037 30037 30037 30037 30037 30037 30037 30037 30037 30037 30037 30037 30037 1 30037 30037 30037 30037 30037 3 30037 30037 30037 30037 30037 30037 30037 30037 30037 30037 30037 30037 30037 30037 30037 30037 30037 30037 30037 30037 30037 30037 30037 30037 2 30037 30037 30037 30037 30037 30037 1 30037 30037 30037 30037 30037 30037 0 30037 30037 30037 0 30037 3 30037 30037 30037 30037 30037 30037 30037 30037 2 30037 2 30037 30037 30037 
96 3000 30037 30037 30037 30037 30037 30037 30037 30037 30037 30037 30037 30037 30037 30037 30037 3 30037 1 30037 30037 30037 30037 30037 30037 30037 30037 30037 30037 30037 30037 30037 30037 30037 30037 30037 30037 30037 30037 30037 30037 30037 30037 30037 30037 30037 30037 30037 30037 30037 30037 30037 30037 30037 30037 30037 30037 30037 30037 30037 30037 30037 30037 30037 30037 30037 30037 30037 30037 30037 30037 30037 30037 30037 30037 30037 30037 30037 30037 30037 30037 30037 30037 30037 30037 30037 30037 30037 30037 30037 1 30037 30037 30037 3 0 2 2 4 3 2 
97 3000 30037 30037 30037 30037 30037 30037 3 4 30037 30037 30037 30037 30037 30037 3 30037 30037 30037 30037 0 30037 30037 30037 30037 3 0 30037 4 30037 30037 30037 30037 30037 30037 30037 30037 30037 30037 30037 30037 30037 30037 30037 30037 30037 30037 30037 30037 30037 3 30037 30037 0 3 30037 30037 30037 30037 30037 30037 30037 30037 30037 30037 30037 30037 30037 30037 30037 30037 30037 30037 30037 30037 30037 30037 30037 30037 30037 30037 30037 30037 30037 30037 30037 30037 30037 30037 30037 30037 30037 30037 30037 30037 30037 30037 30037 30037 30037 30037 
98 3000 30037 30037 30037 30037 30037 30037 30037 30037 30037 30037 30037 30037 30037 30037 30037 30037 30037 30037 30037 1 30037 30037 30037 0 30037 30037 30037 30037 30037 30037 30037 0 30037 30037 0 30037 30037 30037 30037 4 30037 30037 30037 0 1 30037 30037 30037 30037 30037 30037 30037 30037 30037 30037 30037 30037 30037 30037 30037 3 30037 30037 30037 30037 30037 30037 30037 30037 30037 30037 30037 30037 30037 30037 30037 1 3 30037 30037 30037 30037 30037 30037 30037 30037 30037 30037 30037 30037 30037 30037 30037 30037 30037 30037 30037 30037 30037 30037 
99 3000 30037 30037 30037 30037 30037 30037 30037 30037 30037 30037 30037 30037 1 30037 30037 2 30037 30037 30037 30037 30037 1 30037 30037 30037 30037 3 30037 30037 30037 30037 30037 30037 30037 30037 1 30037 30037 30037 30037 2 30037 0 30037 30037 30037 30037 30037 30037 30037 30037 30037 30037 30037 30037 30037 30037 30037 30037 30037 30037 30037 30037 4 30037 30037 30037 30037 30037 2 30037 2 30037 30037 30037 30037 30037 30037 30037 30037 30037 30037 30037 30037 30037 30037 30037 30037 30037 30037 30037 30037 30037 30037 30037 30037 30037 30037 30037 30037 
100 3000 30037 30037 30037 30037 30037 30037 30037 30037 30037 30037 30037 30037 30037 30037 30037 30037 30037 30037 30037 30037 1 30037 30037 30037 30037 30037 30037 30037 30037 30037 30037 30037 30037 30037 4 30037 30037 30037 30037 30037 30037 30037 30037 30037 30037 30037 30037 30037 4 30037 30037 30037 30037 30037 30037 30037 30037 30037 30037 30037 30037 30037 30037 30037 30037 30037 30037 30037 30037 30037 1 30037 30037 30037 30037 30037 30037 4 30037 30037 30037 30037 30037 30037 30037 30037 30037 30037 4 30037 2 30037 30037 30037 30037 0 30037 30037 3 0 
