FILE: 3033GapCS.txt
100 100 0 
1 3000 30032 30032 30032 30032 30032 30032 30032 30032 30032 30032 30032 30032 30032 30032 3 30032 30032 30032 30032 30032 30032 30032 30032 30032 30032 30032 30032 30032 30032 30032 30032 30032 30032 30032 30032 30032 30032 30032 30032 30032 30032 30032 30032 2 30032 30032 30032 30032 30032 30032 30032 30032 30032 30032 3 30032 30032 30032 30032 30032 3 30032 30032 30032 30032 30032 0 30032 30032 30032 30032 30032 30032 30032 30032 30032 30032 30032 30032 2 3 30032 30032 30032 30032 30032 30032 30032 4 0 30032 30032 30032 30032 1 30032 30032 30032 30032 30032 
2 3000 30032 30032 30032 2 30032 30032 30032 30032 30032 30032 4 30032 30032 30032 30032 30032 30032 30032 30032 2 30032 30032 30032 30032 30032 30032 30032 30032 30032 1 30032 30032 1 30032 1 30032 30032 30032 30032 30032 30032 30032 30032 2 30032 30032 30032 30032 30032 30032 30032 30032 30032 30032 30032 30032 30032 30032 30032 30032 30032 30032 30032 30032 1 30032 30032 30032 1 30032 1 30032 30032 30032 30032 30032 30032 30032 30032 30032 30032 30032 30032 30032 30032 30032 30032 30032 30032 30032 30032 30032 30032 30032 30032 30032 30032 30032 30032 30032 
3 3000 30032 30032 30032 30032 4 1 30032 30032 30032 30032 30032 30032 30032 30032 30032 30032 30032 30032 30032 30032 30032 30032 30032 30032 30032 30032 30032 30032 30032 30032 30032 3 30032 30032 30032 3 30032 30032 30032 30032 30032 30032 0 30032 30032 1 30032 30032 30032 30032 30032 30032 30032 30032 30032 30032 30032 30032 30032 30032 30032 30032 30032 30032 30032 30032 30032 30032 30032 30032 30032 30032 30032 30032 30032 30032 1 30032 30032 30032 30032 1 30032 4 30032 30032 30032 30032 30032 30032 30032 30032 30032 30032 30032 30032 2 30032 30032 30032 
4 3000 30032 30032 30032 30032 2 30032 30032 30032 30032 4 30032 30032 30032 30032 30032 3 30032 30032 3 30032 30032 30032 30032 30032 30032 30032 30032 30032 30032 30032 30032 30032 2 30032 30032 30032 30032 30032 30032 0 30032 30032 30032 30032 30032 30032 30032 30032 30032 30032 30032 30032 30032 30032 4 30032 30032 30032 30032 30032 30032 0 30032 30032 30032 30032 30032 30032 30032 30032 30032 30032 30032 30032 0 30032 2 30032 30032 30032 30032 30032 30032 30032 30032 30032 30032 30032 30032 30032 30032 30032 30032 30032 30032 30032 30032 30032 30032 30032 
5 3000 30032 30032 30032 30032 30032 30032 30032 30032 30032 30032 30032 30032 30032 30032 30032 30032 30032 30032 30032 30032 30032 2 30032 30032 30032 30032 30032 30032 30032 3 30032 30032 30032 30032 30032 30032 30032 30032 30032 30032 4 30032 30032 30032 30032 30032 30032 2 30032 30032 0 30032 30032 30032 1 30032 30032 2 30032 30032 30032 30032 30032 30032 30032 30032 1 30032 30032 30032 0 30032 30032 30032 30032 30032 0 30032 30032 30032 30032 30032 30032 30032 30032 30032 30032 30032 30032 30032 30032 30032 30032 30032 30032 30032 30032 30032 30032 30032 
6 3000 30032 1 3 30032 30032 30032 30032 1 30032 30032 30032 30032 30032 30032 30032 30032 30032 30032 30032 30032 30032 30032 30032 30032 30032 30032 30032 4 4 30032 30032 30032 30032 30032 30032 30032 30032 30032 30032 1 30032 0 30032 30032 30032 30032 2 30032 30032 30032 30032 30032 30032 30032 30032 30032 30032 30032 30032 30032 30032 30032 30032 30032 30032 30032 30032 30032 30032 1 2 30032 30032 30032 30032 30032 30032 30032 30032 30032 30032 30032 30032 30032 30032 30032 30032 30032 30032 30032 30032 30032 30032 30032 30032 30032 30032 30032 30032 30032 
7 3000 30032 30032 4 30032 1 30032 30032 30032 30032 30032 30032 30032 30032 30032 30032 30032 30032 30032 30032 30032 4 30032 30032 30032 30032 30032 30032 30032 0 30032 30032 30032 30032 30032 2 30032 30032 30032 30032 2 30032 30032 30032 30032 30032 30032 30032 30032 30032 30032 30032 0 30032 30032 30032 30032 30032 30032 30032 30032 30032 30032 2 30032 30032 30032 30032 30032 30032 30032 30032 30032 30032 30032 30032 30032 30032 30032 30032 30032 30032 30032 30032 2 30032 30032 30032 0 30032 30032 30032 30032 30032 30032 30032 30032 30032 30032 30032 30032 
8 3000 30032 30032 30032 30032 30032 30032 30032 0 30032 30032 30032 30032 30032 30032 30032 30032 30032 30032 30032 30032 30032 30032 30032 30032 30032 30032 30032 30032 30032 30032 30032 3 30032 30032 30032 30032 30032 30032 30032 30032 30032 30032 30032 30032 30032 0 30032 30032 30032 30032 30032 30032 30032 30032 30032 30032 30032 30032 30032 30032 30032 30032 30032 30032 30032 30032 30032 30032 30032 30032 30032 30032 30032 30032 30032 30032 30032 30032 30032 2 30032 30032 30032 30032 30032 3 30032 30032 30032 30032 1 1 4 30032 30032 1 30032 1 30032 30032 
9 3000 30032 30032 30032 30032 4 30032 30032 30032 30032 30032 30032 30032 30032 30032 30032 30032 30032 30032 30032 30032 30032 30032 30032 30032 30032 30032 30032 30032 30032 30032 30032 30032 30032 3 30032 30032 30032 30032 30032 30032 30032 30032 30032 30032 30032 30032 4 30032 30032 30032 30032 30032 30032 30032 30032 30032 3 30032 30032 30032 30032 30032 30032 30032 30032 30032 0 2 30032 30032 30032 30032 30032 30032 30032 30032 30032 30032 30032 30032 30032 30032 30032 30032 3 30032 30032 0 3 4 30032 30032 30032 30032 30032 30032 30032 30032 30032 30032 
10 3000 30032 30032 3 30032 30032 30032 30032 30032 30032 30032 30032 30032 30032 1 1 30032 30032 2 30032 30032 30032 1 30032 30032 30032 30032 30032 30032 30032 30032 30032 30032 30032 30032 3 30032 1 30032 2 30032 30032 30032 30032 30032 30032 30032 30032 30032 30032 30032 30032 30032 30032 30032 30032 0 30032 30032 30032 30032 30032 30032 30032 30032 30032 30032 30032 30032 30032 30032 30032 30032 4 30032 30032 30032 30032 30032 30032 30032 30032 30032 30032 30032 30032 30032 30032 30032 30032 30032 30032 30032 30032 30032 30032 30032 30032 30032 30032 30032 
11 3000 30032 30032 30032 30032 30032 30032 4 30032 30032 30032 30032 30032 30032 30032 30032 30032 30032 30032 3 30032 30032 30032 30032 30032 30032 30032 30032 30032 30032 30032 30032 30032 30032 30032 4 30032 30032 30032 30032 30032 30032 30032 30032 30032 30032 30032 30032 30032 30032 30032 30032 30032 30032 30032 30032 30032 30032 30032 30032 4 30032 30032 30032 30032 30032 30032 30032 3 30032 2 30032 30032 30032 30032 30032 30032 30032 30032 1 30032 3 30032 30032 30032 3 30032 30032 30032 3 30032 30032 30032 30032 30032 30032 30032 30032 30032 30032 30032 
12 3000 30032 30032 30032 30032 30032 30032 30032 30032 30032 2 30032 30032 30032 0 30032 30032 30032 3 30032 30032 30032 30032 30032 3 30032 30032 30032 30032 30032 30032 30032 30032 30032 30032 30032 30032 30032 30032 30032 30032 30032 30032 1 1 30032 30032 30032 30032 30032 30032 3 30032 30032 0 30032 0 30032 30032 30032 30032 30032 30032 30032 4 30032 30032 30032 30032 30032 30032 30032 30032 30032 30032 30032 30032 30032 30032 30032 30032 30032 30032 30032 30032 30032 30032 30032 30032 30032 30032 30032 30032 30032 30032 30032 30032 30032 30032 30032 30032 
13 3000 2 30032 30032 30032 30032 30032 30032 30032 30032 30032 4 30032 30032 30032 30032 30032 30032 0 30032 30032 30032 30032 30032 2 30032 30032 30032 30032 30032 30032 30032 30032 30032 30032 30032 30032 30032 30032 30032 30032 30032 30032 30032 30032 30032 30032 30032 30032 30032 30032 30032 30032 2 30032 30032 30032 30032 30032 30032 30032 30032 2 30032 30032 30032 30032 30032 30032 30032 0 30032 30032 30032 30032 4 30032 30032 30032 30032 30032 30032 30032 30032 4 30032 30032 1 30032 30032 30032 30032 30032 30032 30032 30032 30032 30032 30032 30032 30032 
14 3000 30032 30032 3 1 4 4 30032 30032 4 30032 30032 30032 30032 30032 30032 30032 30032 30032 30032 30032 30032 0 30032 30032 30032 30032 30032 30032 30032 30032 30032 30032 30032 30032 30032 30032 30032 30032 30032 30032 30032 30032 30032 30032 30032 30032 30032 30032 4 0 0 30032 30032 30032 30032 30032 30032 30032 30032 30032 30032 30032 30032 30032 30032 30032 30032 30032 30032 30032 30032 30032 30032 2 30032 30032 30032 30032 30032 30032 30032 30032 30032 30032 30032 30032 30032 30032 30032 30032 30032 30032 30032 30032 30032 30032 30032 30032 30032 30032 
15 3000 30032 30032 30032 30032 30032 30032 30032 30032 30032 30032 30032 1 30032 30032 30032 30032 30032 30032 30032 30032 30032 30032 30032 30032 30032 30032 3 30032 30032 30032 3 30032 30032 30032 30032 30032 30032 30032 1 30032 4 30032 4 30032 30032 30032 3 30032 30032 30032 0 30032 30032 30032 30032 30032 30032 30032 2 30032 30032 30032 3 30032 30032 30032 30032 30032 30032 30032 30032 30032 30032 30032 30032 30032 30032 30032 30032 30032 30032 30032 30032 30032 30032 30032 30032 30032 30032 30032 30032 30032 30032 30032 30032 30032 30032 30032 30032 30032 
16 3000 30032 30032 30032 30032 30032 30032 4 30032 0 30032 30032 30032 30032 30032 30032 30032 30032 30032 30032 30032 30032 30032 30032 30032 30032 30032 30032 30032 30032 30032 30032 30032 30032 30032 30032 30032 30032 30032 30032 30032 30032 30032 30032 30032 30032 30032 30032 30032 30032 30032 30032 30032 30032 30032 30032 30032 30032 30032 30032 1 30032 30032 30032 30032 30032 30032 30032 30032 30032 30032 30032 30032 30032 2 30032 30032 30032 30032 30032 30032 30032 30032 30032 30032 4 30032 30032 30032 30032 30032 3 30032 30032 30032 0 30032 1 3 30032 0 
17 3000 30032 30032 30032 30032 30032 30032 30032 4 30032 30032 30032 30032 30032 30032 30032 30032 30032 30032 30032 30032 30032 30032 30032 30032 30032 30032 30032 30032 30032 30032 30032 30032 30032 30032 30032 30032 30032 30032 30032 30032 30032 30032 30032 30032 30032 30032 30032 1 30032 30032 30032 30032 30032 2 30032 2 30032 30032 30032 30032 30032 30032 30032 30032 0 30032 30032 30032 30032 30032 30032 30032 30032 30032 30032 30032 30032 30032 0 4 30032 30032 2 30032 30032 30032 30032 1 30032 30032 4 30032 30032 30032 30032 30032 30032 30032 30032 30032 
18 3000 30032 2 30032 30032 30032 30032 30032 30032 30032 30032 30032 30032 30032 30032 30032 30032 30032 30032 30032 30032 30032 30032 30032 30032 30032 30032 30032 30032 30032 3 30032 30032 30032 30032 0 1 30032 30032 30032 30032 30032 30032 30032 30032 30032 0 2 30032 30032 30032 30032 30032 30032 30032 30032 30032 30032 30032 30032 30032 30032 30032 30032 30032 30032 30032 30032 30032 30032 3 30032 30032 30032 0 30032 30032 3 30032 30032 30032 30032 30032 30032 1 30032 30032 30032 30032 30032 30032 30032 30032 30032 30032 30032 30032 30032 30032 30032 30032 
19 3000 30032 2 2 1 30032 30032 30032 30032 30032 30032 30032 30032 30032 30032 30032 30032 0 4 30032 30032 30032 30032 30032 30032 30032 30032 30032 30032 30032 30032 4 30032 30032 30032 30032 4 30032 30032 30032 4 30032 30032 30032 30032 30032 3 30032 30032 30032 30032 30032 4 30032 30032 30032 30032 30032 30032 30032 30032 30032 30032 30032 30032 30032 30032 30032 30032 30032 30032 30032 30032 30032 30032 30032 30032 30032 30032 30032 30032 30032 30032 30032 30032 30032 30032 30032 30032 30032 30032 30032 30032 30032 30032 30032 30032 30032 30032 30032 30032 
20 3000 30032 30032 30032 30032 30032 30032 30032 30032 30032 30032 3 30032 30032 3 30032 30032 30032 30032 30032 30032 30032 30032 30032 30032 30032 30032 30032 30032 30032 30032 30032 30032 3 0 30032 30032 30032 30032 30032 30032 30032 30032 30032 30032 30032 30032 30032 30032 30032 30032 30032 30032 30032 30032 30032 30032 30032 30032 30032 0 30032 30032 30032 30032 30032 0 30032 30032 0 30032 30032 30032 30032 30032 4 30032 2 30032 30032 30032 30032 30032 30032 30032 30032 30032 30032 30032 30032 30032 30032 0 30032 30032 30032 30032 30032 30032 30032 30032 
21 3000 30032 1 30032 30032 30032 30032 0 30032 30032 30032 30032 30032 30032 30032 30032 30032 30032 30032 30032 30032 1 30032 30032 30032 30032 30032 30032 30032 30032 30032 30032 30032 30032 30032 30032 30032 30032 30032 30032 30032 30032 30032 30032 30032 3 30032 30032 3 30032 30032 30032 30032 30032 30032 30032 30032 30032 30032 30032 30032 30032 30032 30032 30032 4 30032 0 30032 30032 1 30032 30032 30032 30032 30032 30032 30032 30032 30032 3 4 30032 30032 30032 30032 30032 30032 30032 30032 30032 30032 30032 30032 30032 30032 30032 30032 30032 30032 30032 
22 3000 1 30032 30032 2 30032 30032 30032 30032 30032 30032 30032 30032 30032 30032 30032 30032 30032 30032 2 30032 30032 30032 30032 30032 30032 30032 30032 30032 30032 30032 30032 2 30032 30032 30032 30032 30032 30032 3 30032 30032 3 30032 30032 30032 30032 30032 30032 30032 30032 30032 30032 30032 30032 30032 30032 30032 30032 30032 30032 30032 30032 30032 30032 30032 30032 30032 30032 30032 30032 30032 4 0 30032 30032 30032 30032 30032 0 30032 30032 30032 2 30032 30032 30032 30032 30032 30032 30032 30032 30032 30032 30032 30032 30032 30032 30032 30032 30032 
23 3000 30032 30032 30032 30032 30032 30032 30032 30032 30032 30032 30032 30032 30032 30032 30032 30032 30032 30032 30032 30032 30032 30032 30032 30032 30032 30032 4 30032 30032 30032 30032 30032 30032 30032 30032 30032 30032 30032 30032 30032 30032 30032 30032 30032 30032 1 30032 30032 30032 30032 30032 30032 30032 4 2 30032 30032 30032 30032 30032 30032 30032 30032 30032 30032 30032 30032 30032 30032 30032 30032 30032 30032 30032 30032 30032 30032 30032 30032 30032 30032 4 30032 30032 30032 3 2 30032 30032 30032 30032 30032 30032 0 30032 1 30032 30032 4 30032 
24 3000 30032 30032 30032 30032 30032 30032 30032 30032 30032 30032 30032 30032 30032 30032 1 30032 30032 30032 30032 3 30032 30032 30032 30032 30032 30032 30032 30032 0 30032 30032 30032 30032 30032 30032 30032 30032 30032 30032 30032 30032 30032 30032 30032 30032 30032 30032 30032 30032 30032 30032 30032 0 30032 30032 30032 30032 30032 30032 30032 30032 30032 30032 30032 2 30032 30032 1 30032 30032 30032 30032 30032 30032 30032 30032 30032 30032 30032 30032 30032 30032 30032 30032 30032 30032 30032 2 30032 30032 30032 30032 2 30032 30032 30032 30032 4 4 30032 
25 3000 2 30032 30032 30032 30032 30032 30032 30032 30032 3 30032 30032 30032 30032 30032 30032 30032 30032 30032 30032 30032 30032 30032 30032 30032 30032 30032 30032 30032 30032 30032 30032 30032 3 30032 30032 30032 30032 30032 30032 30032 30032 30032 30032 30032 30032 4 30032 30032 30032 30032 30032 30032 30032 30032 30032 30032 30032 30032 30032 30032 30032 30032 30032 30032 30032 30032 30032 30032 30032 30032 30032 30032 30032 30032 30032 30032 30032 2 30032 30032 30032 0 30032 30032 30032 30032 30032 30032 2 30032 30032 30032 30032 1 4 4 30032 30032 30032 
26 3000 30032 30032 30032 30032 30032 30032 30032 30032 30032 30032 30032 30032 30032 30032 30032 4 30032 30032 30032 30032 30032 30032 30032 30032 30032 30032 30032 1 30032 30032 30032 30032 30032 30032 30032 30032 30032 30032 30032 30032 1 1 30032 30032 30032 30032 30032 30032 30032 30032 30032 30032 2 30032 30032 30032 30032 30032 30032 0 30032 30032 30032 4 30032 30032 30032 30032 30032 30032 30032 0 30032 30032 30032 30032 30032 30032 2 30032 30032 30032 4 30032 30032 30032 30032 30032 30032 30032 30032 30032 30032 30032 30032 30032 30032 30032 30032 30032 
27 3000 30032 30032 30032 30032 30032 30032 30032 30032 30032 30032 30032 30032 30032 1 4 30032 1 30032 30032 30032 30032 30032 30032 4 30032 4 30032 30032 30032 3 30032 1 30032 30032 30032 30032 3 30032 30032 30032 30032 30032 30032 30032 30032 30032 30032 30032 30032 30032 30032 30032 30032 30032 30032 30032 0 2 30032 30032 30032 30032 30032 30032 30032 30032 30032 30032 30032 30032 30032 30032 30032 30032 30032 30032 30032 30032 30032 30032 30032 30032 30032 30032 30032 30032 30032 30032 30032 30032 30032 30032 30032 30032 30032 30032 30032 30032 30032 30032 
28 3000 30032 30032 30032 30032 30032 2 30032 30032 30032 30032 30032 30032 4 30032 30032 30032 30032 30032 30032 30032 30032 30032 30032 30032 4 30032 30032 30032 30032 30032 30032 30032 30032 30032 30032 30032 30032 30032 30032 30032 30032 30032 30032 30032 30032 30032 30032 1 30032 30032 30032 30032 30032 30032 30032 30032 30032 30032 2 30032 30032 30032 30032 30032 30032 30032 30032 30032 30032 30032 30032 30032 30032 30032 30032 30032 30032 30032 30032 3 30032 30032 30032 30032 30032 30032 30032 30032 30032 30032 4 30032 30032 30032 30032 0 30032 2 30032 2 
29 3000 30032 30032 30032 2 30032 30032 30032 30032 30032 30032 30032 30032 30032 30032 30032 30032 30032 30032 30032 30032 30032 3 30032 30032 30032 30032 30032 30032 30032 30032 2 30032 30032 30032 30032 30032 0 30032 30032 3 30032 30032 30032 30032 30032 4 30032 30032 30032 30032 30032 30032 30032 1 30032 30032 0 30032 30032 30032 30032 30032 1 30032 4 30032 30032 30032 30032 30032 30032 30032 30032 30032 30032 30032 30032 30032 30032 30032 30032 30032 30032 30032 30032 30032 30032 30032 30032 30032 30032 30032 30032 30032 30032 30032 30032 30032 30032 30032 
30 3000 30032 30032 30032 30032 30032 30032 30032 30032 30032 30032 30032 0 30032 30032 30032 30032 30032 2 30032 30032 30032 30032 30032 30032 30032 30032 2 30032 30032 30032 30032 30032 30032 30032 30032 30032 30032 30032 30032 30032 30032 30032 30032 30032 30032 30032 30032 30032 3 30032 30032 30032 30032 30032 30032 30032 30032 30032 0 30032 30032 30032 4 30032 30032 30032 0 30032 30032 30032 30032 30032 30032 30032 30032 30032 30032 30032 30032 3 30032 30032 30032 30032 2 30032 30032 30032 2 30032 30032 30032 30032 30032 30032 30032 30032 30032 30032 30032 
31 3000 30032 30032 4 30032 30032 30032 30032 30032 0 30032 30032 30032 30032 30032 30032 2 30032 30032 30032 2 30032 2 30032 30032 30032 30032 30032 30032 30032 30032 30032 30032 30032 30032 30032 30032 30032 30032 30032 30032 30032 30032 30032 30032 30032 30032 30032 30032 30032 30032 30032 30032 30032 30032 30032 30032 30032 3 0 30032 30032 30032 30032 30032 30032 30032 30032 30032 30032 30032 30032 30032 30032 30032 30032 30032 30032 30032 30032 30032 30032 30032 30032 30032 1 4 30032 30032 30032 2 30032 30032 30032 30032 30032 30032 30032 30032 30032 30032 
32 3000 30032 30032 30032 30032 30032 30032 3 30032 30032 30032 3 30032 30032 30032 30032 30032 30032 30032 30032 30032 30032 30032 30032 30032 30032 30032 30032 30032 30032 30032 30032 30032 30032 30032 30032 30032 30032 30032 30032 30032 30032 30032 3 30032 30032 2 30032 30032 30032 30032 30032 30032 30032 30032 30032 30032 30032 30032 30032 30032 1 30032 1 30032 30032 30032 30032 30032 30032 30032 30032 30032 30032 30032 30032 0 30032 30032 30032 30032 30032 1 30032 30032 30032 30032 30032 30032 30032 30032 30032 30032 2 3 30032 30032 30032 30032 30032 30032 
33 3000 30032 30032 30032 30032 30032 3 30032 30032 30032 30032 30032 30032 2 30032 30032 30032 30032 30032 30032 30032 30032 30032 30032 30032 30032 30032 2 30032 30032 30032 30032 30032 30032 30032 30032 0 30032 30032 30032 30032 30032 30032 30032 30032 30032 30032 30032 30032 30032 4 30032 30032 30032 30032 30032 30032 30032 1 30032 30032 30032 30032 30032 30032 30032 30032 3 30032 30032 30032 30032 30032 30032 30032 30032 30032 30032 30032 30032 30032 30032 30032 30032 30032 30032 4 30032 30032 30032 30032 30032 30032 30032 30032 0 4 30032 30032 30032 30032 
34 3000 30032 30032 30032 30032 30032 30032 30032 3 30032 30032 30032 30032 30032 30032 30032 30032 30032 30032 30032 30032 30032 30032 30032 30032 30032 2 30032 30032 1 30032 30032 30032 0 30032 30032 30032 30032 30032 3 30032 30032 30032 30032 30032 30032 30032 30032 30032 30032 30032 30032 30032 30032 30032 30032 30032 1 30032 30032 3 30032 30032 1 30032 1 30032 30032 30032 30032 30032 30032 30032 30032 30032 30032 30032 30032 30032 30032 30032 30032 30032 30032 30032 30032 4 30032 30032 30032 30032 30032 30032 30032 30032 30032 30032 30032 30032 30032 30032 
35 3000 30032 30032 30032 30032 30032 30032 30032 30032 30032 30032 30032 30032 30032 30032 30032 30032 30032 30032 30032 30032 30032 30032 30032 30032 30032 30032 30032 30032 30032 30032 30032 30032 30032 4 30032 30032 30032 30032 2 30032 30032 30032 30032 30032 1 30032 30032 30032 30032 30032 30032 30032 30032 30032 30032 30032 30032 30032 30032 30032 30032 1 30032 30032 30032 30032 30032 2 30032 30032 30032 30032 30032 30032 30032 30032 30032 30032 30032 30032 30032 30032 30032 30032 30032 0 30032 30032 1 30032 30032 30032 30032 30032 30032 30032 30032 2 4 3 
36 3000 30032 30032 30032 30032 4 30032 30032 30032 30032 30032 4 30032 30032 30032 30032 30032 30032 30032 30032 30032 30032 30032 30032 30032 0 3 30032 30032 30032 2 30032 30032 30032 30032 30032 1 30032 30032 30032 30032 30032 30032 30032 30032 30032 30032 30032 30032 30032 30032 1 30032 30032 30032 30032 30032 30032 30032 30032 30032 1 30032 30032 30032 30032 30032 30032 30032 30032 30032 0 30032 30032 30032 30032 30032 30032 30032 30032 30032 30032 30032 30032 30032 30032 30032 30032 30032 30032 30032 30032 30032 2 30032 30032 30032 30032 30032 30032 30032 
37 3000 30032 30032 30032 30032 4 30032 30032 30032 30032 30032 30032 30032 30032 30032 30032 30032 30032 30032 30032 30032 30032 30032 30032 30032 30032 30032 1 30032 30032 30032 30032 30032 30032 30032 30032 30032 30032 30032 30032 30032 30032 30032 30032 30032 30032 30032 30032 30032 30032 0 30032 30032 30032 30032 30032 30032 30032 30032 30032 30032 30032 30032 30032 30032 30032 30032 30032 30032 3 30032 30032 30032 30032 30032 30032 30032 30032 4 30032 30032 30032 30032 30032 30032 30032 30032 4 30032 30032 30032 30032 30032 30032 30032 30032 30032 2 2 0 3 
38 3000 30032 30032 30032 30032 30032 30032 30032 30032 30032 30032 30032 4 30032 30032 30032 30032 30032 30032 30032 30032 30032 30032 30032 30032 30032 30032 30032 30032 30032 30032 30032 30032 30032 30032 30032 30032 30032 30032 0 4 1 30032 1 30032 30032 30032 30032 30032 30032 30032 30032 30032 30032 2 30032 30032 30032 30032 30032 30032 30032 30032 30032 30032 30032 30032 30032 30032 30032 30032 30032 0 30032 30032 30032 1 30032 30032 30032 30032 30032 30032 30032 30032 30032 30032 30032 30032 30032 30032 30032 30032 30032 2 30032 30032 30032 2 30032 30032 
39 3000 30032 30032 30032 30032 30032 30032 30032 30032 30032 30032 30032 2 30032 30032 30032 30032 0 30032 30032 30032 30032 30032 30032 30032 30032 30032 30032 30032 30032 30032 30032 30032 30032 30032 4 30032 30032 30032 30032 30032 30032 30032 30032 30032 30032 30032 30032 4 30032 30032 30032 30032 30032 30032 30032 30032 30032 30032 3 30032 30032 30032 30032 30032 4 30032 30032 30032 30032 30032 30032 30032 30032 30032 30032 30032 30032 30032 30032 1 30032 30032 30032 2 30032 30032 2 30032 30032 30032 30032 30032 30032 30032 0 30032 30032 30032 30032 30032 
40 3000 30032 30032 30032 30032 4 30032 0 30032 30032 30032 0 30032 30032 30032 30032 30032 30032 30032 3 30032 30032 30032 4 30032 30032 30032 30032 30032 30032 30032 30032 30032 4 30032 1 30032 30032 30032 30032 30032 30032 30032 30032 30032 30032 30032 30032 30032 30032 30032 30032 30032 30032 30032 30032 30032 30032 30032 30032 30032 2 30032 30032 30032 30032 30032 30032 30032 30032 30032 30032 30032 30032 30032 3 30032 30032 30032 30032 30032 30032 30032 30032 30032 30032 30032 30032 30032 30032 30032 30032 30032 30032 30032 2 30032 30032 30032 30032 30032 
41 3000 30032 30032 30032 4 30032 30032 30032 30032 30032 30032 30032 30032 30032 30032 30032 30032 30032 30032 30032 30032 30032 30032 30032 30032 30032 30032 30032 30032 30032 30032 30032 30032 30032 30032 30032 30032 30032 30032 1 30032 30032 30032 30032 30032 30032 30032 30032 30032 30032 30032 30032 30032 1 30032 30032 30032 30032 30032 1 30032 30032 30032 1 30032 30032 30032 30032 30032 30032 30032 2 30032 30032 30032 30032 30032 30032 3 30032 30032 30032 30032 30032 30032 30032 30032 30032 30032 4 30032 30032 30032 3 2 30032 30032 30032 30032 30032 30032 
42 3000 30032 30032 30032 30032 30032 30032 30032 30032 30032 2 30032 30032 4 30032 30032 30032 30032 30032 30032 30032 30032 30032 30032 30032 30032 30032 30032 30032 0 30032 30032 30032 30032 30032 30032 30032 2 3 30032 30032 3 30032 30032 30032 30032 30032 30032 30032 30032 30032 30032 30032 4 30032 30032 1 30032 30032 30032 30032 3 30032 30032 30032 30032 4 30032 30032 30032 30032 30032 30032 30032 30032 30032 30032 30032 30032 30032 30032 30032 30032 30032 30032 30032 30032 30032 30032 30032 30032 30032 30032 30032 30032 30032 30032 30032 30032 30032 30032 
43 3000 30032 30032 30032 30032 30032 30032 30032 30032 1 30032 30032 30032 30032 30032 30032 30032 4 30032 30032 30032 30032 30032 30032 30032 30032 30032 30032 30032 30032 30032 3 2 30032 30032 0 30032 30032 30032 30032 30032 30032 3 30032 30032 2 30032 30032 30032 30032 30032 30032 30032 30032 30032 30032 30032 30032 30032 30032 30032 30032 30032 30032 30032 30032 30032 30032 30032 30032 30032 30032 30032 30032 30032 30032 30032 4 3 30032 30032 0 30032 30032 30032 30032 30032 30032 30032 30032 30032 30032 30032 30032 30032 30032 30032 30032 30032 30032 30032 
44 3000 30032 30032 30032 30032 30032 30032 30032 30032 30032 30032 30032 30032 30032 30032 30032 30032 30032 30032 30032 30032 30032 30032 30032 30032 30032 30032 30032 30032 30032 30032 3 30032 30032 30032 30032 30032 30032 0 30032 30032 30032 30032 30032 3 30032 30032 30032 30032 30032 30032 30032 30032 30032 30032 30032 30032 30032 30032 30032 30032 1 30032 30032 30032 30032 30032 30032 30032 30032 30032 30032 2 30032 30032 30032 30032 30032 30032 30032 30032 2 30032 30032 30032 30032 3 30032 30032 30032 30032 0 30032 30032 3 4 30032 30032 30032 30032 30032 
45 3000 30032 30032 30032 30032 30032 30032 30032 30032 30032 30032 30032 4 30032 30032 30032 30032 30032 30032 30032 30032 30032 1 30032 30032 30032 30032 30032 30032 30032 30032 1 30032 30032 30032 30032 30032 30032 1 30032 30032 30032 30032 30032 30032 30032 30032 30032 30032 30032 30032 30032 30032 30032 0 30032 30032 30032 30032 30032 30032 30032 30032 30032 30032 30032 30032 30032 30032 0 30032 30032 30032 30032 30032 30032 30032 30032 30032 1 30032 2 0 30032 30032 30032 2 30032 30032 30032 30032 30032 30032 30032 30032 30032 30032 30032 30032 30032 30032 
46 3000 30032 30032 30032 30032 3 30032 3 30032 30032 1 30032 30032 30032 30032 30032 30032 30032 30032 30032 30032 30032 30032 30032 30032 30032 30032 30032 30032 30032 30032 30032 30032 30032 30032 30032 30032 30032 30032 30032 30032 30032 30032 30032 3 30032 30032 30032 1 30032 30032 30032 30032 30032 30032 30032 30032 4 4 30032 30032 30032 30032 30032 0 30032 30032 30032 30032 30032 30032 30032 30032 3 30032 30032 30032 30032 30032 30032 30032 30032 30032 30032 30032 30032 30032 30032 30032 30032 30032 30032 30032 1 30032 30032 30032 30032 30032 30032 30032 
47 3000 30032 30032 30032 30032 30032 30032 4 30032 30032 30032 30032 4 30032 4 30032 30032 30032 30032 30032 30032 2 30032 30032 3 30032 30032 30032 30032 30032 30032 30032 30032 30032 30032 30032 30032 30032 30032 30032 30032 30032 30032 30032 30032 30032 30032 30032 30032 30032 30032 30032 30032 30032 1 30032 30032 30032 30032 30032 30032 30032 30032 30032 30032 30032 30032 30032 30032 30032 30032 0 30032 30032 30032 30032 30032 30032 30032 30032 30032 30032 30032 30032 30032 30032 30032 0 30032 30032 30032 30032 4 30032 30032 30032 30032 1 30032 30032 30032 
48 3000 30032 30032 30032 30032 30032 30032 30032 30032 30032 30032 30032 30032 30032 30032 30032 30032 30032 30032 30032 30032 30032 30032 30032 30032 30032 30032 30032 30032 30032 30032 30032 30032 30032 30032 30032 30032 30032 30032 30032 30032 30032 30032 30032 30032 0 30032 30032 30032 30032 3 30032 30032 30032 4 30032 30032 30032 30032 30032 30032 30032 0 30032 30032 30032 3 30032 30032 30032 30032 30032 30032 30032 30032 30032 30032 30032 30032 4 30032 30032 30032 30032 30032 30032 30032 0 30032 30032 30032 30032 30032 30032 30032 30032 0 30032 30032 4 0 
49 3000 30032 30032 30032 30032 30032 2 30032 30032 30032 30032 30032 30032 30032 30032 30032 30032 30032 30032 30032 30032 30032 30032 1 30032 3 30032 30032 30032 30032 0 30032 2 30032 30032 30032 30032 30032 30032 30032 30032 30032 30032 30032 30032 30032 30032 30032 0 30032 30032 30032 30032 30032 30032 30032 30032 30032 30032 30032 30032 30032 30032 30032 0 30032 30032 30032 30032 30032 30032 30032 4 30032 2 30032 30032 30032 30032 30032 30032 30032 0 30032 30032 30032 30032 30032 30032 30032 30032 30032 30032 30032 30032 30032 30032 30032 30032 30032 30032 
50 3000 30032 30032 30032 30032 30032 30032 30032 30032 30032 30032 30032 30032 30032 30032 30032 30032 30032 30032 0 30032 30032 30032 30032 30032 30032 30032 1 30032 30032 30032 30032 30032 3 30032 3 30032 30032 30032 30032 30032 30032 30032 30032 30032 30032 4 30032 30032 0 30032 30032 30032 0 30032 30032 30032 30032 30032 30032 30032 4 30032 30032 30032 30032 30032 30032 0 30032 30032 30032 30032 30032 30032 30032 3 30032 30032 30032 30032 30032 30032 30032 30032 30032 30032 30032 30032 30032 30032 30032 30032 30032 30032 30032 30032 30032 30032 30032 30032 
51 3000 30032 30032 30032 30032 30032 30032 30032 30032 30032 30032 30032 30032 30032 30032 30032 30032 30032 30032 30032 30032 30032 30032 30032 30032 30032 30032 30032 30032 30032 30032 30032 30032 30032 30032 30032 3 3 2 30032 30032 30032 30032 30032 30032 30032 30032 30032 30032 0 30032 30032 30032 30032 30032 30032 30032 30032 30032 30032 30032 30032 0 30032 30032 30032 30032 30032 30032 30032 2 30032 30032 2 30032 30032 30032 30032 30032 30032 30032 3 30032 30032 30032 30032 30032 30032 30032 30032 30032 1 0 30032 30032 30032 30032 30032 30032 30032 30032 
52 3000 30032 30032 30032 30032 30032 30032 30032 30032 30032 30032 30032 30032 30032 30032 30032 30032 30032 30032 30032 30032 4 30032 30032 30032 30032 30032 30032 30032 30032 30032 30032 30032 30032 30032 30032 30032 30032 30032 30032 30032 1 30032 30032 30032 2 30032 30032 30032 30032 3 30032 30032 30032 30032 30032 3 30032 30032 30032 30032 2 30032 30032 30032 30032 30032 30032 4 30032 30032 3 30032 30032 4 30032 0 30032 30032 30032 30032 30032 30032 30032 30032 30032 30032 30032 30032 30032 30032 30032 30032 30032 30032 30032 30032 30032 30032 30032 30032 
53 3000 30032 30032 1 30032 30032 30032 30032 30032 30032 30032 30032 30032 2 30032 30032 30032 30032 30032 30032 30032 30032 30032 30032 30032 30032 30032 30032 30032 30032 30032 30032 30032 30032 3 30032 30032 30032 30032 30032 30032 30032 30032 30032 30032 30032 30032 30032 30032 30032 30032 2 30032 30032 30032 30032 2 30032 30032 30032 30032 30032 30032 30032 30032 30032 30032 30032 30032 30032 30032 30032 30032 30032 30032 1 30032 30032 30032 0 30032 30032 30032 30032 1 0 30032 30032 30032 30032 30032 3 30032 30032 30032 30032 30032 30032 30032 30032 30032 
54 3000 30032 30032 30032 30032 30032 30032 30032 30032 30032 0 30032 30032 30032 30032 30032 30032 30032 30032 30032 30032 30032 30032 30032 30032 30032 30032 30032 30032 30032 30032 30032 30032 30032 2 30032 30032 30032 30032 30032 30032 30032 30032 30032 30032 30032 30032 30032 30032 30032 30032 30032 3 30032 30032 30032 30032 30032 30032 30032 30032 30032 30032 30032 30032 30032 30032 30032 30032 30032 30032 30032 30032 2 30032 30032 30032 30032 30032 30032 30032 30032 30032 30032 30032 30032 30032 30032 1 30032 4 30032 30032 30032 30032 3 4 30032 30032 3 4 
55 3000 30032 30032 30032 30032 30032 30032 30032 30032 30032 30032 30032 30032 30032 30032 2 30032 30032 30032 30032 30032 30032 30032 30032 30032 2 30032 30032 30032 30032 30032 30032 30032 30032 30032 30032 30032 30032 30032 30032 30032 30032 30032 30032 30032 4 3 30032 30032 30032 30032 30032 30032 30032 30032 30032 30032 30032 30032 30032 3 30032 30032 30032 3 30032 4 30032 30032 30032 30032 30032 30032 30032 30032 30032 3 30032 30032 30032 30032 30032 30032 0 0 30032 30032 30032 30032 30032 30032 30032 30032 30032 30032 30032 30032 30032 30032 30032 30032 
56 3000 30032 30032 1 30032 30032 30032 30032 30032 4 30032 30032 4 4 30032 30032 30032 30032 30032 30032 30032 30032 30032 30032 3 30032 3 30032 30032 30032 30032 30032 30032 30032 30032 30032 30032 30032 30032 30032 30032 1 30032 30032 30032 30032 30032 30032 30032 30032 30032 30032 30032 0 30032 0 30032 30032 30032 30032 30032 30032 30032 30032 4 30032 30032 30032 30032 30032 30032 30032 30032 30032 30032 30032 30032 30032 30032 30032 30032 30032 30032 30032 30032 30032 30032 30032 30032 30032 30032 30032 30032 30032 30032 30032 30032 30032 30032 30032 30032 
57 3000 30032 30032 30032 30032 30032 2 30032 0 30032 30032 30032 30032 30032 30032 30032 4 30032 30032 30032 30032 30032 30032 30032 30032 30032 4 30032 30032 30032 30032 30032 30032 30032 30032 30032 30032 30032 30032 30032 30032 30032 30032 1 30032 30032 30032 30032 30032 30032 30032 30032 30032 30032 30032 30032 30032 30032 30032 30032 30032 30032 30032 30032 30032 30032 30032 30032 2 30032 30032 30032 30032 30032 3 30032 30032 30032 2 30032 30032 30032 30032 30032 30032 30032 30032 30032 3 30032 30032 2 30032 30032 30032 30032 30032 30032 30032 30032 30032 
58 3000 30032 30032 0 3 30032 30032 30032 30032 30032 30032 30032 30032 30032 30032 30032 2 30032 0 30032 30032 30032 30032 30032 30032 30032 30032 30032 30032 30032 30032 30032 30032 30032 30032 30032 30032 30032 30032 30032 30032 1 30032 30032 2 30032 30032 30032 30032 30032 30032 30032 30032 30032 30032 30032 30032 0 30032 30032 30032 30032 30032 30032 30032 30032 30032 3 30032 30032 3 30032 30032 2 30032 30032 30032 30032 30032 30032 30032 30032 30032 30032 30032 30032 30032 30032 30032 30032 30032 30032 30032 30032 30032 30032 30032 30032 30032 30032 30032 
59 3000 30032 30032 30032 30032 30032 30032 30032 30032 30032 30032 30032 30032 30032 30032 30032 30032 0 30032 30032 30032 30032 30032 30032 3 4 30032 30032 30032 3 30032 30032 30032 0 30032 30032 30032 30032 30032 30032 30032 30032 30032 30032 30032 30032 30032 30032 30032 30032 30032 30032 30032 30032 30032 30032 30032 0 30032 30032 30032 30032 30032 30032 30032 30032 30032 30032 30032 30032 4 30032 30032 30032 30032 30032 1 30032 30032 30032 30032 30032 30032 1 0 30032 30032 30032 30032 30032 30032 30032 30032 30032 30032 30032 30032 30032 30032 30032 30032 
60 3000 4 30032 30032 1 30032 3 30032 30032 30032 30032 30032 30032 30032 4 2 30032 4 30032 30032 30032 30032 30032 3 30032 30032 4 30032 30032 30032 30032 30032 1 30032 2 30032 30032 30032 30032 30032 30032 30032 30032 30032 30032 30032 30032 30032 30032 30032 30032 30032 30032 30032 30032 30032 30032 30032 30032 30032 30032 30032 30032 30032 30032 30032 30032 30032 30032 30032 30032 30032 30032 30032 30032 30032 30032 30032 30032 30032 30032 30032 30032 30032 30032 30032 30032 30032 30032 30032 30032 30032 30032 30032 30032 30032 30032 30032 30032 30032 30032 
61 3000 4 0 30032 30032 30032 30032 30032 30032 30032 30032 30032 30032 30032 30032 30032 30032 30032 30032 30032 30032 30032 30032 30032 30032 30032 30032 30032 30032 30032 30032 30032 30032 2 30032 30032 30032 30032 30032 30032 30032 1 4 0 1 30032 30032 30032 30032 30032 30032 30032 30032 0 30032 30032 30032 30032 30032 30032 30032 0 30032 30032 30032 2 30032 30032 30032 30032 30032 30032 30032 30032 30032 30032 30032 30032 30032 30032 30032 30032 30032 30032 30032 30032 30032 30032 30032 30032 30032 30032 30032 30032 30032 30032 30032 30032 30032 30032 30032 
62 3000 30032 1 30032 30032 30032 30032 30032 30032 30032 30032 30032 30032 30032 30032 30032 30032 30032 30032 30032 30032 0 30032 30032 30032 30032 30032 30032 30032 30032 2 30032 30032 30032 30032 30032 30032 30032 30032 30032 30032 30032 30032 30032 30032 30032 30032 30032 30032 30032 0 30032 30032 30032 30032 3 30032 30032 30032 30032 30032 30032 30032 30032 3 30032 30032 30032 30032 30032 30032 2 30032 30032 30032 0 30032 3 30032 30032 0 30032 30032 30032 30032 30032 30032 30032 30032 30032 30032 30032 30032 30032 30032 30032 30032 30032 30032 30032 30032 
63 3000 30032 4 30032 30032 30032 30032 30032 30032 30032 30032 3 30032 30032 30032 30032 30032 30032 30032 30032 30032 30032 30032 30032 30032 30032 30032 30032 30032 30032 30032 1 30032 30032 30032 30032 30032 30032 30032 30032 30032 30032 30032 30032 2 30032 30032 30032 0 30032 30032 30032 30032 30032 30032 30032 30032 30032 30032 30032 30032 30032 30032 30032 30032 30032 30032 30032 30032 30032 30032 30032 30032 30032 30032 30032 30032 30032 1 30032 30032 30032 30032 2 30032 30032 30032 30032 30032 2 30032 1 30032 3 30032 30032 30032 30032 30032 30032 30032 
64 3000 30032 30032 30032 30032 30032 30032 30032 30032 30032 4 30032 4 0 30032 1 30032 2 30032 30032 30032 30032 30032 30032 30032 30032 30032 30032 30032 30032 30032 30032 30032 30032 30032 30032 30032 30032 0 30032 30032 30032 0 2 30032 30032 30032 30032 30032 2 30032 30032 30032 30032 30032 1 30032 30032 30032 30032 30032 30032 30032 30032 30032 30032 30032 30032 30032 30032 30032 30032 30032 30032 30032 30032 30032 30032 30032 30032 30032 30032 30032 30032 30032 30032 30032 30032 30032 30032 30032 30032 30032 30032 30032 30032 30032 30032 30032 30032 30032 
65 3000 30032 30032 30032 30032 30032 30032 30032 30032 30032 30032 30032 30032 30032 3 30032 30032 30032 30032 2 30032 1 3 4 30032 30032 30032 30032 30032 30032 30032 30032 3 30032 30032 30032 30032 30032 30032 30032 30032 30032 30032 30032 30032 30032 30032 30032 30032 1 30032 30032 1 30032 30032 0 30032 30032 30032 30032 30032 0 30032 30032 30032 30032 30032 30032 30032 30032 30032 30032 30032 30032 30032 30032 30032 30032 30032 30032 30032 30032 30032 30032 30032 30032 30032 30032 30032 30032 30032 30032 30032 30032 30032 30032 30032 30032 30032 30032 30032 
66 3000 30032 30032 30032 30032 30032 30032 30032 30032 30032 30032 30032 30032 30032 30032 30032 30032 30032 30032 30032 30032 30032 30032 2 3 30032 30032 30032 30032 30032 30032 30032 30032 30032 30032 30032 30032 30032 30032 30032 30032 30032 30032 30032 30032 30032 30032 30032 30032 30032 30032 30032 30032 30032 30032 30032 30032 30032 30032 30032 1 30032 30032 30032 30032 3 3 30032 30032 30032 30032 30032 30032 30032 0 30032 30032 30032 30032 30032 1 30032 30032 30032 30032 30032 30032 30032 30032 3 30032 30032 2 0 30032 30032 30032 30032 30032 30032 30032 
67 3000 30032 30032 30032 30032 30032 30032 30032 30032 30032 30032 30032 30032 30032 30032 30032 30032 30032 30032 30032 30032 30032 30032 30032 30032 30032 30032 30032 30032 30032 30032 4 30032 30032 30032 30032 30032 30032 30032 30032 30032 30032 30032 30032 30032 30032 30032 30032 30032 30032 30032 30032 30032 30032 30032 30032 30032 30032 30032 0 1 30032 3 4 30032 30032 2 30032 30032 30032 30032 30032 30032 30032 30032 30032 30032 30032 30032 30032 30032 30032 30032 30032 30032 30032 30032 2 30032 30032 30032 30032 30032 30032 30032 30032 30032 3 4 30032 2 
68 3000 30032 30032 30032 30032 30032 30032 30032 30032 30032 30032 30032 30032 30032 30032 30032 30032 30032 30032 30032 4 30032 30032 30032 30032 4 30032 30032 4 30032 30032 30032 30032 30032 30032 30032 30032 30032 30032 30032 30032 30032 30032 30032 30032 30032 30032 30032 30032 30032 30032 30032 30032 30032 30032 30032 30032 3 30032 30032 30032 30032 30032 30032 30032 30032 30032 30032 30032 30032 30032 30032 30032 30032 30032 30032 30032 30032 30032 30032 30032 30032 30032 30032 30032 30032 30032 3 30032 30032 2 30032 30032 30032 2 0 0 4 30032 30032 30032 
69 3000 30032 30032 30032 30032 30032 30032 30032 30032 30032 30032 30032 1 1 30032 30032 30032 30032 30032 30032 30032 30032 30032 30032 30032 30032 30032 30032 30032 0 30032 30032 4 30032 30032 30032 3 1 30032 30032 30032 30032 30032 30032 30032 30032 30032 30032 30032 30032 30032 0 30032 30032 30032 30032 30032 2 30032 30032 30032 30032 30032 30032 30032 30032 30032 30032 30032 30032 30032 30032 0 30032 30032 4 30032 30032 30032 30032 30032 30032 30032 30032 30032 30032 30032 30032 30032 30032 30032 30032 30032 30032 30032 30032 30032 30032 30032 30032 30032 
70 3000 30032 30032 30032 30032 30032 0 30032 30032 30032 30032 30032 30032 30032 30032 30032 30032 30032 30032 30032 30032 30032 30032 30032 30032 30032 0 30032 30032 30032 30032 30032 30032 30032 1 0 30032 4 2 30032 30032 30032 0 30032 30032 30032 30032 2 30032 30032 30032 4 30032 30032 30032 30032 30032 30032 30032 30032 30032 30032 30032 30032 30032 30032 30032 30032 30032 1 30032 30032 30032 30032 30032 30032 30032 30032 30032 30032 30032 30032 30032 30032 30032 30032 30032 30032 30032 30032 30032 30032 30032 30032 30032 30032 30032 30032 30032 30032 30032 
71 3000 30032 30032 30032 30032 30032 30032 30032 30032 30032 30032 30032 30032 30032 30032 30032 30032 30032 30032 30032 2 30032 30032 30032 30032 30032 30032 30032 30032 30032 30032 30032 30032 30032 30032 30032 30032 30032 30032 30032 30032 30032 30032 30032 4 30032 30032 1 30032 30032 30032 30032 30032 30032 30032 0 30032 30032 30032 30032 30032 30032 30032 30032 30032 30032 3 30032 30032 1 30032 30032 30032 30032 30032 30032 1 30032 1 30032 30032 30032 30032 30032 30032 30032 30032 30032 4 4 30032 30032 30032 30032 30032 30032 30032 30032 30032 30032 30032 
72 3000 30032 4 30032 30032 30032 30032 30032 30032 30032 30032 30032 30032 30032 1 30032 30032 30032 30032 30032 30032 30032 30032 30032 30032 1 30032 30032 30032 2 30032 30032 30032 30032 30032 30032 30032 30032 30032 30032 30032 30032 30032 30032 30032 30032 30032 2 4 30032 30032 30032 30032 30032 0 30032 30032 30032 30032 30032 30032 30032 30032 30032 30032 30032 30032 30032 30032 2 30032 30032 4 30032 1 30032 30032 30032 30032 30032 30032 30032 30032 30032 30032 30032 30032 30032 30032 30032 30032 30032 30032 30032 30032 30032 30032 30032 30032 30032 30032 
73 3000 30032 30032 30032 30032 30032 30032 30032 1 30032 30032 30032 30032 30032 30032 30032 30032 30032 30032 30032 30032 30032 30032 30032 30032 30032 30032 30032 30032 30032 30032 30032 30032 30032 30032 30032 30032 0 30032 30032 30032 30032 30032 30032 30032 30032 30032 4 30032 30032 30032 30032 30032 30032 30032 30032 30032 30032 3 0 30032 30032 30032 30032 30032 30032 30032 30032 30032 30032 30032 30032 30032 30032 30032 30032 30032 0 30032 30032 30032 30032 30032 0 30032 30032 30032 30032 30032 30032 30032 30032 30032 30032 30032 30032 30032 30032 2 0 3 
74 3000 30032 30032 30032 30032 30032 30032 3 30032 30032 4 30032 30032 30032 30032 30032 30032 30032 30032 30032 30032 30032 30032 0 30032 1 30032 3 30032 30032 30032 30032 30032 30032 30032 30032 30032 30032 30032 30032 30032 30032 30032 30032 30032 30032 30032 30032 30032 30032 30032 30032 30032 30032 30032 30032 30032 30032 30032 30032 30032 30032 0 30032 30032 30032 30032 30032 30032 30032 30032 30032 30032 30032 30032 30032 4 30032 30032 30032 0 30032 30032 30032 30032 4 30032 30032 30032 30032 30032 30032 1 30032 30032 30032 30032 30032 30032 30032 30032 
75 3000 30032 30032 30032 30032 1 4 30032 30032 30032 30032 30032 30032 4 30032 30032 30032 30032 30032 30032 30032 30032 30032 30032 30032 30032 30032 30032 30032 30032 30032 2 30032 30032 30032 30032 30032 30032 30032 30032 4 30032 30032 30032 30032 30032 30032 30032 30032 30032 30032 30032 30032 30032 30032 30032 30032 30032 0 30032 30032 30032 30032 30032 30032 30032 30032 30032 30032 30032 30032 30032 30032 30032 30032 0 30032 30032 0 30032 30032 30032 0 30032 30032 3 30032 30032 30032 30032 30032 30032 30032 30032 30032 30032 30032 30032 30032 30032 30032 
76 3000 30032 30032 30032 30032 30032 30032 30032 30032 30032 30032 3 30032 30032 30032 3 30032 30032 30032 30032 30032 30032 0 30032 30032 30032 30032 30032 30032 30032 30032 30032 30032 4 30032 30032 30032 30032 4 30032 30032 30032 30032 30032 30032 30032 30032 30032 30032 30032 30032 30032 30032 30032 30032 30032 30032 30032 30032 30032 30032 30032 30032 30032 30032 0 0 30032 30032 30032 4 30032 30032 2 30032 30032 30032 30032 30032 30032 30032 30032 4 30032 30032 30032 30032 30032 30032 30032 30032 30032 30032 30032 30032 30032 30032 30032 30032 30032 30032 
77 3000 30032 30032 30032 30032 30032 30032 30032 30032 30032 30032 30032 30032 30032 30032 30032 3 30032 30032 30032 30032 30032 30032 30032 30032 30032 30032 30032 30032 30032 4 30032 30032 30032 1 30032 30032 30032 30032 2 30032 30032 30032 30032 30032 30032 30032 30032 30032 3 30032 30032 0 30032 30032 30032 30032 30032 30032 30032 30032 30032 30032 30032 30032 30032 30032 30032 3 30032 30032 30032 30032 30032 30032 30032 30032 30032 30032 30032 30032 30032 30032 30032 30032 30032 30032 30032 1 0 30032 30032 30032 30032 0 30032 30032 30032 30032 30032 30032 
78 3000 30032 30032 30032 30032 30032 30032 30032 0 1 30032 2 30032 30032 30032 30032 4 3 30032 30032 30032 30032 30032 30032 30032 30032 30032 2 30032 30032 30032 30032 30032 30032 30032 30032 30032 30032 30032 4 30032 30032 30032 30032 30032 30032 2 30032 30032 30032 30032 30032 30032 30032 30032 30032 3 30032 0 30032 30032 30032 30032 30032 30032 30032 30032 30032 30032 30032 30032 30032 30032 30032 30032 30032 30032 30032 30032 30032 30032 30032 30032 30032 30032 30032 30032 30032 30032 30032 30032 30032 30032 30032 30032 30032 30032 30032 30032 30032 30032 
79 3000 30032 30032 30032 30032 30032 30032 30032 30032 30032 0 30032 30032 30032 30032 30032 30032 30032 30032 30032 30032 30032 30032 30032 30032 30032 30032 1 30032 30032 30032 30032 30032 30032 30032 30032 30032 30032 30032 30032 30032 30032 30032 30032 30032 4 30032 0 30032 30032 30032 30032 30032 30032 30032 30032 30032 30032 30032 30032 30032 30032 30032 30032 30032 30032 3 30032 30032 30032 30032 30032 30032 30032 30032 30032 30032 30032 30032 30032 30032 1 30032 3 3 30032 30032 30032 30032 30032 30032 30032 30032 30032 30032 30032 30032 30032 30032 1 0 
80 3000 1 30032 30032 30032 30032 30032 30032 30032 30032 30032 30032 30032 30032 3 30032 30032 30032 30032 30032 30032 30032 2 30032 30032 30032 30032 30032 30032 30032 30032 30032 2 4 30032 30032 30032 30032 30032 30032 30032 30032 30032 30032 30032 30032 30032 30032 30032 4 30032 30032 30032 30032 30032 30032 30032 30032 30032 30032 30032 30032 4 30032 30032 30032 30032 30032 30032 30032 30032 30032 30032 3 30032 2 30032 30032 0 30032 30032 30032 30032 30032 30032 30032 30032 30032 30032 30032 30032 30032 30032 30032 30032 30032 30032 30032 30032 30032 30032 
81 3000 30032 30032 30032 30032 30032 30032 30032 30032 30032 30032 30032 0 30032 30032 30032 30032 30032 1 30032 30032 3 30032 0 30032 3 0 30032 30032 30032 30032 30032 30032 30032 30032 30032 30032 30032 30032 30032 30032 30032 30032 30032 30032 4 30032 30032 30032 30032 30032 30032 30032 30032 30032 30032 30032 30032 30032 30032 1 30032 30032 30032 3 30032 30032 30032 2 30032 30032 30032 30032 30032 30032 30032 30032 30032 30032 30032 30032 30032 30032 30032 30032 30032 30032 30032 30032 30032 30032 30032 30032 30032 30032 30032 30032 30032 30032 30032 30032 
82 3000 30032 30032 30032 30032 30032 30032 30032 30032 30032 30032 1 30032 30032 1 30032 30032 30032 30032 2 4 30032 30032 4 1 30032 30032 30032 30032 30032 30032 30032 30032 30032 30032 30032 30032 30032 3 30032 30032 30032 30032 30032 30032 30032 30032 30032 30032 30032 30032 30032 30032 30032 30032 30032 30032 30032 30032 30032 30032 30032 30032 30032 30032 30032 30032 1 30032 30032 30032 30032 30032 30032 30032 30032 30032 30032 30032 1 30032 30032 4 30032 30032 30032 30032 30032 30032 30032 30032 30032 30032 30032 30032 30032 30032 30032 30032 30032 30032 
83 3000 30032 2 30032 2 30032 30032 30032 4 30032 30032 30032 30032 30032 30032 30032 0 30032 30032 30032 2 30032 30032 30032 30032 30032 30032 30032 30032 30032 30032 30032 30032 30032 30032 30032 30032 30032 30032 30032 30032 0 2 30032 30032 30032 30032 30032 30032 30032 4 30032 2 30032 30032 30032 30032 30032 30032 4 30032 30032 30032 30032 30032 30032 30032 30032 30032 30032 30032 30032 30032 30032 30032 30032 30032 30032 30032 30032 30032 30032 30032 30032 30032 30032 30032 30032 30032 30032 30032 30032 30032 30032 30032 30032 30032 30032 30032 30032 30032 
84 3000 30032 30032 30032 30032 30032 30032 30032 30032 30032 30032 30032 30032 30032 30032 30032 30032 30032 3 30032 30032 30032 30032 30032 30032 30032 30032 30032 3 30032 3 30032 30032 30032 30032 30032 30032 30032 30032 30032 30032 30032 3 30032 30032 30032 30032 30032 30032 3 30032 30032 30032 30032 30032 30032 30032 30032 30032 30032 30032 30032 30032 30032 30032 30032 30032 30032 30032 30032 30032 1 30032 30032 30032 30032 30032 30032 30032 0 30032 30032 30032 30032 30032 30032 30032 30032 30032 30032 30032 30032 2 30032 30032 30032 0 30032 30032 30032 0 
85 3000 30032 30032 30032 30032 30032 30032 30032 30032 30032 30032 30032 30032 30032 30032 30032 30032 30032 30032 30032 30032 30032 30032 30032 30032 30032 30032 30032 30032 30032 30032 30032 30032 30032 30032 30032 2 30032 30032 30032 30032 30032 30032 0 30032 30032 30032 30032 30032 4 30032 30032 1 30032 30032 30032 30032 30032 30032 30032 30032 30032 30032 30032 30032 30032 30032 30032 30032 30032 30032 30032 4 30032 30032 30032 30032 2 2 30032 30032 3 30032 30032 30032 30032 4 2 30032 30032 30032 30032 30032 30032 30032 30032 30032 30032 30032 30032 30032 
86 3000 30032 30032 30032 30032 30032 30032 30032 30032 30032 30032 30032 30032 30032 30032 4 30032 30032 30032 30032 30032 30032 3 30032 30032 30032 30032 30032 30032 30032 30032 30032 30032 30032 30032 30032 30032 30032 30032 30032 0 30032 30032 30032 30032 30032 30032 30032 30032 30032 30032 30032 0 30032 30032 3 30032 30032 4 30032 30032 30032 30032 30032 30032 30032 30032 30032 30032 30032 30032 30032 30032 30032 30032 30032 30032 30032 30032 30032 30032 30032 30032 30032 30032 0 30032 30032 4 30032 30032 30032 1 30032 2 30032 30032 30032 30032 30032 30032 
87 3000 1 0 30032 0 30032 30032 30032 30032 30032 30032 30032 30032 30032 30032 30032 30032 30032 30032 30032 30032 30032 30032 4 30032 3 30032 30032 30032 30032 30032 30032 30032 30032 30032 30032 0 30032 30032 30032 4 30032 30032 30032 30032 30032 30032 30032 30032 30032 2 1 30032 30032 30032 30032 30032 30032 30032 30032 1 30032 30032 30032 30032 30032 30032 30032 30032 30032 30032 30032 30032 30032 30032 30032 30032 30032 30032 30032 30032 30032 30032 30032 30032 30032 30032 30032 30032 30032 30032 30032 30032 30032 30032 30032 30032 30032 30032 30032 30032 
88 3000 30032 30032 30032 30032 30032 30032 30032 30032 1 30032 30032 30032 2 30032 30032 0 30032 30032 30032 1 3 30032 30032 30032 30032 30032 30032 30032 30032 30032 30032 30032 30032 30032 30032 30032 30032 30032 30032 30032 30032 30032 30032 30032 30032 30032 30032 30032 30032 30032 30032 30032 30032 30032 30032 30032 3 30032 1 30032 30032 30032 30032 30032 30032 30032 3 30032 30032 30032 2 30032 2 30032 30032 30032 30032 30032 30032 30032 30032 30032 30032 30032 30032 30032 30032 30032 30032 30032 30032 30032 30032 30032 30032 30032 30032 30032 30032 30032 
89 3000 2 30032 30032 30032 30032 30032 30032 30032 2 30032 30032 30032 30032 30032 30032 30032 3 30032 30032 30032 30032 30032 30032 30032 30032 30032 30032 30032 30032 30032 30032 30032 30032 30032 30032 30032 30032 30032 30032 30032 30032 30032 30032 30032 30032 30032 30032 30032 30032 30032 30032 1 0 30032 30032 4 30032 30032 30032 30032 30032 30032 30032 30032 30032 30032 30032 30032 1 4 30032 30032 30032 3 30032 30032 30032 30032 30032 30032 30032 30032 30032 30032 30032 30032 30032 30032 30032 3 30032 30032 30032 30032 30032 30032 30032 30032 30032 30032 
90 3000 4 30032 30032 30032 30032 30032 2 30032 30032 30032 30032 30032 30032 30032 30032 30032 30032 2 30032 30032 30032 30032 1 30032 30032 30032 30032 3 30032 30032 30032 30032 30032 30032 30032 30032 3 30032 30032 30032 30032 30032 30032 30032 30032 30032 30032 30032 30032 0 30032 30032 30032 30032 30032 30032 30032 30032 30032 30032 30032 30032 30032 30032 30032 30032 30032 30032 30032 30032 30032 1 30032 30032 2 1 30032 30032 30032 30032 30032 30032 30032 30032 30032 30032 30032 30032 30032 30032 30032 30032 30032 30032 30032 30032 30032 30032 30032 30032 
91 3000 30032 30032 30032 30032 30032 30032 30032 1 30032 30032 30032 30032 30032 30032 30032 30032 30032 30032 3 4 4 30032 30032 30032 30032 30032 30032 30032 0 30032 30032 30032 30032 30032 30032 30032 30032 30032 3 30032 30032 30032 30032 0 30032 30032 30032 30032 30032 30032 30032 30032 30032 30032 30032 30032 30032 30032 30032 30032 30032 30032 30032 30032 30032 30032 30032 30032 30032 30032 30032 1 1 30032 30032 30032 30032 30032 30032 30032 30032 0 30032 30032 30032 30032 30032 30032 30032 30032 30032 30032 30032 30032 30032 30032 30032 30032 30032 30032 
92 3000 30032 30032 30032 30032 30032 30032 30032 30032 0 30032 30032 30032 30032 30032 30032 30032 30032 30032 30032 30032 30032 30032 30032 30032 30032 2 30032 30032 3 30032 30032 30032 30032 30032 30032 30032 30032 30032 30032 30032 30032 3 30032 30032 3 30032 30032 30032 30032 30032 30032 30032 30032 30032 30032 30032 30032 30032 30032 30032 30032 30032 30032 0 30032 30032 30032 30032 30032 30032 30032 30032 30032 30032 30032 30032 30032 30032 30032 30032 30032 30032 30032 30032 30032 30032 30032 30032 30032 1 30032 30032 1 30032 30032 30032 1 30032 4 30032 
93 3000 30032 30032 30032 30032 30032 30032 30032 30032 30032 30032 30032 30032 30032 30032 30032 4 30032 30032 30032 30032 30032 30032 30032 30032 30032 30032 30032 30032 30032 4 30032 30032 30032 30032 30032 30032 30032 0 30032 30032 30032 30032 30032 30032 30032 30032 30032 30032 30032 1 30032 30032 30032 30032 30032 0 30032 30032 30032 30032 30032 30032 30032 30032 30032 30032 30032 30032 30032 30032 30032 30032 30032 30032 30032 30032 30032 30032 30032 30032 30032 4 30032 30032 30032 30032 30032 30032 30032 30032 30032 30032 30032 30032 30032 1 3 0 2 30032 
94 3000 30032 30032 30032 30032 30032 30032 30032 30032 30032 30032 30032 30032 30032 30032 30032 30032 30032 4 30032 30032 30032 30032 30032 30032 30032 30032 0 0 30032 30032 1 30032 30032 30032 30032 30032 30032 30032 30032 30032 30032 30032 30032 30032 30032 30032 30032 30032 30032 30032 30032 4 3 4 30032 30032 30032 4 30032 30032 30032 30032 30032 1 30032 30032 30032 4 30032 30032 30032 30032 30032 30032 30032 30032 30032 30032 30032 30032 30032 30032 30032 30032 30032 30032 30032 30032 30032 30032 30032 30032 30032 30032 30032 30032 30032 30032 30032 30032 
95 3000 1 30032 30032 30032 30032 30032 30032 30032 30032 30032 30032 30032 3 30032 30032 30032 30032 30032 30032 30032 4 30032 30032 30032 30032 30032 30032 30032 30032 30032 30032 30032 30032 30032 30032 30032 30032 30032 30032 1 30032 30032 30032 30032 30032 30032 30032 30032 30032 30032 30032 30032 30032 30032 30032 30032 30032 30032 30032 30032 30032 30032 30032 30032 30032 30032 30032 30032 30032 30032 30032 30032 30032 0 30032 30032 30032 30032 30032 30032 30032 30032 4 30032 30032 30032 30032 3 30032 1 30032 30032 30032 0 30032 30032 2 30032 30032 30032 
96 3000 30032 30032 30032 30032 30032 30032 30032 3 30032 30032 30032 30032 30032 30032 1 30032 4 30032 2 30032 30032 30032 30032 0 30032 30032 30032 1 30032 30032 30032 30032 30032 30032 30032 30032 1 30032 30032 30032 30032 30032 3 30032 30032 30032 30032 30032 30032 30032 2 30032 30032 30032 30032 30032 30032 30032 30032 30032 30032 3 30032 30032 30032 30032 30032 30032 30032 30032 30032 30032 30032 30032 30032 30032 30032 30032 30032 30032 30032 30032 30032 30032 30032 30032 30032 30032 30032 30032 30032 30032 30032 30032 30032 30032 30032 30032 30032 30032 
97 3000 30032 30032 30032 30032 30032 30032 30032 30032 30032 30032 30032 30032 30032 30032 30032 30032 30032 30032 30032 30032 30032 30032 30032 30032 30032 30032 30032 0 30032 30032 30032 30032 30032 30032 30032 3 30032 0 30032 30032 30032 30032 30032 30032 30032 30032 30032 30032 30032 30032 30032 30032 30032 30032 30032 30032 30032 30032 30032 30032 30032 30032 3 30032 30032 30032 30032 30032 3 30032 30032 30032 30032 30032 30032 30032 1 30032 30032 30032 30032 30032 30032 3 4 30032 30032 30032 30032 30032 1 30032 3 30032 30032 30032 30032 30032 30032 30032 
98 3000 30032 30032 0 30032 30032 1 30032 30032 30032 30032 30032 30032 30032 30032 30032 30032 30032 30032 30032 30032 30032 30032 30032 30032 30032 30032 30032 3 30032 30032 30032 30032 30032 0 30032 30032 30032 30032 30032 30032 30032 30032 30032 30032 30032 30032 30032 4 30032 30032 30032 30032 30032 30032 30032 30032 30032 30032 30032 30032 30032 30032 30032 30032 30032 30032 30032 30032 3 30032 30032 30032 30032 30032 30032 30032 30032 30032 30032 30032 30032 30032 30032 30032 30032 1 30032 30032 30032 0 30032 0 30032 4 30032 30032 30032 30032 30032 30032 
99 3000 30032 30032 30032 30032 30032 30032 30032 30032 30032 4 30032 30032 30032 30032 30032 30032 30032 30032 30032 1 30032 30032 30032 2 30032 30032 30032 3 30032 30032 30032 30032 30032 30032 30032 30032 30032 30032 30032 30032 30032 30032 30032 30032 30032 30032 30032 30032 30032 30032 30032 30032 30032 30032 30032 4 30032 30032 30032 30032 30032 2 4 30032 30032 30032 30032 30032 30032 30032 30032 30032 30032 30032 30032 30032 30032 30032 30032 30032 30032 30032 30032 30032 30032 30032 3 30032 30032 30032 30032 3 30032 30032 1 30032 30032 30032 30032 30032 
100 3000 30032 30032 30032 30032 30032 30032 2 30032 4 30032 30032 30032 30032 30032 30032 30032 30032 30032 3 30032 30032 30032 30032 30032 30032 3 30032 30032 30032 30032 30032 30032 30032 30032 30032 30032 30032 30032 30032 30032 30032 30032 30032 30032 1 30032 30032 30032 30032 30032 30032 30032 30032 30032 30032 30032 30032 30032 30032 30032 30032 30032 30032 30032 30032 0 2 30032 30032 30032 30032 30032 30032 30032 30032 2 30032 3 30032 30032 0 30032 30032 30032 30032 30032 30032 30032 30032 30032 30032 30032 30032 30032 30032 30032 30032 30032 30032 30032 
