FILE: 3233GapCS.txt
100 100 0 
1 3000 30029 30029 0 3 30029 30029 30029 30029 30029 30029 30029 30029 30029 30029 30029 30029 30029 30029 30029 30029 30029 30029 4 30029 30029 30029 30029 30029 30029 30029 30029 2 30029 30029 30029 30029 0 30029 30029 30029 0 30029 30029 30029 30029 30029 30029 30029 30029 30029 30029 30029 30029 30029 30029 30029 30029 30029 0 4 30029 30029 30029 30029 30029 30029 30029 30029 30029 3 30029 30029 30029 2 30029 30029 30029 30029 30029 30029 30029 30029 30029 30029 30029 30029 30029 30029 30029 30029 30029 30029 30029 30029 30029 30029 30029 30029 30029 30029 
2 3000 30029 30029 30029 30029 30029 30029 30029 30029 30029 30029 30029 2 30029 30029 30029 30029 30029 30029 2 30029 30029 2 30029 30029 30029 30029 30029 30029 30029 30029 30029 30029 30029 30029 30029 0 1 30029 30029 30029 30029 30029 30029 30029 30029 30029 30029 30029 30029 30029 30029 30029 30029 30029 30029 30029 30029 30029 30029 30029 30029 30029 30029 30029 30029 2 30029 30029 30029 30029 30029 30029 2 30029 30029 30029 30029 2 30029 30029 30029 30029 2 30029 30029 30029 30029 30029 2 30029 30029 30029 30029 30029 30029 30029 30029 30029 30029 30029 
3 3000 30029 30029 30029 30029 30029 0 30029 30029 30029 30029 0 1 30029 30029 30029 30029 30029 30029 30029 3 30029 4 30029 30029 30029 30029 30029 30029 30029 4 30029 1 30029 0 30029 30029 30029 30029 30029 30029 30029 30029 30029 30029 30029 30029 30029 30029 30029 30029 30029 30029 30029 30029 30029 30029 30029 30029 30029 30029 30029 0 4 30029 30029 30029 30029 30029 30029 30029 30029 30029 30029 30029 30029 30029 30029 30029 30029 30029 30029 30029 30029 30029 30029 30029 30029 30029 30029 30029 30029 30029 30029 30029 30029 30029 30029 30029 30029 30029 
4 3000 1 30029 30029 30029 30029 30029 30029 30029 30029 30029 30029 30029 30029 30029 30029 30029 30029 30029 30029 2 30029 30029 30029 30029 30029 30029 30029 30029 30029 30029 30029 30029 30029 30029 30029 30029 30029 30029 30029 30029 30029 3 30029 30029 30029 0 30029 30029 4 30029 30029 30029 30029 30029 30029 30029 30029 30029 30029 30029 30029 4 30029 3 30029 30029 30029 30029 30029 30029 30029 30029 1 30029 4 30029 30029 30029 30029 2 30029 30029 30029 30029 30029 30029 30029 30029 30029 30029 30029 30029 30029 30029 30029 30029 30029 30029 30029 30029 
5 3000 30029 30029 30029 30029 30029 30029 30029 30029 30029 30029 30029 30029 30029 30029 30029 3 30029 30029 30029 30029 30029 30029 30029 30029 30029 30029 30029 30029 30029 30029 30029 30029 2 30029 30029 30029 30029 30029 4 30029 30029 30029 30029 30029 30029 30029 30029 30029 30029 30029 30029 30029 30029 30029 30029 30029 30029 30029 30029 30029 30029 30029 30029 0 1 30029 30029 30029 30029 30029 30029 30029 30029 30029 1 30029 2 30029 30029 30029 30029 30029 30029 30029 30029 30029 30029 30029 0 30029 30029 2 30029 30029 3 30029 30029 30029 30029 30029 
6 3000 30029 30029 30029 30029 30029 30029 30029 30029 30029 30029 30029 30029 30029 30029 2 30029 30029 30029 30029 30029 30029 30029 30029 30029 30029 30029 30029 30029 30029 30029 30029 30029 30029 30029 30029 30029 30029 0 30029 1 30029 30029 30029 30029 30029 30029 30029 30029 30029 30029 30029 30029 30029 30029 30029 1 30029 2 30029 30029 30029 30029 30029 30029 30029 0 30029 30029 1 30029 4 30029 30029 30029 30029 30029 30029 30029 30029 30029 3 30029 30029 30029 3 30029 30029 30029 30029 30029 30029 30029 30029 30029 30029 30029 30029 30029 30029 30029 
7 3000 30029 30029 30029 30029 30029 30029 30029 30029 30029 30029 30029 30029 30029 30029 30029 30029 30029 30029 30029 30029 30029 30029 30029 30029 30029 30029 30029 30029 30029 30029 30029 30029 30029 3 30029 30029 30029 30029 30029 30029 30029 30029 30029 30029 30029 30029 0 30029 30029 30029 30029 2 30029 2 30029 2 30029 30029 30029 30029 30029 30029 30029 30029 30029 30029 30029 0 30029 30029 30029 30029 0 30029 30029 30029 30029 30029 30029 30029 30029 30029 30029 30029 30029 30029 2 30029 30029 30029 1 30029 30029 30029 1 30029 30029 30029 30029 30029 
8 3000 30029 30029 30029 30029 30029 30029 30029 30029 30029 30029 30029 30029 30029 30029 30029 30029 30029 30029 30029 30029 30029 30029 30029 30029 30029 1 2 30029 30029 30029 30029 30029 30029 30029 30029 30029 30029 30029 30029 30029 30029 30029 30029 30029 30029 30029 0 30029 30029 30029 30029 30029 30029 30029 30029 30029 30029 30029 30029 30029 30029 30029 30029 30029 30029 30029 30029 30029 30029 30029 30029 1 30029 3 30029 30029 30029 30029 1 30029 30029 30029 30029 30029 30029 30029 30029 30029 30029 30029 30029 0 30029 30029 30029 30029 30029 2 2 0 
9 3000 30029 30029 2 30029 30029 30029 30029 30029 30029 30029 30029 30029 30029 30029 30029 30029 1 30029 30029 30029 30029 30029 30029 30029 30029 30029 30029 30029 30029 30029 30029 30029 30029 30029 30029 30029 30029 30029 30029 30029 30029 30029 30029 30029 30029 30029 30029 30029 30029 30029 30029 30029 30029 30029 30029 30029 30029 30029 30029 30029 30029 30029 30029 30029 30029 30029 30029 30029 1 30029 4 30029 4 30029 30029 30029 30029 30029 30029 4 30029 30029 30029 30029 30029 30029 30029 30029 30029 30029 30029 30029 30029 4 4 1 30029 30029 4 30029 
10 3000 30029 30029 30029 30029 30029 30029 30029 30029 30029 2 30029 30029 30029 30029 30029 30029 30029 30029 30029 1 30029 30029 30029 4 30029 30029 30029 30029 30029 30029 30029 30029 30029 30029 30029 30029 30029 30029 30029 30029 30029 30029 30029 30029 30029 30029 30029 30029 30029 30029 30029 30029 30029 30029 2 30029 30029 30029 30029 30029 30029 30029 30029 30029 30029 30029 30029 1 30029 30029 30029 30029 30029 1 30029 30029 30029 30029 30029 30029 30029 30029 1 30029 30029 30029 30029 30029 30029 2 30029 1 30029 30029 2 30029 30029 30029 30029 30029 
11 3000 30029 30029 30029 30029 30029 30029 30029 30029 30029 30029 30029 1 30029 30029 30029 30029 30029 30029 2 30029 30029 30029 30029 30029 30029 30029 30029 30029 30029 30029 30029 1 30029 30029 30029 30029 30029 30029 30029 1 30029 3 3 30029 30029 3 30029 30029 30029 30029 30029 30029 30029 30029 30029 30029 30029 0 30029 30029 30029 30029 30029 30029 30029 30029 30029 30029 30029 30029 3 30029 30029 30029 30029 30029 4 30029 30029 30029 30029 30029 30029 30029 30029 30029 30029 30029 30029 30029 30029 30029 30029 30029 30029 30029 30029 30029 30029 30029 
12 3000 30029 30029 30029 30029 30029 30029 30029 3 30029 30029 30029 2 30029 30029 30029 30029 30029 30029 30029 30029 30029 30029 30029 30029 30029 30029 30029 30029 30029 30029 30029 30029 30029 30029 30029 30029 30029 30029 30029 30029 30029 30029 30029 30029 30029 30029 30029 30029 30029 30029 30029 30029 30029 30029 30029 30029 30029 30029 30029 30029 30029 0 30029 3 30029 30029 1 30029 30029 30029 4 30029 30029 30029 3 30029 30029 30029 30029 0 30029 0 30029 30029 30029 30029 30029 30029 30029 30029 30029 30029 30029 30029 30029 30029 30029 30029 2 30029 
13 3000 30029 30029 30029 30029 30029 30029 1 30029 30029 30029 30029 30029 30029 30029 30029 30029 0 30029 30029 2 30029 30029 30029 30029 30029 30029 30029 30029 30029 2 30029 30029 30029 30029 30029 30029 30029 0 30029 30029 30029 2 30029 1 30029 30029 1 30029 30029 30029 30029 30029 30029 30029 30029 30029 30029 30029 30029 30029 30029 1 4 30029 30029 30029 30029 30029 30029 30029 30029 30029 30029 30029 30029 30029 30029 30029 30029 30029 30029 30029 30029 30029 30029 30029 30029 30029 30029 30029 30029 30029 30029 30029 30029 30029 30029 30029 30029 30029 
14 3000 30029 30029 30029 30029 30029 30029 30029 30029 30029 30029 3 2 30029 30029 30029 0 30029 30029 30029 30029 30029 30029 3 30029 30029 2 30029 30029 30029 30029 30029 30029 30029 30029 30029 30029 30029 0 1 1 30029 30029 30029 30029 30029 30029 30029 30029 30029 1 30029 30029 30029 30029 30029 30029 30029 4 30029 30029 30029 30029 30029 30029 30029 30029 30029 30029 30029 30029 30029 30029 30029 30029 30029 30029 30029 30029 30029 30029 30029 30029 30029 30029 30029 30029 30029 30029 30029 30029 30029 30029 30029 30029 30029 30029 30029 30029 30029 30029 
15 3000 30029 30029 30029 30029 30029 30029 30029 30029 30029 30029 30029 30029 30029 30029 30029 30029 30029 30029 30029 30029 30029 30029 30029 30029 30029 30029 0 30029 30029 30029 30029 30029 30029 30029 30029 4 30029 30029 30029 30029 30029 0 30029 30029 30029 30029 30029 30029 30029 30029 2 30029 30029 30029 3 30029 30029 30029 30029 30029 1 30029 0 30029 30029 30029 30029 30029 30029 30029 30029 30029 30029 30029 30029 30029 30029 30029 30029 30029 30029 1 4 30029 30029 30029 2 30029 30029 30029 30029 30029 30029 30029 30029 30029 30029 30029 30029 30029 
16 3000 30029 2 30029 30029 30029 30029 30029 30029 30029 30029 30029 30029 30029 30029 30029 30029 30029 30029 30029 30029 30029 0 30029 30029 30029 30029 30029 30029 30029 30029 30029 30029 30029 30029 30029 1 30029 30029 30029 30029 30029 30029 30029 30029 30029 30029 30029 30029 30029 30029 30029 30029 4 30029 30029 30029 30029 30029 30029 30029 30029 30029 30029 3 30029 30029 30029 30029 30029 30029 30029 30029 30029 30029 30029 30029 30029 30029 30029 30029 2 30029 30029 0 30029 30029 30029 1 30029 30029 30029 30029 30029 30029 30029 4 2 30029 30029 30029 
17 3000 30029 30029 30029 2 30029 1 30029 30029 30029 30029 30029 30029 30029 0 30029 30029 30029 30029 30029 30029 30029 30029 30029 30029 2 30029 30029 30029 30029 30029 30029 30029 30029 1 30029 30029 30029 0 30029 30029 30029 30029 30029 30029 30029 30029 30029 30029 30029 2 30029 30029 30029 30029 3 2 30029 30029 30029 30029 30029 30029 30029 30029 30029 30029 3 30029 30029 30029 30029 30029 30029 30029 30029 30029 30029 30029 30029 30029 30029 30029 30029 30029 30029 30029 30029 30029 30029 30029 30029 30029 30029 30029 30029 30029 30029 30029 30029 30029 
18 3000 30029 30029 30029 30029 30029 30029 30029 30029 30029 30029 1 30029 30029 30029 30029 30029 30029 30029 30029 30029 30029 30029 30029 30029 30029 30029 30029 4 30029 30029 30029 3 4 30029 30029 30029 30029 30029 30029 30029 30029 30029 30029 30029 30029 30029 30029 30029 30029 30029 30029 30029 30029 30029 30029 30029 30029 30029 30029 30029 30029 30029 30029 30029 30029 30029 30029 30029 30029 30029 30029 30029 30029 30029 1 30029 30029 30029 30029 30029 30029 30029 30029 1 30029 30029 30029 30029 30029 30029 30029 30029 30029 0 4 30029 4 4 30029 30029 
19 3000 30029 30029 30029 30029 30029 30029 30029 30029 30029 30029 4 0 30029 30029 30029 2 30029 30029 30029 30029 0 30029 30029 4 30029 30029 30029 30029 30029 30029 30029 30029 30029 30029 0 30029 30029 30029 30029 0 30029 30029 30029 30029 1 30029 30029 30029 30029 30029 4 4 30029 30029 30029 30029 30029 30029 30029 30029 30029 30029 30029 30029 30029 30029 30029 30029 30029 30029 30029 30029 30029 30029 30029 30029 30029 30029 30029 30029 30029 30029 30029 30029 30029 30029 30029 30029 30029 30029 30029 30029 30029 30029 30029 30029 30029 30029 30029 30029 
20 3000 30029 30029 30029 30029 30029 30029 30029 30029 30029 30029 30029 30029 30029 30029 30029 30029 30029 30029 30029 30029 30029 30029 30029 30029 30029 30029 30029 30029 30029 30029 30029 30029 30029 30029 30029 30029 30029 30029 30029 30029 30029 30029 30029 30029 30029 30029 0 30029 30029 30029 30029 30029 30029 30029 30029 30029 30029 4 30029 30029 4 30029 30029 30029 30029 30029 2 30029 30029 30029 30029 30029 30029 30029 30029 30029 30029 0 30029 30029 30029 30029 30029 30029 0 2 30029 30029 2 30029 30029 30029 30029 3 30029 1 30029 30029 30029 30029 
21 3000 30029 30029 30029 30029 30029 30029 30029 3 30029 3 30029 30029 30029 30029 30029 30029 30029 30029 30029 30029 30029 30029 30029 3 30029 30029 4 30029 0 30029 30029 30029 30029 30029 30029 30029 30029 30029 30029 30029 30029 30029 3 30029 30029 30029 30029 2 4 30029 30029 30029 30029 30029 0 30029 30029 30029 30029 30029 30029 30029 30029 30029 30029 30029 30029 30029 30029 30029 30029 30029 30029 30029 30029 30029 30029 30029 30029 30029 30029 30029 30029 30029 30029 30029 2 30029 30029 30029 30029 30029 30029 30029 30029 30029 30029 30029 30029 30029 
22 3000 30029 30029 30029 30029 30029 30029 30029 30029 30029 30029 30029 30029 30029 30029 30029 30029 30029 30029 30029 30029 3 30029 30029 30029 30029 30029 30029 30029 30029 30029 30029 30029 30029 30029 30029 0 1 30029 1 30029 30029 30029 30029 30029 30029 30029 4 30029 30029 30029 30029 30029 30029 30029 2 3 30029 30029 30029 30029 30029 30029 30029 30029 30029 30029 30029 30029 30029 30029 30029 30029 30029 0 0 30029 30029 3 30029 30029 30029 30029 30029 30029 30029 30029 30029 30029 30029 30029 30029 30029 30029 30029 30029 30029 30029 30029 30029 30029 
23 3000 30029 30029 30029 30029 30029 30029 30029 3 30029 30029 30029 30029 30029 30029 30029 30029 30029 30029 30029 30029 30029 30029 30029 30029 30029 30029 30029 30029 30029 30029 30029 1 30029 30029 30029 30029 30029 30029 30029 30029 30029 30029 30029 30029 30029 30029 1 30029 30029 30029 30029 30029 30029 30029 30029 30029 30029 30029 30029 30029 30029 30029 1 30029 30029 30029 30029 30029 30029 30029 30029 30029 30029 30029 30029 1 30029 30029 30029 1 3 30029 30029 30029 3 0 30029 30029 30029 30029 1 30029 30029 30029 30029 30029 30029 30029 30029 30029 
24 3000 30029 30029 30029 30029 30029 30029 30029 30029 30029 3 30029 0 30029 30029 30029 30029 30029 30029 30029 30029 30029 30029 30029 30029 30029 30029 1 30029 30029 30029 30029 30029 30029 30029 30029 30029 30029 30029 30029 30029 30029 30029 30029 30029 30029 30029 30029 30029 30029 30029 30029 30029 30029 0 30029 30029 0 30029 30029 30029 30029 30029 30029 30029 30029 30029 30029 30029 30029 30029 30029 30029 30029 3 30029 30029 30029 30029 30029 30029 30029 30029 3 30029 30029 30029 30029 30029 30029 30029 30029 30029 4 2 4 30029 30029 30029 30029 30029 
25 3000 2 4 30029 0 1 30029 30029 30029 30029 30029 30029 30029 30029 2 30029 30029 30029 1 30029 30029 30029 30029 30029 30029 30029 30029 1 30029 3 0 30029 30029 1 30029 30029 30029 30029 30029 30029 30029 30029 30029 30029 30029 30029 30029 30029 30029 30029 30029 30029 30029 30029 30029 30029 30029 30029 30029 30029 30029 30029 30029 30029 30029 30029 30029 30029 30029 30029 30029 30029 30029 30029 30029 30029 30029 30029 30029 30029 30029 30029 30029 30029 30029 30029 30029 30029 30029 30029 30029 30029 30029 30029 30029 30029 30029 30029 30029 30029 30029 
26 3000 30029 30029 3 30029 3 30029 30029 30029 30029 30029 30029 30029 30029 30029 30029 30029 30029 30029 30029 30029 0 30029 30029 30029 30029 3 30029 30029 30029 30029 30029 1 30029 1 30029 30029 30029 30029 30029 30029 0 30029 30029 30029 30029 30029 30029 30029 30029 30029 30029 30029 30029 30029 30029 30029 4 30029 30029 30029 30029 30029 30029 30029 30029 2 30029 30029 30029 0 30029 30029 30029 30029 30029 30029 30029 30029 30029 30029 30029 30029 30029 30029 30029 30029 30029 30029 30029 30029 30029 30029 30029 30029 30029 30029 30029 30029 30029 30029 
27 3000 30029 30029 30029 2 0 30029 30029 30029 4 30029 30029 30029 30029 30029 30029 30029 3 30029 30029 30029 30029 30029 30029 30029 30029 30029 30029 30029 0 30029 4 30029 30029 30029 3 30029 30029 30029 30029 30029 30029 30029 30029 30029 30029 1 30029 30029 30029 30029 30029 30029 30029 30029 30029 30029 30029 30029 30029 2 30029 30029 2 30029 30029 30029 30029 30029 30029 30029 30029 30029 30029 30029 30029 30029 30029 30029 30029 30029 30029 30029 30029 30029 30029 30029 30029 30029 30029 30029 30029 30029 30029 30029 30029 30029 30029 30029 30029 30029 
28 3000 4 30029 30029 30029 30029 30029 30029 30029 30029 30029 30029 30029 30029 30029 4 30029 30029 30029 30029 30029 0 30029 30029 30029 30029 30029 30029 30029 30029 30029 30029 30029 30029 30029 30029 30029 3 0 30029 30029 30029 3 30029 30029 30029 30029 30029 30029 30029 30029 30029 30029 30029 30029 0 30029 30029 30029 30029 30029 30029 30029 30029 30029 30029 30029 30029 30029 30029 30029 2 30029 30029 3 30029 30029 30029 30029 0 30029 30029 30029 30029 30029 30029 30029 30029 30029 30029 30029 30029 30029 30029 30029 30029 30029 30029 30029 30029 30029 
29 3000 30029 30029 30029 30029 30029 30029 30029 30029 4 30029 30029 30029 3 30029 30029 30029 30029 30029 0 30029 30029 30029 30029 30029 30029 30029 30029 30029 30029 30029 30029 30029 2 30029 30029 30029 0 30029 30029 30029 30029 30029 30029 30029 1 30029 30029 4 30029 0 30029 30029 30029 30029 30029 30029 30029 30029 30029 30029 30029 30029 30029 3 30029 30029 30029 30029 30029 30029 30029 30029 30029 30029 30029 30029 30029 30029 30029 30029 30029 30029 30029 30029 1 30029 30029 30029 30029 30029 30029 30029 30029 30029 30029 30029 30029 30029 30029 30029 
30 3000 30029 30029 30029 30029 4 30029 30029 30029 30029 30029 30029 30029 30029 30029 30029 30029 30029 30029 30029 3 30029 30029 30029 30029 30029 30029 30029 30029 30029 30029 2 30029 30029 30029 30029 30029 30029 30029 30029 30029 30029 30029 30029 30029 3 4 30029 30029 30029 30029 0 30029 30029 30029 30029 30029 30029 30029 30029 2 30029 30029 30029 30029 30029 2 30029 2 2 30029 30029 30029 30029 30029 30029 30029 30029 30029 30029 30029 30029 30029 30029 30029 30029 30029 30029 30029 30029 30029 30029 30029 30029 30029 30029 30029 30029 30029 30029 30029 
31 3000 30029 30029 30029 30029 30029 30029 30029 30029 30029 4 30029 30029 30029 30029 30029 3 30029 30029 30029 30029 30029 30029 30029 30029 30029 30029 30029 30029 30029 30029 30029 30029 30029 0 30029 30029 30029 30029 30029 30029 30029 30029 30029 30029 4 30029 30029 30029 30029 30029 30029 30029 30029 3 30029 30029 30029 30029 30029 30029 30029 30029 30029 30029 30029 30029 30029 30029 30029 30029 30029 30029 30029 30029 30029 1 30029 30029 30029 30029 30029 2 30029 30029 30029 30029 30029 30029 30029 30029 0 3 30029 30029 30029 30029 1 30029 30029 30029 
32 3000 30029 30029 4 30029 30029 30029 0 30029 30029 4 30029 30029 30029 30029 2 30029 30029 30029 30029 30029 30029 30029 30029 30029 1 30029 30029 30029 30029 4 2 30029 30029 30029 30029 30029 30029 2 30029 30029 30029 30029 30029 30029 30029 30029 30029 30029 30029 1 1 30029 30029 30029 30029 30029 30029 30029 30029 30029 30029 30029 30029 30029 30029 30029 30029 30029 30029 30029 30029 30029 30029 30029 30029 30029 30029 30029 30029 30029 30029 30029 30029 30029 30029 30029 30029 30029 30029 30029 30029 30029 30029 30029 30029 30029 30029 30029 30029 30029 
33 3000 30029 30029 3 30029 30029 30029 0 30029 30029 30029 30029 30029 2 30029 30029 30029 3 30029 30029 30029 30029 30029 30029 30029 30029 2 4 30029 30029 30029 30029 30029 30029 30029 30029 30029 30029 30029 30029 30029 30029 30029 30029 30029 0 30029 30029 30029 30029 0 30029 30029 30029 30029 30029 30029 30029 30029 2 30029 30029 30029 30029 30029 30029 30029 3 30029 30029 30029 30029 30029 30029 30029 30029 30029 30029 30029 30029 30029 30029 30029 30029 30029 30029 30029 30029 30029 30029 30029 30029 30029 30029 30029 30029 30029 30029 30029 30029 30029 
34 3000 0 30029 30029 30029 30029 30029 30029 3 30029 30029 30029 30029 30029 30029 30029 30029 30029 30029 30029 30029 30029 30029 0 30029 30029 30029 3 30029 30029 30029 30029 30029 30029 30029 30029 30029 30029 30029 0 30029 30029 30029 1 30029 30029 30029 30029 30029 30029 30029 30029 30029 30029 30029 30029 30029 30029 30029 30029 30029 30029 30029 30029 30029 30029 30029 1 2 30029 30029 30029 30029 30029 30029 30029 30029 30029 30029 3 30029 30029 2 30029 30029 30029 30029 30029 30029 30029 30029 30029 30029 30029 30029 30029 30029 30029 30029 30029 30029 
35 3000 30029 30029 30029 30029 30029 30029 30029 30029 30029 30029 30029 30029 30029 30029 2 30029 30029 30029 30029 30029 30029 30029 30029 30029 30029 30029 30029 4 30029 30029 30029 30029 3 30029 30029 30029 30029 30029 30029 30029 30029 30029 30029 1 30029 30029 30029 30029 30029 30029 30029 30029 30029 30029 30029 30029 30029 30029 30029 0 30029 30029 3 30029 30029 30029 30029 30029 30029 30029 30029 30029 30029 30029 30029 30029 30029 30029 30029 30029 2 2 30029 30029 30029 30029 30029 4 3 30029 30029 30029 30029 30029 30029 30029 30029 30029 30029 30029 
36 3000 1 0 3 30029 30029 30029 30029 30029 30029 30029 30029 30029 30029 30029 30029 30029 30029 30029 30029 30029 30029 30029 30029 30029 30029 30029 30029 30029 3 30029 30029 30029 30029 30029 30029 30029 30029 30029 30029 30029 30029 30029 30029 30029 30029 30029 30029 30029 30029 30029 30029 2 30029 3 30029 30029 30029 30029 30029 30029 30029 30029 30029 30029 30029 30029 30029 30029 2 30029 30029 1 30029 30029 30029 30029 30029 30029 30029 30029 30029 30029 3 30029 0 30029 30029 30029 30029 30029 30029 30029 30029 30029 30029 30029 30029 30029 30029 30029 
37 3000 30029 30029 30029 30029 30029 30029 30029 30029 30029 30029 30029 30029 30029 30029 30029 0 30029 30029 30029 30029 30029 30029 30029 30029 30029 30029 30029 30029 30029 30029 30029 0 30029 30029 0 0 30029 30029 30029 30029 30029 30029 30029 30029 30029 30029 30029 30029 30029 30029 30029 30029 30029 2 30029 30029 30029 30029 30029 30029 30029 30029 30029 30029 30029 30029 30029 30029 30029 30029 30029 30029 30029 30029 30029 30029 30029 2 30029 4 30029 30029 30029 1 30029 30029 30029 30029 30029 30029 30029 30029 3 1 30029 30029 30029 30029 30029 30029 
38 3000 30029 30029 30029 30029 30029 30029 30029 30029 30029 1 30029 30029 30029 2 30029 30029 30029 30029 30029 30029 30029 30029 30029 30029 0 30029 30029 30029 30029 30029 30029 30029 30029 30029 30029 30029 30029 30029 30029 30029 30029 30029 30029 30029 30029 30029 30029 30029 30029 30029 30029 30029 30029 30029 30029 30029 30029 30029 30029 30029 30029 30029 30029 30029 3 30029 30029 30029 30029 1 30029 30029 30029 30029 30029 30029 30029 4 30029 30029 0 30029 30029 30029 30029 4 30029 30029 30029 30029 0 30029 2 30029 30029 30029 30029 30029 30029 30029 
39 3000 0 30029 30029 30029 30029 30029 30029 30029 30029 3 3 30029 30029 0 30029 30029 30029 30029 30029 30029 30029 30029 30029 30029 30029 30029 30029 30029 30029 4 30029 30029 30029 30029 30029 30029 30029 30029 30029 30029 3 30029 30029 1 0 30029 30029 30029 30029 30029 4 30029 30029 30029 30029 30029 30029 30029 30029 30029 4 30029 30029 30029 30029 30029 30029 30029 30029 30029 30029 30029 30029 30029 30029 30029 30029 30029 30029 30029 30029 30029 30029 30029 30029 30029 30029 30029 30029 30029 30029 30029 30029 30029 30029 30029 30029 30029 30029 30029 
40 3000 30029 30029 30029 30029 30029 30029 30029 30029 4 30029 30029 30029 30029 30029 30029 30029 30029 1 30029 30029 30029 30029 30029 30029 1 30029 30029 1 30029 30029 30029 30029 30029 30029 30029 30029 30029 30029 30029 30029 30029 30029 30029 30029 30029 30029 30029 30029 30029 30029 30029 30029 30029 30029 30029 30029 4 1 30029 30029 30029 30029 4 30029 30029 30029 30029 30029 30029 1 30029 30029 30029 30029 30029 3 30029 1 30029 30029 30029 30029 30029 30029 30029 30029 30029 30029 30029 30029 30029 30029 30029 30029 30029 30029 30029 30029 30029 30029 
41 3000 30029 30029 1 30029 30029 30029 30029 30029 30029 30029 30029 30029 30029 30029 30029 4 30029 0 30029 3 30029 30029 30029 4 30029 30029 30029 30029 30029 30029 4 30029 30029 30029 30029 30029 30029 30029 30029 30029 0 30029 3 30029 30029 30029 30029 30029 30029 1 30029 30029 4 30029 30029 30029 30029 30029 30029 30029 30029 30029 30029 30029 30029 30029 30029 30029 30029 30029 30029 30029 30029 30029 30029 30029 30029 30029 30029 30029 30029 30029 30029 30029 30029 30029 30029 30029 30029 30029 30029 30029 30029 30029 30029 30029 30029 30029 30029 30029 
42 3000 30029 30029 30029 30029 30029 30029 30029 30029 30029 30029 30029 30029 30029 30029 1 30029 30029 30029 30029 30029 30029 30029 30029 30029 30029 30029 30029 30029 30029 30029 0 30029 30029 30029 30029 30029 30029 30029 30029 30029 30029 30029 2 30029 30029 30029 30029 30029 30029 30029 30029 30029 30029 30029 30029 30029 30029 30029 30029 30029 30029 30029 30029 30029 3 30029 30029 30029 30029 30029 30029 30029 30029 30029 30029 30029 2 30029 30029 30029 1 30029 30029 30029 30029 30029 30029 30029 30029 30029 30029 30029 30029 30029 30029 0 0 3 30029 0 
43 3000 30029 30029 30029 30029 30029 4 30029 30029 30029 30029 30029 30029 30029 30029 30029 30029 30029 0 30029 30029 30029 30029 30029 30029 30029 30029 30029 1 30029 30029 30029 30029 30029 30029 30029 30029 30029 30029 30029 30029 30029 30029 30029 30029 30029 2 30029 30029 30029 30029 1 2 30029 3 30029 30029 30029 30029 30029 30029 30029 30029 30029 30029 30029 30029 30029 30029 30029 30029 1 1 0 30029 30029 30029 30029 30029 30029 30029 30029 30029 30029 30029 30029 30029 30029 30029 30029 30029 30029 30029 30029 30029 30029 30029 30029 30029 30029 30029 
44 3000 30029 30029 30029 30029 30029 3 30029 30029 30029 2 30029 30029 30029 30029 30029 30029 30029 30029 30029 30029 4 30029 30029 30029 3 4 30029 3 30029 30029 30029 30029 30029 30029 30029 30029 30029 30029 30029 30029 30029 2 30029 30029 30029 30029 30029 30029 30029 30029 30029 30029 30029 30029 30029 1 30029 30029 30029 30029 30029 30029 30029 30029 30029 30029 30029 30029 30029 30029 30029 30029 30029 30029 30029 30029 30029 30029 30029 30029 30029 30029 30029 30029 30029 30029 30029 30029 4 2 30029 30029 30029 30029 30029 30029 30029 30029 30029 30029 
45 3000 30029 30029 30029 30029 30029 1 30029 30029 30029 30029 30029 30029 30029 30029 30029 30029 30029 30029 30029 30029 30029 30029 30029 30029 30029 0 30029 30029 30029 30029 30029 1 3 30029 30029 30029 30029 30029 30029 30029 30029 30029 30029 30029 1 30029 30029 30029 30029 30029 0 2 30029 30029 30029 30029 0 30029 2 0 30029 30029 30029 30029 30029 30029 30029 30029 30029 30029 30029 30029 30029 30029 30029 30029 30029 30029 30029 30029 30029 30029 30029 30029 30029 30029 30029 30029 30029 30029 30029 30029 30029 30029 30029 30029 30029 30029 30029 30029 
46 3000 30029 30029 30029 30029 30029 30029 4 30029 30029 30029 30029 30029 30029 30029 30029 30029 30029 30029 4 30029 1 30029 30029 30029 30029 30029 30029 30029 30029 30029 30029 30029 30029 30029 30029 1 30029 30029 30029 1 30029 30029 30029 30029 30029 30029 30029 30029 30029 30029 30029 30029 30029 30029 30029 0 30029 30029 30029 30029 30029 30029 30029 30029 30029 30029 30029 30029 30029 30029 30029 30029 30029 30029 30029 0 30029 30029 30029 30029 30029 2 30029 30029 30029 30029 30029 1 30029 2 30029 30029 30029 30029 30029 30029 30029 30029 30029 30029 
47 3000 30029 3 30029 30029 30029 30029 30029 30029 30029 30029 30029 30029 30029 30029 30029 30029 4 30029 1 30029 30029 30029 3 30029 30029 30029 30029 30029 30029 30029 30029 30029 30029 30029 30029 30029 30029 30029 0 0 30029 30029 30029 30029 30029 30029 30029 30029 30029 30029 30029 30029 30029 30029 30029 30029 30029 30029 30029 30029 30029 30029 30029 30029 30029 30029 30029 30029 30029 30029 30029 30029 30029 30029 30029 30029 0 30029 30029 30029 30029 30029 30029 30029 30029 30029 30029 0 30029 30029 30029 2 1 30029 30029 30029 30029 30029 30029 30029 
48 3000 30029 30029 30029 30029 30029 30029 30029 0 30029 30029 30029 30029 30029 30029 30029 30029 30029 30029 30029 30029 30029 30029 30029 30029 2 30029 30029 30029 30029 30029 30029 30029 30029 30029 30029 1 30029 30029 30029 30029 30029 30029 30029 0 30029 1 30029 30029 30029 30029 30029 30029 2 30029 2 30029 3 30029 30029 30029 30029 30029 30029 30029 30029 30029 30029 1 30029 30029 1 30029 30029 30029 30029 30029 30029 30029 30029 30029 30029 30029 30029 30029 30029 30029 30029 30029 30029 30029 30029 30029 30029 30029 30029 30029 30029 30029 30029 30029 
49 3000 30029 30029 30029 30029 30029 4 30029 30029 30029 30029 30029 30029 30029 30029 30029 30029 30029 1 30029 30029 30029 30029 30029 30029 30029 30029 30029 30029 30029 30029 30029 30029 30029 30029 30029 30029 30029 30029 30029 30029 30029 30029 3 30029 30029 30029 30029 30029 0 30029 30029 30029 30029 2 30029 30029 30029 30029 30029 30029 30029 30029 30029 30029 30029 30029 30029 3 30029 30029 30029 30029 30029 30029 3 30029 2 30029 30029 30029 30029 30029 30029 30029 1 30029 0 30029 30029 30029 30029 30029 30029 30029 30029 30029 30029 30029 30029 30029 
50 3000 30029 30029 30029 1 30029 30029 30029 30029 30029 30029 3 30029 30029 30029 30029 30029 30029 30029 30029 30029 30029 30029 30029 30029 30029 30029 30029 30029 4 30029 30029 30029 30029 30029 30029 2 30029 3 2 30029 30029 30029 30029 30029 30029 30029 30029 30029 30029 30029 30029 30029 30029 30029 30029 30029 30029 30029 30029 30029 1 0 30029 30029 30029 30029 30029 30029 30029 30029 30029 30029 30029 30029 30029 0 30029 30029 30029 30029 30029 30029 4 30029 30029 30029 30029 30029 30029 30029 30029 30029 30029 30029 30029 30029 30029 30029 30029 30029 
51 3000 30029 30029 30029 30029 30029 30029 30029 30029 30029 30029 30029 30029 30029 2 30029 30029 30029 30029 30029 30029 30029 30029 30029 30029 30029 30029 30029 30029 4 30029 30029 30029 30029 30029 1 30029 30029 30029 30029 30029 30029 30029 30029 4 30029 30029 30029 30029 30029 30029 30029 30029 30029 30029 3 30029 0 30029 30029 30029 30029 30029 30029 30029 30029 30029 30029 30029 30029 30029 30029 30029 30029 30029 30029 2 30029 30029 30029 30029 30029 30029 30029 30029 30029 30029 30029 30029 30029 30029 30029 30029 30029 2 30029 30029 30029 2 30029 4 
52 3000 30029 2 30029 30029 30029 30029 30029 30029 30029 30029 30029 2 30029 30029 30029 30029 30029 30029 30029 4 30029 30029 30029 30029 30029 30029 30029 30029 30029 30029 30029 30029 30029 30029 30029 30029 30029 30029 30029 30029 30029 30029 30029 30029 30029 30029 30029 30029 30029 30029 30029 30029 30029 30029 30029 30029 30029 30029 2 30029 30029 0 30029 30029 30029 30029 30029 30029 30029 30029 30029 30029 4 30029 4 30029 30029 30029 30029 30029 30029 30029 30029 30029 30029 30029 30029 30029 30029 30029 4 30029 2 1 30029 30029 30029 30029 30029 30029 
53 3000 30029 30029 0 30029 30029 30029 30029 30029 30029 30029 30029 30029 30029 2 30029 30029 30029 30029 30029 30029 30029 30029 30029 30029 30029 30029 30029 30029 30029 30029 30029 30029 30029 30029 30029 30029 30029 30029 30029 30029 30029 30029 30029 30029 30029 30029 30029 30029 4 30029 30029 30029 30029 30029 30029 0 3 30029 30029 30029 0 30029 30029 30029 30029 30029 30029 30029 30029 30029 30029 30029 30029 30029 30029 30029 30029 30029 2 30029 30029 30029 30029 30029 30029 30029 30029 30029 30029 3 30029 3 3 30029 30029 30029 30029 30029 30029 30029 
54 3000 30029 30029 30029 30029 3 30029 30029 30029 30029 30029 2 30029 0 30029 30029 30029 30029 30029 30029 30029 30029 30029 30029 30029 30029 30029 30029 30029 2 0 3 30029 1 30029 30029 30029 30029 30029 30029 30029 3 30029 30029 30029 30029 30029 30029 0 30029 30029 30029 30029 30029 30029 30029 30029 30029 30029 30029 30029 30029 30029 30029 30029 30029 30029 30029 30029 30029 30029 30029 3 30029 30029 30029 30029 30029 30029 30029 30029 30029 30029 30029 30029 30029 30029 30029 30029 30029 30029 30029 30029 30029 30029 30029 30029 30029 30029 30029 30029 
55 3000 30029 30029 30029 30029 4 30029 1 30029 30029 30029 30029 30029 30029 30029 30029 30029 30029 30029 30029 30029 30029 30029 3 30029 30029 30029 30029 30029 30029 30029 30029 30029 30029 30029 30029 30029 30029 30029 30029 30029 30029 30029 30029 30029 30029 30029 0 30029 30029 30029 30029 30029 30029 30029 30029 30029 30029 30029 30029 30029 30029 30029 30029 30029 30029 30029 4 30029 30029 30029 30029 30029 30029 3 30029 30029 30029 2 30029 30029 30029 30029 30029 30029 30029 30029 2 3 30029 30029 2 30029 30029 30029 30029 30029 30029 30029 30029 30029 
56 3000 30029 1 30029 1 30029 30029 30029 30029 30029 30029 30029 30029 0 30029 30029 30029 30029 30029 30029 30029 30029 30029 30029 30029 30029 30029 1 0 30029 30029 30029 30029 30029 30029 30029 30029 30029 30029 30029 30029 30029 30029 30029 30029 30029 30029 30029 30029 30029 30029 30029 30029 30029 30029 30029 30029 0 30029 30029 30029 0 30029 30029 30029 30029 30029 30029 30029 30029 30029 30029 30029 30029 30029 30029 30029 1 30029 30029 30029 30029 30029 30029 30029 30029 30029 30029 30029 30029 3 30029 30029 30029 30029 30029 30029 30029 2 30029 30029 
57 3000 30029 30029 30029 30029 30029 30029 30029 30029 30029 30029 30029 30029 30029 30029 30029 30029 30029 30029 30029 30029 30029 30029 30029 30029 30029 30029 30029 30029 30029 30029 30029 30029 1 30029 30029 30029 30029 30029 30029 30029 4 30029 30029 30029 30029 30029 30029 30029 30029 30029 30029 30029 4 30029 30029 30029 30029 30029 30029 30029 30029 30029 30029 30029 3 30029 30029 30029 30029 3 30029 30029 3 30029 30029 30029 30029 30029 30029 30029 30029 30029 30029 30029 30029 30029 1 30029 30029 30029 30029 30029 30029 30029 30029 0 30029 30029 0 1 
58 3000 30029 30029 30029 30029 0 30029 30029 30029 30029 30029 30029 30029 30029 30029 30029 30029 30029 30029 30029 30029 30029 30029 30029 30029 30029 30029 30029 30029 30029 30029 30029 30029 30029 30029 30029 30029 30029 30029 0 30029 30029 3 30029 30029 30029 30029 30029 30029 30029 30029 0 30029 30029 30029 30029 30029 30029 30029 30029 1 4 30029 30029 30029 30029 30029 0 30029 30029 3 30029 30029 30029 30029 30029 30029 30029 30029 30029 30029 30029 30029 30029 30029 30029 30029 30029 30029 1 2 30029 30029 30029 30029 30029 30029 30029 30029 30029 30029 
59 3000 1 30029 30029 30029 30029 30029 30029 30029 30029 30029 30029 30029 30029 30029 30029 30029 30029 30029 30029 30029 30029 0 30029 30029 30029 30029 30029 30029 30029 30029 30029 30029 30029 30029 30029 30029 30029 30029 30029 30029 30029 30029 30029 30029 30029 3 30029 0 2 30029 30029 30029 30029 30029 30029 30029 30029 30029 30029 30029 30029 30029 30029 30029 30029 30029 30029 30029 30029 30029 30029 30029 30029 30029 30029 30029 0 3 30029 30029 30029 30029 30029 30029 4 0 4 30029 30029 30029 30029 30029 30029 30029 30029 30029 30029 30029 30029 30029 
60 3000 30029 30029 30029 30029 30029 30029 30029 0 30029 30029 30029 30029 30029 30029 30029 30029 30029 30029 30029 2 30029 30029 30029 30029 30029 30029 30029 0 30029 30029 4 30029 30029 30029 30029 30029 30029 30029 30029 30029 30029 30029 30029 30029 0 30029 30029 0 30029 30029 30029 30029 30029 30029 30029 30029 30029 30029 30029 0 2 30029 30029 30029 30029 30029 30029 0 30029 30029 30029 30029 4 30029 30029 30029 30029 30029 30029 30029 30029 30029 30029 30029 30029 30029 30029 30029 30029 30029 30029 30029 30029 30029 30029 30029 30029 30029 30029 30029 
61 3000 30029 30029 30029 30029 30029 30029 30029 30029 30029 30029 30029 30029 30029 30029 0 30029 30029 30029 30029 30029 30029 30029 30029 30029 30029 30029 30029 30029 30029 30029 30029 30029 30029 30029 30029 30029 0 30029 30029 30029 30029 30029 30029 4 30029 30029 4 30029 30029 2 30029 30029 30029 30029 30029 30029 30029 30029 30029 30029 30029 30029 30029 30029 1 30029 30029 30029 30029 30029 30029 2 30029 30029 4 30029 30029 30029 30029 30029 30029 30029 30029 30029 30029 30029 30029 4 1 30029 30029 30029 30029 30029 30029 30029 30029 30029 30029 30029 
62 3000 30029 30029 30029 30029 30029 30029 30029 30029 30029 30029 30029 30029 2 30029 30029 30029 30029 30029 30029 30029 30029 30029 30029 30029 30029 30029 30029 30029 30029 30029 30029 30029 30029 30029 30029 30029 30029 30029 30029 30029 2 30029 30029 30029 30029 30029 30029 30029 30029 30029 30029 30029 30029 30029 30029 30029 30029 30029 30029 30029 30029 30029 2 3 30029 30029 30029 30029 30029 30029 30029 30029 30029 30029 30029 30029 30029 30029 30029 30029 30029 1 0 30029 30029 30029 30029 30029 30029 30029 30029 30029 30029 30029 2 30029 30029 3 3 4 
63 3000 30029 30029 30029 30029 30029 30029 30029 0 30029 30029 30029 30029 30029 30029 30029 30029 30029 30029 0 30029 30029 30029 30029 30029 30029 30029 30029 30029 0 30029 30029 30029 30029 30029 30029 30029 0 30029 30029 30029 0 30029 4 30029 30029 30029 30029 30029 2 30029 30029 30029 30029 3 30029 30029 30029 30029 30029 30029 30029 30029 30029 30029 30029 30029 30029 4 30029 30029 30029 30029 30029 30029 30029 30029 30029 30029 30029 30029 30029 30029 30029 30029 30029 30029 30029 30029 30029 30029 30029 4 30029 30029 30029 30029 30029 30029 30029 30029 
64 3000 30029 30029 30029 30029 30029 30029 30029 30029 30029 30029 30029 30029 30029 30029 30029 30029 30029 30029 30029 30029 30029 30029 30029 30029 30029 30029 30029 30029 30029 30029 30029 2 30029 30029 30029 30029 30029 30029 30029 30029 30029 30029 30029 30029 30029 30029 30029 30029 30029 30029 30029 30029 30029 30029 30029 30029 30029 30029 4 30029 30029 30029 30029 30029 30029 30029 30029 30029 30029 30029 30029 30029 30029 30029 30029 30029 30029 30029 30029 30029 30029 30029 30029 30029 30029 30029 30029 30029 30029 30029 4 30029 2 4 30029 2 0 3 1 1 
65 3000 30029 30029 30029 1 30029 30029 30029 3 30029 30029 30029 30029 30029 30029 30029 30029 30029 30029 30029 30029 30029 30029 30029 30029 30029 30029 30029 30029 30029 30029 30029 30029 30029 30029 30029 30029 30029 3 30029 30029 30029 30029 30029 30029 30029 30029 30029 30029 0 30029 30029 30029 30029 30029 30029 30029 30029 30029 30029 30029 30029 30029 30029 30029 30029 30029 2 2 4 30029 30029 30029 30029 30029 30029 30029 30029 30029 30029 30029 30029 30029 30029 30029 30029 4 2 30029 30029 30029 30029 30029 30029 1 30029 30029 30029 30029 30029 30029 
66 3000 30029 30029 30029 30029 2 30029 2 30029 30029 30029 30029 30029 30029 30029 30029 30029 30029 30029 30029 30029 30029 30029 30029 30029 30029 30029 30029 3 30029 30029 30029 30029 30029 30029 30029 30029 30029 30029 30029 30029 30029 1 30029 30029 30029 30029 4 30029 30029 30029 30029 30029 30029 30029 30029 30029 30029 30029 30029 30029 30029 2 30029 30029 30029 30029 30029 30029 30029 30029 30029 30029 30029 30029 30029 30029 30029 30029 30029 30029 30029 30029 30029 30029 30029 30029 30029 30029 30029 1 0 30029 30029 30029 3 30029 30029 30029 30029 2 
67 3000 30029 4 30029 30029 30029 30029 30029 30029 30029 30029 30029 30029 30029 30029 30029 0 4 30029 30029 30029 3 4 30029 30029 30029 30029 30029 30029 30029 30029 30029 30029 3 30029 30029 30029 30029 30029 30029 30029 30029 30029 1 30029 30029 30029 30029 30029 30029 30029 30029 30029 30029 30029 30029 30029 30029 30029 30029 3 30029 30029 30029 30029 3 4 30029 30029 30029 30029 30029 30029 30029 30029 30029 30029 30029 30029 30029 30029 30029 30029 30029 30029 30029 30029 30029 30029 30029 30029 30029 30029 30029 30029 30029 30029 30029 30029 30029 30029 
68 3000 30029 30029 30029 3 30029 30029 30029 30029 30029 30029 30029 30029 2 30029 30029 30029 30029 30029 30029 30029 30029 30029 30029 30029 30029 30029 30029 30029 30029 30029 30029 30029 3 30029 30029 30029 30029 30029 30029 30029 30029 30029 30029 30029 30029 30029 30029 30029 1 30029 30029 2 30029 30029 30029 30029 30029 30029 30029 30029 30029 30029 30029 30029 30029 30029 30029 30029 30029 30029 30029 30029 30029 30029 30029 30029 30029 30029 1 30029 30029 30029 30029 30029 30029 30029 30029 0 30029 30029 30029 30029 30029 0 30029 30029 1 30029 2 30029 
69 3000 30029 30029 30029 30029 30029 30029 30029 30029 30029 30029 30029 30029 30029 30029 30029 30029 0 30029 30029 30029 30029 30029 30029 30029 30029 30029 30029 1 30029 30029 30029 30029 30029 30029 30029 30029 30029 30029 1 30029 30029 30029 30029 30029 30029 30029 30029 30029 30029 30029 30029 30029 30029 30029 30029 30029 30029 30029 30029 30029 30029 30029 30029 30029 30029 30029 30029 30029 30029 30029 30029 30029 30029 30029 1 30029 30029 1 30029 30029 30029 30029 30029 30029 30029 2 30029 30029 30029 30029 30029 30029 30029 30029 30029 30029 1 2 1 3 
70 3000 30029 30029 30029 30029 30029 30029 30029 30029 3 30029 3 30029 2 30029 30029 30029 30029 30029 30029 30029 30029 30029 30029 0 30029 30029 30029 30029 30029 30029 30029 30029 30029 30029 30029 30029 30029 30029 2 1 30029 30029 30029 30029 0 30029 30029 30029 30029 30029 30029 30029 0 30029 30029 30029 30029 30029 30029 30029 30029 30029 30029 30029 30029 30029 30029 30029 30029 0 30029 30029 30029 30029 30029 30029 30029 1 30029 30029 30029 30029 30029 30029 30029 30029 30029 30029 30029 30029 30029 30029 30029 30029 30029 30029 30029 30029 30029 30029 
71 3000 30029 30029 30029 30029 30029 30029 30029 30029 30029 30029 30029 30029 30029 30029 30029 30029 0 3 3 30029 30029 30029 4 30029 30029 30029 0 30029 30029 30029 30029 30029 30029 30029 30029 30029 1 30029 30029 0 30029 30029 30029 30029 30029 30029 30029 30029 30029 30029 30029 30029 30029 30029 30029 30029 30029 30029 30029 30029 30029 30029 30029 30029 30029 30029 30029 30029 30029 30029 30029 30029 30029 0 30029 2 30029 30029 4 30029 30029 30029 30029 30029 30029 30029 30029 30029 30029 30029 30029 30029 30029 30029 30029 30029 30029 30029 30029 30029 
72 3000 30029 2 30029 30029 30029 3 30029 30029 30029 4 30029 30029 30029 30029 30029 3 30029 30029 30029 30029 30029 2 30029 30029 0 30029 30029 30029 30029 30029 30029 30029 30029 2 0 30029 30029 30029 30029 30029 30029 30029 30029 1 30029 30029 30029 30029 30029 30029 30029 30029 30029 4 30029 30029 30029 30029 30029 30029 30029 30029 30029 30029 30029 30029 30029 30029 30029 30029 30029 30029 30029 30029 30029 30029 30029 30029 30029 30029 30029 30029 30029 30029 30029 30029 30029 30029 30029 30029 30029 30029 30029 30029 30029 30029 30029 30029 30029 30029 
73 3000 30029 30029 30029 30029 30029 30029 30029 30029 30029 30029 30029 30029 30029 30029 30029 30029 30029 30029 30029 30029 30029 2 0 30029 30029 30029 30029 30029 30029 30029 30029 30029 30029 30029 30029 30029 30029 30029 30029 30029 30029 30029 30029 4 30029 30029 30029 30029 30029 30029 30029 1 4 30029 30029 30029 30029 0 30029 30029 0 30029 30029 3 30029 30029 30029 30029 30029 30029 30029 30029 30029 30029 30029 30029 30029 30029 30029 30029 30029 30029 30029 3 30029 30029 4 30029 30029 30029 30029 30029 30029 30029 30029 30029 30029 30029 30029 30029 
74 3000 30029 30029 30029 30029 30029 30029 30029 30029 30029 30029 30029 0 30029 30029 30029 30029 30029 30029 30029 30029 30029 30029 30029 30029 0 30029 30029 30029 30029 30029 30029 30029 30029 30029 30029 30029 1 30029 30029 30029 30029 30029 30029 30029 30029 30029 30029 30029 30029 30029 30029 30029 30029 30029 30029 30029 30029 3 30029 30029 30029 30029 30029 30029 30029 30029 30029 30029 30029 30029 30029 30029 30029 4 30029 3 30029 30029 30029 1 30029 30029 30029 30029 30029 2 30029 30029 30029 30029 30029 30029 4 30029 1 30029 30029 30029 30029 30029 
75 3000 30029 1 30029 30029 30029 30029 30029 30029 30029 30029 30029 3 30029 4 30029 30029 30029 30029 30029 30029 30029 30029 30029 30029 2 30029 30029 30029 30029 4 30029 30029 30029 30029 30029 30029 30029 30029 30029 30029 30029 30029 30029 2 30029 30029 30029 30029 30029 30029 30029 3 30029 30029 30029 30029 30029 30029 30029 30029 30029 30029 30029 30029 30029 30029 30029 30029 30029 30029 30029 30029 30029 30029 30029 30029 30029 30029 3 30029 30029 30029 30029 2 30029 30029 30029 30029 2 30029 30029 30029 30029 30029 30029 30029 30029 30029 30029 30029 
76 3000 30029 30029 30029 30029 30029 30029 1 3 30029 30029 2 30029 30029 0 4 30029 30029 30029 30029 30029 30029 30029 30029 30029 30029 30029 30029 30029 30029 1 30029 30029 30029 30029 30029 30029 30029 30029 30029 30029 30029 30029 30029 30029 30029 30029 30029 2 30029 30029 30029 30029 0 30029 30029 30029 30029 30029 30029 30029 30029 30029 30029 30029 30029 30029 30029 30029 3 30029 30029 30029 30029 30029 30029 30029 30029 30029 30029 30029 30029 30029 30029 30029 30029 4 30029 30029 30029 30029 30029 30029 30029 30029 30029 30029 30029 30029 30029 30029 
77 3000 30029 30029 30029 30029 30029 30029 30029 30029 1 30029 30029 30029 30029 30029 30029 30029 30029 30029 30029 30029 30029 30029 30029 30029 30029 30029 30029 30029 30029 30029 30029 30029 30029 30029 30029 30029 30029 30029 30029 30029 30029 30029 30029 1 30029 30029 30029 30029 30029 30029 30029 1 30029 30029 30029 30029 30029 30029 3 30029 30029 30029 30029 30029 30029 30029 30029 30029 30029 30029 30029 30029 30029 30029 30029 30029 30029 30029 30029 30029 30029 30029 30029 30029 1 30029 30029 30029 30029 30029 30029 30029 30029 30029 30029 4 0 4 2 4 
78 3000 30029 30029 30029 30029 30029 30029 30029 3 1 30029 30029 30029 1 30029 30029 30029 30029 30029 30029 3 30029 30029 30029 30029 30029 30029 30029 30029 30029 30029 30029 30029 30029 30029 30029 30029 30029 30029 30029 30029 30029 30029 30029 30029 30029 30029 30029 2 30029 30029 30029 30029 30029 30029 30029 30029 30029 30029 30029 30029 30029 30029 2 30029 30029 30029 2 30029 2 30029 30029 30029 3 30029 30029 30029 1 30029 30029 30029 30029 30029 30029 30029 30029 30029 30029 30029 30029 30029 30029 30029 30029 30029 30029 30029 30029 30029 30029 30029 
79 3000 30029 30029 30029 30029 1 30029 30029 30029 30029 30029 30029 30029 30029 30029 30029 30029 30029 0 30029 30029 30029 30029 30029 30029 30029 30029 30029 30029 30029 30029 30029 30029 30029 30029 30029 30029 30029 30029 30029 30029 30029 30029 30029 30029 30029 30029 30029 30029 4 30029 30029 30029 30029 30029 30029 30029 3 2 30029 30029 30029 30029 30029 30029 30029 2 30029 1 0 30029 30029 30029 30029 30029 0 30029 30029 30029 30029 2 30029 30029 30029 30029 30029 30029 30029 30029 30029 30029 30029 30029 30029 30029 30029 30029 30029 30029 30029 30029 
80 3000 30029 30029 30029 30029 30029 30029 30029 30029 3 30029 30029 30029 30029 30029 30029 30029 30029 30029 30029 30029 30029 30029 30029 1 2 30029 30029 30029 4 30029 30029 30029 30029 30029 30029 30029 30029 30029 30029 30029 30029 30029 30029 30029 30029 30029 0 30029 30029 30029 1 30029 30029 0 30029 30029 2 30029 30029 30029 30029 30029 30029 30029 30029 30029 30029 30029 30029 30029 30029 30029 30029 30029 30029 30029 30029 30029 30029 30029 30029 30029 30029 30029 30029 0 30029 30029 30029 1 30029 30029 30029 30029 30029 30029 30029 30029 30029 30029 
81 3000 30029 30029 30029 30029 30029 30029 30029 30029 30029 30029 30029 30029 30029 1 3 30029 30029 30029 30029 30029 30029 30029 30029 30029 30029 2 30029 30029 30029 30029 30029 30029 30029 30029 30029 30029 30029 30029 30029 30029 30029 30029 30029 30029 30029 30029 30029 30029 30029 30029 30029 30029 30029 30029 30029 30029 30029 2 30029 30029 30029 1 30029 30029 30029 30029 30029 30029 30029 30029 30029 30029 30029 30029 30029 30029 2 30029 30029 30029 30029 30029 30029 30029 30029 30029 30029 0 30029 30029 30029 30029 30029 30029 30029 2 0 1 30029 30029 
82 3000 30029 30029 1 30029 30029 30029 30029 30029 30029 30029 30029 30029 30029 3 30029 30029 0 30029 30029 30029 30029 30029 30029 30029 30029 30029 30029 30029 30029 30029 30029 30029 30029 2 30029 30029 30029 30029 30029 30029 30029 30029 30029 30029 30029 30029 30029 3 30029 30029 30029 30029 30029 30029 30029 30029 30029 30029 30029 1 30029 30029 30029 2 30029 30029 30029 30029 3 2 30029 30029 30029 30029 30029 0 30029 30029 30029 30029 30029 30029 30029 30029 30029 30029 30029 30029 30029 30029 30029 30029 30029 30029 30029 30029 30029 30029 30029 30029 
83 3000 30029 30029 30029 2 30029 4 30029 30029 30029 30029 30029 30029 30029 30029 30029 30029 30029 0 30029 30029 30029 30029 30029 1 30029 30029 30029 30029 30029 30029 30029 30029 30029 30029 3 30029 30029 1 30029 30029 30029 30029 30029 30029 30029 30029 30029 30029 30029 30029 30029 30029 30029 30029 30029 30029 30029 30029 30029 30029 3 30029 30029 30029 30029 30029 4 30029 30029 30029 30029 30029 30029 30029 30029 30029 30029 30029 2 30029 30029 30029 30029 30029 30029 30029 30029 2 30029 30029 30029 30029 30029 30029 30029 30029 30029 30029 30029 30029 
84 3000 30029 30029 30029 30029 30029 30029 30029 30029 30029 30029 30029 30029 30029 30029 30029 30029 30029 30029 30029 30029 30029 4 30029 30029 30029 30029 30029 30029 30029 30029 4 30029 30029 30029 30029 30029 30029 30029 30029 30029 30029 30029 30029 30029 30029 30029 30029 30029 30029 30029 30029 30029 30029 30029 0 30029 30029 30029 30029 30029 30029 30029 30029 30029 30029 30029 30029 30029 30029 30029 1 3 30029 30029 30029 0 4 30029 30029 0 30029 30029 30029 30029 30029 30029 30029 30029 3 30029 30029 30029 30029 30029 30029 0 30029 30029 30029 30029 
85 3000 0 30029 1 30029 30029 3 30029 30029 1 30029 30029 30029 30029 30029 30029 30029 30029 30029 2 30029 3 0 30029 30029 30029 30029 30029 30029 30029 3 30029 30029 30029 3 30029 30029 30029 1 30029 30029 30029 30029 30029 30029 30029 30029 30029 30029 30029 30029 30029 30029 30029 30029 30029 30029 30029 30029 30029 30029 30029 30029 30029 30029 30029 30029 30029 30029 30029 30029 30029 30029 30029 30029 30029 30029 30029 30029 30029 30029 30029 30029 30029 30029 30029 30029 30029 30029 30029 30029 30029 30029 30029 30029 30029 30029 30029 30029 30029 30029 
86 3000 2 30029 30029 30029 30029 30029 30029 30029 30029 0 30029 30029 30029 30029 30029 30029 30029 30029 30029 30029 3 30029 30029 30029 30029 30029 30029 30029 30029 30029 30029 30029 30029 30029 4 30029 30029 30029 30029 30029 30029 1 3 30029 30029 4 30029 30029 30029 30029 30029 30029 30029 30029 30029 30029 30029 30029 30029 30029 30029 30029 30029 30029 3 1 30029 30029 30029 30029 30029 30029 30029 30029 30029 30029 30029 30029 30029 30029 30029 30029 2 30029 30029 30029 30029 30029 30029 30029 30029 30029 30029 30029 30029 30029 30029 30029 30029 30029 
87 3000 30029 30029 30029 30029 30029 1 30029 30029 30029 30029 30029 30029 30029 30029 30029 30029 30029 3 30029 30029 30029 30029 30029 30029 30029 30029 30029 30029 30029 30029 30029 30029 30029 30029 30029 30029 30029 30029 30029 30029 30029 30029 30029 30029 30029 4 30029 30029 30029 3 30029 2 30029 30029 30029 30029 30029 30029 4 2 30029 30029 30029 30029 4 30029 30029 30029 1 30029 30029 0 30029 30029 30029 30029 30029 30029 30029 30029 30029 30029 30029 30029 30029 30029 30029 30029 30029 30029 30029 30029 30029 30029 30029 30029 30029 30029 30029 30029 
88 3000 30029 30029 30029 30029 30029 30029 30029 30029 30029 30029 30029 30029 30029 30029 3 30029 30029 30029 30029 30029 30029 30029 30029 30029 30029 30029 30029 30029 30029 30029 30029 30029 30029 30029 30029 30029 30029 30029 30029 30029 30029 30029 4 30029 30029 30029 30029 30029 30029 30029 1 30029 30029 30029 30029 30029 30029 30029 30029 30029 30029 30029 30029 30029 30029 30029 30029 30029 30029 30029 30029 30029 3 30029 30029 30029 30029 30029 30029 30029 30029 3 30029 30029 30029 30029 30029 30029 30029 0 30029 0 30029 30029 30029 3 30029 30029 2 2 
89 3000 30029 30029 30029 30029 30029 30029 30029 30029 3 30029 30029 30029 30029 30029 30029 30029 30029 30029 30029 30029 30029 30029 30029 30029 30029 30029 4 30029 30029 30029 2 30029 30029 30029 30029 30029 30029 30029 30029 30029 30029 30029 30029 30029 30029 30029 30029 30029 30029 30029 30029 30029 30029 30029 30029 30029 30029 30029 30029 30029 30029 30029 30029 2 30029 0 30029 30029 30029 30029 30029 30029 30029 30029 30029 30029 30029 30029 30029 30029 2 30029 1 30029 30029 4 30029 2 30029 3 30029 30029 30029 30029 30029 30029 30029 30029 30029 30029 
90 3000 30029 30029 30029 30029 30029 30029 30029 30029 30029 30029 30029 30029 30029 30029 30029 30029 30029 30029 30029 30029 30029 30029 3 30029 30029 2 30029 30029 30029 30029 30029 30029 30029 30029 30029 0 30029 30029 30029 30029 30029 30029 30029 30029 30029 30029 30029 1 30029 0 30029 30029 30029 30029 30029 30029 30029 30029 30029 30029 30029 30029 30029 30029 0 2 30029 30029 30029 30029 30029 30029 30029 30029 30029 30029 30029 30029 30029 4 4 0 30029 30029 30029 30029 30029 30029 30029 30029 30029 30029 30029 30029 30029 30029 30029 30029 30029 30029 
91 3000 30029 30029 30029 30029 30029 30029 3 30029 30029 30029 30029 30029 30029 30029 30029 30029 30029 30029 30029 30029 30029 30029 30029 3 30029 30029 30029 30029 2 30029 30029 30029 30029 30029 1 30029 2 30029 30029 30029 1 30029 30029 30029 30029 30029 30029 30029 4 30029 30029 30029 4 30029 30029 30029 30029 30029 3 30029 30029 30029 30029 3 30029 30029 30029 30029 30029 30029 30029 30029 30029 30029 30029 30029 30029 30029 30029 30029 30029 30029 30029 30029 30029 30029 30029 30029 30029 30029 30029 30029 30029 30029 30029 30029 30029 30029 30029 30029 
92 3000 30029 30029 30029 30029 2 30029 3 30029 30029 30029 30029 30029 30029 30029 4 30029 30029 30029 30029 30029 30029 30029 30029 30029 30029 30029 30029 30029 30029 30029 30029 30029 30029 30029 30029 30029 30029 30029 30029 30029 0 30029 30029 30029 30029 4 30029 30029 30029 30029 30029 30029 3 30029 2 30029 30029 30029 30029 30029 30029 30029 30029 30029 30029 30029 30029 30029 30029 2 3 30029 30029 30029 30029 30029 30029 30029 0 30029 30029 30029 30029 30029 30029 30029 30029 30029 30029 30029 30029 30029 30029 30029 30029 30029 30029 30029 30029 30029 
93 3000 30029 30029 30029 30029 30029 30029 30029 30029 30029 30029 30029 30029 30029 30029 30029 30029 30029 30029 30029 30029 30029 30029 30029 30029 30029 30029 30029 30029 30029 30029 30029 30029 30029 30029 30029 30029 30029 30029 0 30029 30029 30029 30029 30029 30029 30029 30029 30029 30029 30029 30029 30029 2 30029 30029 30029 30029 30029 30029 30029 30029 30029 30029 30029 30029 30029 30029 30029 30029 30029 4 1 30029 30029 30029 30029 30029 30029 30029 30029 3 30029 30029 0 30029 30029 30029 30029 30029 30029 1 30029 2 30029 3 30029 2 30029 30029 30029 
94 3000 2 30029 30029 30029 30029 30029 30029 30029 30029 30029 30029 30029 30029 30029 30029 30029 30029 30029 30029 30029 30029 30029 30029 30029 30029 1 30029 30029 30029 30029 2 30029 30029 1 30029 30029 30029 30029 30029 2 30029 30029 30029 30029 30029 30029 30029 30029 30029 3 30029 30029 30029 30029 30029 0 30029 30029 30029 30029 30029 3 4 30029 30029 4 30029 30029 30029 30029 30029 30029 30029 30029 30029 30029 30029 30029 30029 30029 30029 30029 30029 30029 30029 30029 30029 30029 30029 30029 30029 30029 30029 30029 30029 30029 30029 30029 30029 30029 
95 3000 30029 30029 30029 30029 30029 30029 30029 30029 30029 30029 30029 30029 2 30029 30029 30029 30029 30029 1 30029 30029 30029 1 4 30029 3 30029 30029 30029 30029 30029 30029 30029 30029 30029 30029 30029 30029 30029 30029 30029 30029 30029 30029 30029 30029 30029 30029 30029 30029 30029 30029 30029 30029 30029 30029 30029 30029 30029 30029 30029 30029 30029 30029 30029 30029 30029 30029 30029 0 30029 30029 30029 30029 30029 30029 30029 30029 30029 30029 30029 30029 3 1 30029 30029 0 30029 30029 30029 30029 2 30029 30029 30029 30029 30029 30029 30029 30029 
96 3000 30029 30029 30029 30029 30029 30029 0 30029 30029 30029 30029 30029 30029 30029 30029 30029 30029 30029 30029 1 30029 30029 30029 30029 30029 30029 30029 30029 30029 30029 30029 30029 30029 3 30029 30029 30029 30029 30029 0 30029 30029 30029 30029 30029 30029 30029 30029 30029 30029 30029 30029 30029 30029 30029 30029 30029 4 3 30029 30029 30029 30029 30029 30029 30029 30029 30029 30029 30029 30029 2 30029 0 30029 30029 30029 30029 30029 30029 1 30029 30029 2 30029 30029 30029 30029 30029 30029 30029 30029 30029 30029 30029 30029 30029 30029 30029 30029 
97 3000 30029 30029 30029 1 30029 30029 30029 30029 4 30029 30029 30029 30029 30029 30029 30029 30029 30029 0 30029 30029 30029 30029 2 30029 30029 30029 30029 30029 30029 30029 30029 30029 30029 3 30029 30029 30029 30029 30029 30029 30029 30029 30029 30029 30029 30029 3 30029 30029 30029 30029 30029 30029 30029 30029 30029 30029 2 30029 30029 2 30029 30029 30029 30029 30029 30029 30029 30029 30029 30029 30029 30029 30029 30029 30029 30029 30029 30029 30029 30029 30029 4 2 30029 30029 30029 30029 30029 30029 30029 30029 30029 30029 30029 30029 30029 30029 30029 
98 3000 30029 3 30029 30029 30029 30029 30029 30029 30029 30029 0 30029 30029 30029 30029 30029 30029 30029 30029 30029 2 30029 30029 30029 30029 30029 30029 30029 30029 30029 30029 30029 30029 30029 2 30029 30029 30029 30029 30029 30029 30029 30029 30029 30029 30029 30029 30029 30029 30029 30029 30029 30029 30029 30029 30029 30029 30029 30029 30029 30029 30029 30029 30029 30029 30029 30029 30029 30029 30029 30029 3 30029 30029 30029 30029 30029 30029 30029 30029 30029 30029 30029 4 0 30029 30029 30029 30029 30029 1 0 2 30029 30029 30029 30029 30029 30029 30029 
99 3000 30029 30029 30029 30029 30029 30029 30029 30029 30029 30029 30029 30029 30029 30029 30029 3 30029 30029 30029 30029 30029 4 0 30029 30029 30029 30029 2 30029 30029 30029 3 30029 30029 30029 1 30029 30029 30029 30029 30029 1 30029 30029 30029 30029 30029 30029 30029 30029 30029 30029 30029 30029 30029 0 30029 30029 30029 30029 30029 30029 30029 30029 2 30029 30029 30029 30029 30029 30029 30029 30029 30029 30029 30029 30029 30029 30029 3 30029 30029 30029 30029 30029 30029 30029 30029 30029 30029 30029 30029 30029 30029 30029 30029 30029 30029 30029 30029 
100 3000 30029 30029 30029 30029 30029 30029 30029 30029 30029 30029 30029 30029 2 30029 30029 1 1 2 30029 30029 30029 30029 30029 30029 30029 30029 30029 30029 30029 1 30029 30029 30029 30029 30029 30029 30029 30029 30029 30029 30029 30029 30029 30029 0 30029 30029 30029 30029 30029 30029 30029 30029 30029 30029 0 30029 30029 30029 30029 30029 30029 30029 30029 30029 30029 30029 30029 30029 30029 30029 30029 30029 30029 30029 30029 30029 30029 2 30029 30029 4 30029 30029 30029 30029 30029 30029 2 30029 30029 30029 30029 30029 30029 30029 30029 30029 30029 30029 
