FILE: 333GapCS.txt
100 100 0 
1 3000 30034 30034 30034 30034 30034 30034 30034 30034 30034 30034 30034 30034 30034 30034 30034 30034 30034 30034 30034 30034 30034 30034 30034 30034 30034 30034 30034 2 30034 30034 30034 30034 30034 30034 30034 30034 30034 30034 30034 30034 30034 30034 30034 30034 30034 30034 30034 30034 30034 30034 30034 30034 30034 30034 30034 30034 30034 2 30034 30034 30034 30034 30034 30034 30034 30034 30034 30034 0 30034 30034 30034 30034 30034 30034 30034 30034 30034 30034 30034 30034 30034 30034 30034 30034 30034 30034 30034 30034 30034 30034 30034 0 30034 4 1 3 2 0 3 
2 3000 30034 30034 30034 30034 30034 3 0 30034 30034 30034 4 30034 30034 30034 30034 30034 30034 30034 30034 30034 30034 30034 30034 30034 30034 30034 30034 30034 30034 30034 30034 30034 30034 30034 30034 30034 30034 4 4 30034 30034 30034 30034 30034 30034 30034 30034 30034 30034 30034 30034 30034 0 30034 30034 30034 30034 30034 30034 30034 30034 30034 30034 30034 30034 3 30034 30034 30034 30034 30034 30034 30034 30034 30034 30034 30034 4 0 30034 30034 30034 30034 30034 30034 30034 30034 2 30034 30034 30034 30034 30034 30034 30034 30034 30034 30034 30034 30034 
3 3000 30034 30034 30034 30034 0 30034 30034 30034 30034 30034 30034 30034 2 30034 30034 30034 30034 30034 30034 30034 30034 30034 30034 30034 30034 30034 30034 30034 30034 30034 30034 30034 30034 30034 30034 30034 30034 30034 30034 30034 30034 1 30034 30034 30034 30034 0 30034 30034 0 30034 30034 30034 30034 30034 30034 3 30034 30034 30034 30034 30034 30034 30034 30034 30034 30034 30034 30034 30034 30034 30034 30034 30034 2 30034 30034 30034 30034 30034 30034 4 30034 0 30034 2 30034 30034 30034 30034 30034 30034 30034 30034 30034 30034 30034 30034 30034 30034 
4 3000 30034 4 1 30034 30034 30034 3 30034 30034 30034 30034 30034 30034 0 30034 30034 30034 30034 30034 30034 30034 30034 30034 3 30034 30034 30034 30034 30034 30034 30034 30034 30034 30034 30034 30034 30034 30034 30034 30034 30034 30034 30034 30034 30034 30034 30034 30034 30034 30034 30034 30034 30034 30034 30034 30034 30034 30034 30034 30034 30034 30034 30034 30034 30034 0 30034 30034 30034 30034 30034 30034 30034 30034 30034 30034 30034 30034 30034 4 30034 30034 30034 30034 30034 30034 30034 30034 30034 30034 30034 30034 30034 3 30034 30034 30034 2 2 30034 
5 3000 30034 30034 30034 30034 30034 30034 30034 30034 30034 30034 30034 30034 30034 30034 4 30034 30034 30034 30034 30034 30034 30034 30034 30034 30034 3 3 30034 30034 30034 30034 30034 30034 30034 30034 30034 30034 30034 30034 4 30034 30034 30034 30034 30034 30034 30034 30034 30034 30034 30034 30034 30034 30034 30034 30034 30034 30034 30034 30034 30034 30034 30034 30034 30034 30034 30034 30034 30034 30034 30034 30034 30034 2 30034 30034 3 30034 30034 30034 30034 30034 30034 30034 30034 30034 30034 30034 30034 30034 30034 1 30034 2 0 30034 30034 4 30034 30034 
6 3000 30034 30034 30034 30034 30034 30034 30034 30034 30034 30034 30034 30034 30034 30034 30034 30034 30034 30034 30034 30034 30034 1 30034 30034 30034 30034 30034 30034 30034 30034 30034 30034 30034 30034 4 30034 30034 30034 30034 30034 30034 30034 30034 30034 30034 30034 30034 30034 30034 30034 30034 30034 30034 30034 30034 30034 30034 30034 30034 30034 30034 30034 30034 3 30034 30034 30034 30034 30034 4 30034 4 30034 30034 30034 30034 3 30034 30034 30034 30034 30034 3 30034 30034 30034 3 4 30034 30034 30034 30034 30034 4 30034 30034 30034 30034 30034 30034 
7 3000 30034 30034 30034 4 30034 30034 30034 30034 30034 30034 30034 30034 30034 30034 30034 30034 30034 30034 30034 30034 30034 30034 30034 30034 30034 30034 30034 30034 30034 30034 30034 30034 30034 0 3 30034 30034 30034 30034 30034 30034 30034 30034 0 30034 30034 30034 30034 30034 30034 30034 30034 30034 30034 30034 30034 30034 30034 30034 1 30034 30034 2 30034 0 30034 30034 4 30034 30034 2 3 30034 30034 30034 30034 30034 30034 30034 30034 30034 30034 30034 30034 30034 30034 30034 30034 30034 30034 30034 30034 30034 30034 30034 30034 30034 30034 30034 30034 
8 3000 30034 30034 30034 0 0 30034 30034 30034 3 30034 1 30034 30034 30034 30034 30034 30034 30034 30034 30034 3 30034 30034 30034 30034 30034 30034 30034 30034 30034 30034 30034 30034 30034 30034 30034 30034 30034 30034 30034 30034 30034 0 30034 30034 30034 30034 30034 30034 30034 30034 30034 30034 4 30034 30034 30034 30034 30034 30034 30034 30034 30034 30034 30034 30034 30034 30034 30034 30034 30034 2 30034 30034 30034 30034 30034 30034 30034 30034 30034 30034 30034 0 30034 30034 30034 30034 3 30034 30034 30034 30034 30034 30034 30034 30034 30034 30034 30034 
9 3000 30034 30034 30034 30034 30034 30034 30034 30034 30034 30034 30034 2 30034 30034 30034 30034 4 30034 30034 30034 30034 30034 30034 30034 30034 30034 30034 30034 30034 30034 1 4 30034 30034 30034 30034 30034 30034 30034 30034 30034 30034 30034 30034 30034 30034 30034 30034 30034 30034 30034 30034 30034 30034 30034 30034 30034 30034 30034 30034 30034 30034 30034 30034 30034 30034 30034 30034 30034 30034 30034 30034 30034 30034 30034 30034 30034 30034 30034 30034 30034 30034 30034 1 30034 4 4 0 30034 30034 30034 30034 30034 30034 30034 30034 30034 2 2 30034 
10 3000 30034 30034 30034 30034 30034 30034 30034 30034 30034 30034 30034 1 30034 4 30034 0 30034 30034 30034 4 30034 30034 30034 30034 30034 30034 30034 30034 30034 30034 30034 30034 30034 30034 30034 30034 30034 30034 30034 30034 30034 30034 30034 30034 30034 30034 30034 30034 30034 30034 30034 30034 30034 30034 30034 30034 30034 30034 30034 2 30034 30034 30034 30034 30034 30034 30034 30034 30034 0 30034 30034 30034 30034 30034 30034 30034 30034 30034 30034 30034 30034 30034 30034 30034 3 30034 30034 30034 30034 30034 1 1 30034 3 30034 30034 30034 30034 30034 
11 3000 30034 30034 1 30034 30034 30034 30034 30034 30034 30034 30034 3 30034 30034 30034 30034 30034 30034 30034 30034 30034 30034 30034 30034 30034 2 30034 30034 30034 30034 30034 0 0 30034 30034 30034 30034 30034 30034 30034 30034 30034 30034 3 30034 30034 30034 30034 4 3 30034 30034 30034 30034 30034 30034 30034 30034 30034 30034 30034 30034 30034 2 30034 30034 30034 30034 2 30034 30034 30034 30034 30034 30034 30034 30034 30034 30034 30034 30034 30034 30034 30034 30034 30034 30034 30034 30034 30034 30034 30034 30034 30034 30034 30034 30034 30034 30034 30034 
12 3000 30034 30034 30034 30034 30034 30034 30034 30034 30034 30034 30034 30034 30034 30034 30034 30034 30034 1 30034 30034 30034 30034 30034 30034 30034 30034 30034 30034 30034 30034 30034 30034 30034 4 30034 1 30034 30034 30034 30034 30034 30034 30034 30034 30034 30034 30034 30034 30034 30034 30034 30034 30034 30034 30034 30034 30034 30034 30034 30034 30034 30034 30034 30034 30034 30034 30034 30034 30034 30034 0 30034 30034 3 30034 30034 4 30034 30034 30034 4 30034 30034 30034 30034 0 30034 30034 30034 0 30034 30034 30034 0 30034 30034 30034 30034 30034 30034 
13 3000 30034 30034 30034 30034 30034 30034 30034 30034 30034 30034 30034 30034 30034 30034 30034 30034 30034 30034 30034 30034 3 30034 30034 30034 30034 30034 30034 30034 30034 30034 30034 30034 30034 30034 30034 30034 30034 30034 3 30034 30034 30034 30034 30034 30034 30034 30034 30034 30034 30034 30034 30034 30034 30034 30034 30034 30034 30034 30034 30034 30034 30034 30034 30034 0 30034 3 2 30034 30034 30034 30034 30034 30034 30034 30034 30034 30034 30034 30034 30034 30034 30034 30034 4 30034 3 30034 0 30034 0 30034 30034 30034 30034 2 30034 30034 30034 30034 
14 3000 30034 30034 1 30034 30034 30034 30034 30034 30034 30034 30034 30034 30034 30034 30034 30034 30034 30034 30034 30034 30034 30034 30034 30034 30034 30034 30034 30034 30034 30034 30034 30034 3 30034 30034 30034 30034 30034 30034 30034 30034 30034 30034 30034 30034 30034 30034 30034 30034 30034 30034 4 1 30034 30034 30034 30034 30034 30034 30034 30034 30034 30034 30034 30034 30034 30034 30034 30034 1 30034 30034 30034 30034 4 3 30034 30034 30034 0 30034 30034 30034 30034 30034 30034 30034 30034 30034 30034 30034 30034 30034 1 30034 4 30034 30034 30034 30034 
15 3000 30034 30034 30034 30034 30034 30034 30034 30034 30034 0 30034 30034 30034 30034 30034 30034 30034 30034 30034 30034 30034 30034 30034 30034 30034 30034 30034 30034 30034 30034 30034 2 30034 30034 30034 30034 30034 30034 30034 30034 2 30034 30034 30034 30034 2 30034 30034 2 30034 30034 30034 30034 30034 30034 30034 30034 30034 30034 30034 30034 30034 30034 30034 30034 30034 30034 30034 30034 30034 30034 30034 30034 30034 30034 0 30034 30034 30034 30034 30034 30034 30034 4 3 30034 30034 30034 30034 30034 30034 30034 30034 0 4 30034 30034 30034 30034 30034 
16 3000 30034 30034 30034 30034 30034 3 30034 30034 30034 30034 30034 30034 30034 30034 30034 30034 30034 30034 30034 30034 30034 30034 30034 30034 30034 30034 2 30034 30034 30034 4 30034 30034 30034 30034 30034 30034 30034 30034 30034 30034 30034 30034 30034 30034 4 30034 30034 30034 30034 30034 4 30034 30034 30034 30034 30034 30034 30034 30034 30034 30034 30034 30034 30034 30034 30034 30034 2 30034 30034 30034 30034 30034 30034 0 30034 30034 30034 2 30034 30034 30034 30034 2 30034 30034 30034 30034 0 30034 30034 30034 30034 30034 30034 30034 30034 30034 30034 
17 3000 30034 30034 30034 30034 30034 30034 30034 30034 30034 30034 30034 2 30034 30034 30034 30034 30034 0 4 30034 2 30034 30034 1 30034 30034 30034 30034 1 4 30034 30034 30034 30034 30034 30034 3 30034 30034 30034 30034 30034 30034 3 30034 30034 30034 30034 30034 30034 30034 30034 30034 30034 30034 1 30034 30034 30034 30034 30034 30034 30034 30034 30034 30034 30034 30034 30034 30034 30034 30034 30034 30034 30034 30034 30034 30034 30034 30034 30034 30034 30034 30034 30034 30034 30034 30034 30034 30034 30034 30034 30034 30034 30034 30034 30034 30034 30034 30034 
18 3000 30034 30034 30034 30034 30034 30034 30034 30034 30034 30034 30034 30034 30034 30034 3 30034 30034 30034 30034 30034 30034 30034 30034 30034 30034 30034 30034 30034 30034 30034 0 30034 30034 30034 30034 30034 30034 30034 30034 30034 30034 30034 30034 30034 2 30034 0 0 30034 30034 30034 30034 30034 30034 30034 0 30034 4 30034 30034 30034 30034 30034 30034 30034 30034 30034 30034 30034 30034 30034 30034 1 30034 30034 30034 30034 30034 30034 3 30034 30034 30034 30034 30034 30034 30034 30034 30034 30034 30034 30034 30034 30034 2 30034 30034 30034 30034 30034 
19 3000 30034 30034 30034 30034 30034 30034 30034 3 30034 30034 0 30034 30034 30034 30034 30034 0 30034 30034 30034 30034 30034 30034 30034 0 30034 30034 30034 30034 30034 30034 30034 30034 30034 30034 30034 30034 30034 30034 30034 30034 30034 30034 30034 30034 30034 30034 30034 30034 30034 30034 30034 30034 30034 30034 30034 3 30034 3 30034 30034 30034 30034 30034 30034 30034 30034 30034 30034 1 30034 3 30034 30034 30034 2 30034 30034 30034 30034 0 30034 30034 30034 30034 30034 30034 30034 30034 30034 30034 30034 30034 30034 30034 30034 30034 30034 30034 30034 
20 3000 30034 30034 30034 30034 30034 30034 30034 30034 30034 30034 2 30034 30034 30034 30034 30034 30034 30034 30034 30034 30034 30034 0 30034 0 2 30034 30034 30034 30034 30034 30034 30034 30034 30034 2 30034 30034 30034 30034 30034 30034 30034 4 30034 30034 30034 30034 30034 0 30034 30034 30034 30034 2 30034 30034 30034 30034 30034 30034 3 1 30034 30034 30034 30034 30034 30034 30034 30034 30034 30034 30034 30034 30034 30034 30034 30034 30034 30034 30034 30034 30034 30034 30034 30034 30034 30034 30034 30034 30034 30034 30034 30034 30034 30034 30034 30034 30034 
21 3000 30034 30034 30034 30034 30034 3 30034 30034 30034 30034 30034 30034 30034 30034 30034 30034 30034 30034 30034 30034 30034 30034 30034 30034 30034 30034 30034 30034 30034 30034 30034 30034 30034 30034 30034 30034 30034 4 2 30034 3 30034 3 4 30034 30034 30034 30034 30034 30034 30034 3 30034 30034 30034 30034 30034 4 30034 30034 30034 30034 30034 0 1 30034 30034 30034 30034 30034 30034 30034 30034 30034 30034 30034 30034 30034 30034 30034 30034 30034 30034 30034 30034 30034 30034 30034 30034 30034 30034 30034 30034 30034 30034 30034 30034 30034 30034 30034 
22 3000 30034 30034 30034 30034 30034 30034 30034 30034 30034 30034 30034 30034 30034 30034 1 30034 30034 30034 30034 1 30034 30034 30034 30034 30034 30034 30034 30034 30034 30034 30034 30034 30034 30034 30034 30034 30034 30034 30034 2 30034 30034 30034 30034 3 30034 30034 30034 30034 30034 30034 30034 30034 30034 30034 30034 30034 30034 30034 30034 30034 4 30034 30034 30034 30034 30034 30034 3 30034 3 30034 30034 30034 30034 30034 30034 30034 3 30034 30034 1 30034 30034 30034 30034 30034 30034 30034 30034 2 30034 30034 30034 30034 30034 30034 30034 30034 30034 
23 3000 30034 30034 30034 30034 30034 30034 30034 30034 3 30034 30034 30034 30034 3 30034 30034 30034 30034 30034 30034 30034 30034 30034 30034 30034 30034 30034 3 30034 30034 30034 30034 30034 30034 30034 30034 30034 30034 30034 30034 30034 30034 30034 30034 30034 30034 30034 30034 30034 30034 30034 30034 30034 30034 30034 30034 30034 30034 30034 30034 30034 30034 30034 30034 30034 30034 30034 30034 30034 30034 30034 4 2 30034 30034 30034 30034 30034 30034 30034 30034 30034 30034 4 4 30034 0 30034 1 30034 30034 30034 30034 30034 30034 30034 30034 30034 0 30034 
24 3000 30034 30034 30034 30034 4 2 30034 30034 30034 30034 30034 0 30034 30034 30034 30034 30034 30034 30034 30034 30034 30034 30034 30034 30034 30034 30034 30034 30034 30034 30034 30034 4 30034 30034 30034 30034 3 30034 30034 30034 1 30034 30034 30034 30034 30034 0 30034 30034 30034 2 30034 30034 30034 30034 30034 4 30034 30034 30034 30034 30034 30034 30034 30034 30034 30034 30034 30034 30034 30034 30034 30034 30034 30034 30034 30034 30034 30034 30034 1 30034 30034 30034 30034 30034 30034 30034 30034 30034 30034 30034 30034 30034 30034 30034 30034 30034 30034 
25 3000 30034 30034 30034 30034 30034 30034 30034 30034 30034 30034 30034 30034 30034 30034 30034 30034 30034 30034 30034 1 30034 30034 2 30034 30034 30034 30034 30034 30034 30034 30034 30034 30034 30034 30034 30034 30034 30034 30034 30034 30034 30034 30034 30034 30034 30034 30034 30034 30034 30034 30034 30034 30034 30034 30034 30034 30034 1 30034 30034 30034 30034 1 30034 30034 30034 30034 30034 30034 30034 30034 30034 30034 30034 30034 30034 30034 30034 30034 30034 0 30034 30034 30034 30034 30034 30034 3 30034 2 30034 1 4 30034 30034 30034 30034 30034 30034 2 
26 3000 30034 30034 30034 30034 30034 30034 30034 30034 30034 30034 30034 30034 30034 4 30034 30034 30034 30034 4 30034 30034 30034 30034 30034 30034 30034 30034 30034 30034 30034 30034 30034 30034 30034 30034 30034 30034 30034 30034 30034 30034 3 30034 30034 30034 30034 30034 30034 30034 30034 30034 30034 30034 30034 30034 30034 1 30034 30034 30034 30034 30034 30034 30034 30034 30034 30034 30034 0 30034 30034 30034 30034 30034 30034 30034 30034 30034 1 30034 30034 30034 30034 30034 30034 30034 30034 30034 30034 30034 1 30034 0 30034 30034 30034 30034 1 1 30034 
27 3000 30034 30034 30034 30034 30034 30034 30034 30034 30034 30034 30034 30034 30034 30034 0 30034 30034 30034 30034 30034 30034 30034 30034 30034 30034 30034 30034 30034 4 30034 30034 30034 30034 30034 30034 30034 30034 30034 30034 30034 30034 30034 30034 30034 30034 30034 30034 30034 30034 30034 3 30034 30034 0 30034 30034 30034 30034 30034 30034 30034 30034 30034 30034 30034 30034 30034 4 1 30034 30034 3 4 30034 30034 30034 30034 30034 30034 30034 30034 30034 30034 30034 30034 30034 4 2 30034 30034 30034 30034 30034 30034 30034 30034 30034 30034 30034 30034 
28 3000 3 4 30034 0 30034 30034 30034 30034 30034 30034 30034 30034 1 30034 30034 30034 30034 30034 1 30034 30034 30034 30034 1 30034 30034 1 30034 1 30034 30034 30034 30034 30034 30034 30034 30034 30034 30034 30034 30034 30034 30034 30034 3 30034 30034 30034 30034 30034 30034 30034 30034 30034 30034 30034 30034 30034 30034 3 30034 30034 30034 30034 30034 30034 30034 30034 30034 30034 30034 30034 30034 30034 30034 30034 30034 30034 30034 30034 30034 30034 30034 30034 30034 30034 30034 30034 30034 30034 30034 30034 30034 30034 30034 30034 30034 30034 30034 30034 
29 3000 30034 30034 30034 30034 30034 30034 30034 30034 30034 30034 30034 30034 30034 30034 30034 30034 30034 30034 30034 30034 30034 30034 30034 30034 3 30034 30034 30034 30034 30034 30034 30034 30034 30034 30034 30034 30034 30034 30034 30034 30034 30034 30034 0 30034 30034 30034 30034 30034 30034 30034 4 30034 30034 30034 30034 30034 30034 30034 30034 30034 30034 30034 30034 30034 30034 30034 30034 30034 30034 30034 30034 30034 2 30034 30034 2 30034 30034 30034 30034 30034 0 30034 30034 1 30034 30034 1 30034 30034 30034 30034 30034 30034 30034 30034 30034 0 0 
30 3000 30034 30034 30034 30034 30034 30034 30034 30034 30034 30034 30034 30034 30034 30034 30034 30034 30034 30034 30034 30034 30034 3 2 30034 30034 30034 30034 30034 30034 30034 30034 30034 30034 30034 3 30034 30034 30034 30034 30034 0 30034 30034 30034 30034 30034 4 30034 30034 30034 0 30034 30034 30034 30034 30034 30034 30034 30034 30034 30034 30034 30034 30034 30034 30034 30034 30034 30034 30034 30034 30034 30034 30034 30034 30034 2 30034 30034 30034 30034 30034 1 30034 30034 30034 30034 30034 30034 4 30034 2 30034 30034 30034 30034 30034 30034 30034 30034 
31 3000 30034 30034 30034 2 30034 30034 30034 30034 30034 30034 30034 30034 30034 30034 30034 30034 30034 30034 30034 30034 30034 30034 30034 30034 30034 30034 30034 30034 30034 30034 30034 30034 2 0 30034 4 30034 30034 30034 30034 4 3 30034 30034 30034 30034 1 30034 30034 30034 30034 30034 30034 30034 30034 30034 0 30034 30034 0 30034 30034 30034 30034 30034 1 30034 30034 30034 30034 30034 30034 30034 30034 30034 30034 30034 30034 30034 30034 30034 30034 30034 30034 30034 30034 30034 30034 30034 30034 30034 30034 30034 30034 30034 30034 30034 30034 30034 30034 
32 3000 30034 3 30034 30034 30034 30034 30034 30034 30034 30034 1 30034 30034 30034 30034 30034 30034 30034 30034 30034 30034 0 30034 1 30034 30034 30034 30034 30034 30034 1 30034 30034 30034 30034 30034 30034 30034 3 30034 30034 30034 0 30034 30034 30034 30034 30034 30034 30034 30034 30034 30034 30034 30034 30034 30034 2 0 30034 30034 30034 30034 30034 30034 30034 30034 30034 30034 30034 30034 30034 30034 30034 30034 30034 30034 30034 30034 30034 30034 30034 30034 30034 30034 30034 30034 4 30034 30034 30034 30034 30034 30034 30034 30034 30034 30034 30034 30034 
33 3000 3 2 30034 30034 30034 0 30034 30034 1 30034 30034 30034 30034 30034 30034 30034 30034 30034 30034 30034 30034 3 30034 30034 30034 30034 30034 2 30034 30034 30034 30034 30034 30034 30034 30034 30034 30034 30034 30034 30034 30034 30034 30034 30034 30034 2 30034 30034 30034 3 30034 30034 3 30034 1 30034 30034 30034 30034 30034 30034 30034 30034 30034 30034 30034 30034 30034 30034 30034 30034 30034 30034 30034 30034 30034 30034 30034 30034 30034 30034 30034 30034 30034 30034 30034 30034 30034 30034 30034 30034 30034 30034 30034 30034 30034 30034 30034 30034 
34 3000 30034 30034 30034 30034 30034 30034 0 30034 30034 30034 0 30034 0 30034 30034 30034 1 30034 30034 30034 30034 4 30034 30034 30034 30034 30034 1 30034 30034 30034 0 30034 30034 30034 30034 30034 30034 30034 30034 30034 30034 30034 30034 30034 30034 30034 30034 30034 30034 30034 30034 30034 30034 30034 30034 30034 30034 30034 0 30034 30034 30034 30034 30034 30034 30034 30034 30034 30034 30034 30034 30034 30034 30034 30034 30034 30034 30034 30034 30034 30034 30034 30034 30034 30034 30034 30034 30034 30034 30034 30034 30034 30034 30034 2 1 30034 30034 30034 
35 3000 30034 30034 3 30034 30034 30034 30034 1 30034 4 30034 30034 30034 30034 30034 30034 30034 30034 30034 2 30034 30034 30034 30034 30034 30034 30034 30034 30034 2 3 30034 30034 30034 30034 30034 30034 30034 30034 30034 30034 30034 30034 30034 1 30034 30034 30034 30034 30034 30034 30034 30034 0 30034 30034 30034 30034 30034 3 30034 30034 30034 30034 30034 30034 30034 2 30034 30034 30034 30034 30034 30034 30034 30034 30034 30034 30034 30034 30034 30034 30034 30034 30034 30034 30034 30034 30034 30034 30034 30034 30034 30034 30034 30034 30034 30034 30034 30034 
36 3000 30034 30034 30034 30034 30034 30034 30034 30034 30034 30034 30034 30034 3 2 30034 30034 30034 4 30034 30034 0 30034 30034 30034 1 30034 30034 30034 1 30034 30034 30034 30034 30034 30034 30034 4 30034 30034 30034 30034 30034 30034 30034 30034 30034 30034 30034 0 30034 30034 30034 30034 30034 30034 30034 30034 30034 30034 30034 30034 30034 30034 30034 30034 30034 30034 30034 30034 30034 30034 30034 30034 30034 2 30034 30034 30034 2 30034 30034 30034 30034 30034 30034 30034 30034 30034 30034 30034 30034 30034 30034 30034 30034 30034 30034 30034 30034 30034 
37 3000 30034 30034 30034 30034 30034 30034 30034 30034 30034 30034 30034 4 30034 30034 30034 30034 30034 30034 30034 30034 30034 30034 30034 30034 30034 30034 30034 30034 30034 30034 30034 30034 30034 30034 2 30034 30034 30034 30034 3 30034 30034 30034 30034 30034 30034 30034 30034 30034 30034 30034 30034 1 30034 1 0 30034 30034 30034 30034 30034 3 30034 30034 30034 30034 30034 30034 30034 2 30034 30034 30034 0 30034 30034 30034 0 30034 30034 30034 30034 30034 30034 30034 30034 30034 30034 30034 30034 30034 30034 30034 30034 30034 30034 30034 30034 30034 30034 
38 3000 1 30034 30034 30034 30034 30034 30034 30034 30034 3 30034 30034 30034 30034 30034 30034 30034 30034 30034 30034 30034 30034 30034 30034 30034 30034 2 30034 30034 30034 30034 30034 30034 30034 1 30034 30034 30034 30034 30034 30034 30034 30034 30034 30034 30034 30034 30034 30034 30034 30034 30034 30034 30034 0 30034 30034 30034 2 30034 30034 30034 30034 30034 30034 30034 30034 30034 30034 30034 30034 30034 30034 30034 30034 30034 30034 30034 30034 2 30034 2 1 30034 30034 30034 30034 30034 30034 30034 30034 30034 30034 30034 30034 30034 30034 4 30034 30034 
39 3000 30034 1 30034 30034 30034 30034 0 30034 30034 30034 30034 30034 30034 30034 30034 30034 30034 30034 30034 1 30034 30034 30034 30034 30034 30034 30034 30034 30034 30034 30034 1 30034 30034 30034 30034 30034 30034 30034 30034 30034 30034 30034 30034 30034 0 30034 30034 30034 30034 30034 30034 30034 30034 30034 30034 30034 30034 30034 30034 30034 0 30034 30034 30034 30034 30034 30034 30034 30034 30034 30034 30034 30034 30034 30034 3 30034 30034 30034 30034 2 2 30034 30034 30034 30034 30034 30034 30034 4 30034 30034 30034 30034 30034 30034 30034 30034 30034 
40 3000 30034 30034 30034 30034 30034 30034 30034 30034 30034 30034 30034 30034 30034 30034 30034 30034 30034 30034 30034 2 30034 1 30034 30034 30034 30034 30034 30034 4 30034 30034 30034 30034 30034 30034 30034 3 30034 4 30034 4 4 30034 30034 1 30034 30034 30034 30034 30034 30034 30034 30034 30034 30034 30034 30034 30034 30034 30034 30034 4 30034 30034 30034 30034 30034 30034 30034 30034 30034 30034 2 30034 30034 30034 30034 30034 30034 30034 30034 30034 30034 30034 30034 30034 30034 30034 30034 30034 30034 30034 30034 30034 30034 30034 30034 30034 30034 30034 
41 3000 30034 30034 2 30034 30034 30034 30034 3 1 30034 30034 30034 30034 30034 30034 30034 30034 30034 30034 30034 30034 30034 30034 30034 4 30034 30034 30034 30034 1 30034 30034 30034 30034 30034 30034 30034 30034 30034 30034 30034 30034 30034 30034 30034 30034 30034 30034 30034 30034 0 30034 3 30034 30034 30034 30034 30034 30034 30034 30034 30034 30034 30034 30034 30034 1 30034 30034 30034 2 30034 30034 3 30034 30034 30034 30034 30034 30034 30034 30034 30034 30034 30034 30034 30034 30034 30034 30034 30034 30034 30034 30034 30034 30034 30034 30034 30034 30034 
42 3000 30034 0 30034 30034 30034 30034 30034 30034 30034 30034 30034 30034 30034 30034 30034 30034 30034 30034 30034 30034 30034 4 30034 30034 30034 30034 30034 30034 30034 0 30034 30034 30034 30034 30034 30034 1 30034 30034 30034 30034 30034 30034 30034 30034 30034 30034 30034 30034 30034 0 30034 30034 30034 30034 30034 4 30034 30034 30034 30034 4 30034 30034 30034 1 30034 30034 30034 30034 1 30034 30034 30034 30034 30034 2 30034 30034 30034 30034 30034 30034 30034 30034 30034 30034 30034 30034 30034 30034 30034 30034 30034 30034 30034 30034 30034 30034 30034 
43 3000 30034 30034 30034 30034 30034 30034 30034 30034 3 30034 4 30034 30034 30034 30034 30034 30034 30034 30034 30034 30034 30034 30034 30034 30034 30034 30034 30034 30034 30034 30034 30034 3 30034 30034 30034 30034 30034 30034 30034 30034 30034 30034 30034 30034 30034 30034 30034 30034 30034 30034 30034 30034 30034 30034 30034 30034 30034 30034 30034 30034 30034 30034 30034 30034 30034 1 30034 4 30034 3 30034 30034 30034 30034 30034 30034 1 30034 2 2 30034 30034 30034 30034 30034 30034 30034 30034 30034 30034 30034 1 30034 30034 30034 30034 30034 30034 30034 
44 3000 30034 30034 30034 30034 30034 30034 30034 30034 30034 30034 30034 30034 30034 30034 4 30034 30034 30034 30034 30034 30034 30034 30034 30034 30034 30034 30034 30034 30034 0 30034 30034 30034 30034 0 30034 4 30034 30034 30034 30034 30034 30034 30034 30034 30034 30034 30034 30034 30034 1 30034 30034 30034 2 30034 30034 30034 3 30034 30034 30034 30034 30034 4 30034 3 30034 30034 30034 30034 30034 30034 30034 30034 30034 30034 4 30034 30034 30034 30034 30034 30034 30034 30034 30034 30034 30034 30034 30034 30034 30034 30034 30034 30034 30034 30034 30034 30034 
45 3000 30034 30034 30034 30034 30034 0 30034 30034 30034 30034 30034 30034 30034 30034 30034 30034 30034 3 30034 30034 30034 30034 3 30034 30034 30034 30034 30034 30034 30034 30034 30034 30034 30034 30034 30034 30034 30034 30034 3 30034 30034 30034 30034 30034 30034 30034 30034 30034 30034 30034 30034 1 30034 30034 30034 30034 30034 2 30034 3 30034 30034 30034 30034 30034 30034 30034 30034 30034 30034 30034 30034 30034 30034 30034 30034 30034 30034 30034 30034 30034 30034 30034 30034 3 30034 30034 4 30034 30034 30034 30034 30034 30034 30034 30034 30034 4 30034 
46 3000 30034 30034 30034 30034 30034 0 2 30034 30034 30034 4 30034 30034 30034 30034 30034 30034 30034 0 30034 30034 30034 30034 30034 30034 1 30034 3 30034 30034 2 30034 30034 30034 30034 30034 2 30034 30034 30034 30034 30034 30034 30034 30034 30034 30034 30034 30034 30034 4 30034 30034 2 30034 30034 30034 30034 30034 30034 30034 30034 30034 30034 30034 30034 30034 30034 30034 30034 30034 30034 30034 30034 30034 30034 30034 30034 30034 30034 30034 30034 30034 30034 30034 30034 30034 30034 30034 30034 30034 30034 30034 30034 30034 30034 30034 30034 30034 30034 
47 3000 30034 30034 2 4 30034 30034 30034 30034 30034 30034 30034 30034 30034 30034 30034 30034 30034 30034 30034 30034 30034 30034 4 30034 30034 30034 30034 30034 30034 30034 30034 30034 30034 30034 30034 30034 30034 30034 30034 30034 30034 30034 30034 30034 30034 30034 30034 30034 30034 30034 30034 30034 30034 30034 30034 30034 30034 30034 30034 30034 30034 30034 30034 30034 30034 30034 30034 30034 30034 30034 30034 30034 30034 30034 30034 30034 30034 30034 30034 30034 3 30034 30034 30034 0 30034 30034 30034 30034 0 30034 30034 30034 30034 30034 30034 1 3 4 4 
48 3000 30034 30034 30034 30034 30034 30034 30034 30034 30034 30034 30034 30034 30034 30034 30034 2 30034 30034 30034 30034 30034 30034 30034 30034 30034 30034 30034 30034 30034 30034 30034 30034 30034 30034 3 2 30034 30034 30034 30034 30034 2 30034 30034 30034 30034 30034 30034 30034 30034 30034 30034 30034 30034 30034 30034 2 3 30034 1 30034 30034 3 4 30034 30034 0 30034 30034 30034 30034 30034 30034 30034 30034 30034 30034 30034 30034 30034 30034 30034 30034 30034 30034 30034 30034 30034 30034 30034 30034 30034 30034 30034 30034 30034 30034 30034 30034 30034 
49 3000 30034 30034 30034 30034 30034 30034 30034 30034 30034 30034 30034 30034 30034 30034 30034 30034 30034 30034 30034 30034 30034 30034 30034 30034 30034 30034 30034 3 30034 30034 30034 30034 30034 30034 30034 30034 30034 30034 4 30034 30034 30034 30034 30034 30034 30034 30034 0 30034 30034 30034 30034 30034 30034 30034 30034 30034 30034 30034 30034 30034 30034 4 30034 0 30034 30034 30034 30034 30034 30034 0 30034 30034 30034 30034 30034 30034 4 3 30034 30034 30034 30034 30034 30034 30034 30034 30034 30034 30034 4 2 30034 30034 30034 30034 30034 30034 30034 
50 3000 30034 30034 30034 30034 30034 30034 30034 30034 30034 4 30034 30034 30034 30034 2 0 2 30034 30034 30034 30034 30034 30034 30034 30034 30034 30034 30034 30034 30034 30034 30034 30034 30034 30034 30034 30034 30034 30034 2 30034 30034 3 30034 30034 30034 30034 30034 30034 30034 30034 30034 2 30034 30034 30034 30034 30034 30034 30034 0 30034 30034 30034 30034 4 30034 1 30034 30034 30034 30034 30034 30034 30034 30034 30034 30034 30034 30034 30034 30034 30034 30034 30034 30034 30034 30034 30034 30034 30034 30034 30034 30034 30034 30034 30034 30034 30034 30034 
51 3000 30034 30034 30034 30034 30034 30034 30034 3 30034 30034 30034 30034 30034 30034 30034 30034 3 30034 30034 30034 3 30034 30034 30034 30034 30034 30034 30034 30034 30034 30034 30034 30034 2 30034 30034 30034 30034 30034 30034 30034 30034 30034 30034 4 30034 30034 30034 30034 30034 30034 30034 30034 30034 4 30034 30034 30034 30034 30034 30034 30034 30034 30034 30034 30034 30034 30034 30034 30034 4 30034 30034 30034 3 30034 30034 1 30034 30034 30034 30034 4 30034 30034 30034 30034 30034 30034 30034 30034 30034 30034 30034 30034 30034 30034 30034 30034 30034 
52 3000 0 30034 30034 30034 30034 30034 30034 30034 30034 30034 30034 30034 30034 30034 30034 30034 30034 30034 30034 30034 2 30034 30034 30034 30034 30034 30034 3 30034 30034 30034 30034 1 30034 30034 30034 30034 30034 30034 30034 30034 30034 30034 30034 30034 4 30034 30034 30034 4 30034 30034 30034 3 30034 30034 30034 30034 30034 30034 30034 30034 30034 30034 30034 30034 4 30034 30034 30034 3 30034 30034 30034 30034 30034 30034 30034 30034 30034 30034 30034 30034 30034 30034 30034 4 30034 30034 30034 30034 30034 30034 30034 30034 30034 30034 30034 30034 30034 
53 3000 3 30034 30034 30034 30034 30034 30034 30034 30034 30034 30034 30034 30034 4 30034 30034 30034 30034 30034 30034 30034 30034 30034 30034 30034 30034 30034 30034 30034 2 30034 30034 30034 30034 30034 30034 30034 0 30034 30034 30034 30034 30034 30034 30034 30034 30034 30034 30034 30034 30034 30034 30034 30034 3 30034 30034 30034 30034 30034 30034 30034 30034 30034 30034 30034 30034 30034 30034 30034 30034 30034 30034 30034 30034 30034 30034 30034 30034 30034 30034 30034 30034 30034 30034 30034 30034 30034 30034 30034 30034 1 30034 4 30034 3 0 30034 30034 0 
54 3000 1 30034 30034 30034 30034 30034 30034 30034 2 30034 30034 30034 30034 30034 30034 30034 30034 30034 30034 30034 30034 30034 2 30034 30034 3 30034 30034 30034 30034 30034 30034 4 30034 30034 30034 30034 30034 30034 30034 4 30034 1 30034 30034 30034 30034 30034 30034 30034 30034 30034 30034 30034 30034 30034 30034 30034 30034 30034 30034 30034 30034 30034 4 30034 30034 30034 30034 30034 30034 30034 30034 30034 2 30034 30034 30034 2 30034 30034 30034 30034 30034 30034 30034 30034 30034 30034 30034 30034 30034 30034 30034 30034 30034 30034 30034 30034 30034 
55 3000 30034 30034 30034 30034 30034 30034 30034 30034 30034 30034 30034 30034 30034 30034 30034 30034 30034 30034 30034 30034 30034 30034 30034 30034 30034 30034 30034 30034 30034 30034 30034 30034 30034 30034 30034 30034 30034 30034 30034 30034 30034 30034 30034 30034 30034 30034 30034 30034 30034 30034 30034 30034 30034 30034 30034 30034 30034 30034 30034 2 30034 30034 30034 30034 30034 30034 30034 30034 30034 30034 30034 30034 30034 30034 1 30034 30034 30034 30034 30034 30034 30034 30034 30034 0 30034 30034 30034 30034 4 30034 30034 30034 30034 1 0 4 1 2 3 
56 3000 3 30034 30034 30034 3 30034 30034 30034 30034 0 30034 30034 30034 30034 30034 30034 30034 30034 30034 30034 30034 30034 30034 30034 30034 30034 3 30034 30034 30034 30034 30034 30034 30034 30034 30034 30034 30034 30034 30034 30034 30034 30034 30034 30034 2 30034 30034 30034 4 30034 30034 30034 30034 30034 30034 30034 30034 30034 30034 30034 30034 30034 30034 30034 30034 1 30034 30034 4 30034 30034 30034 30034 30034 30034 30034 30034 30034 30034 30034 30034 30034 30034 30034 30034 30034 30034 30034 30034 30034 30034 30034 1 30034 30034 30034 30034 30034 1 
57 3000 3 30034 1 30034 30034 30034 30034 30034 2 1 30034 30034 30034 30034 30034 30034 30034 30034 30034 30034 30034 30034 30034 30034 30034 30034 30034 30034 30034 30034 30034 30034 30034 30034 30034 30034 30034 30034 30034 30034 30034 30034 30034 30034 30034 30034 30034 30034 30034 30034 30034 30034 30034 30034 30034 30034 30034 30034 30034 30034 30034 2 30034 3 30034 30034 30034 30034 30034 0 30034 30034 30034 30034 0 30034 30034 30034 30034 30034 4 30034 30034 30034 30034 30034 30034 30034 30034 4 30034 30034 30034 30034 30034 30034 30034 30034 30034 30034 
58 3000 30034 30034 30034 1 30034 30034 30034 30034 30034 30034 30034 30034 30034 30034 30034 30034 30034 30034 30034 30034 30034 30034 30034 4 30034 30034 30034 30034 30034 30034 30034 4 30034 30034 30034 30034 30034 30034 30034 30034 30034 30034 30034 30034 1 30034 30034 30034 30034 30034 30034 30034 30034 30034 30034 30034 30034 30034 30034 30034 30034 30034 30034 30034 30034 30034 30034 30034 30034 30034 30034 30034 30034 30034 30034 30034 3 30034 30034 30034 30034 30034 30034 30034 30034 30034 0 30034 30034 2 30034 30034 30034 3 30034 2 30034 30034 30034 2 
59 3000 30034 30034 30034 30034 30034 30034 30034 30034 30034 30034 30034 30034 30034 30034 1 30034 30034 30034 30034 30034 30034 30034 30034 3 1 30034 30034 30034 30034 30034 30034 30034 30034 30034 30034 30034 30034 30034 30034 30034 30034 4 30034 30034 30034 30034 0 30034 30034 30034 30034 30034 30034 30034 30034 30034 30034 30034 30034 30034 30034 30034 30034 30034 30034 30034 30034 30034 30034 30034 30034 30034 30034 30034 30034 30034 30034 1 30034 30034 3 30034 3 30034 30034 0 30034 30034 30034 30034 30034 30034 30034 30034 30034 30034 1 30034 30034 30034 
60 3000 30034 4 30034 30034 30034 30034 30034 2 30034 30034 30034 30034 30034 30034 30034 30034 30034 30034 30034 30034 30034 30034 30034 30034 30034 30034 30034 30034 30034 30034 30034 30034 30034 30034 30034 30034 30034 30034 30034 30034 30034 30034 0 30034 30034 30034 30034 1 30034 30034 30034 30034 30034 30034 30034 30034 30034 30034 30034 30034 30034 30034 30034 1 30034 30034 30034 4 30034 30034 30034 30034 30034 30034 30034 30034 30034 30034 30034 30034 30034 30034 30034 30034 30034 30034 30034 30034 30034 2 30034 30034 30034 30034 30034 30034 30034 4 3 3 
61 3000 30034 30034 30034 30034 2 30034 30034 30034 30034 30034 30034 30034 30034 30034 30034 30034 30034 30034 30034 30034 30034 30034 30034 30034 30034 30034 1 30034 30034 30034 30034 3 30034 3 30034 1 30034 2 0 30034 30034 30034 30034 30034 30034 30034 30034 30034 30034 30034 0 30034 3 30034 0 30034 30034 30034 30034 30034 30034 30034 30034 30034 30034 30034 30034 30034 30034 30034 30034 30034 30034 30034 30034 30034 30034 30034 30034 30034 30034 30034 30034 30034 30034 30034 30034 30034 30034 30034 30034 30034 30034 30034 30034 30034 30034 30034 30034 30034 
62 3000 30034 30034 30034 30034 30034 30034 30034 30034 30034 30034 30034 30034 30034 30034 30034 3 30034 30034 30034 4 30034 30034 30034 30034 30034 30034 30034 30034 2 30034 30034 30034 30034 30034 30034 30034 30034 30034 30034 30034 30034 30034 30034 30034 30034 30034 30034 4 2 30034 30034 30034 4 30034 30034 30034 30034 30034 30034 30034 30034 30034 30034 30034 30034 30034 30034 30034 30034 30034 30034 30034 30034 30034 1 30034 30034 30034 30034 4 30034 30034 30034 3 30034 30034 30034 30034 30034 30034 2 30034 30034 30034 30034 30034 30034 30034 30034 30034 
63 3000 30034 30034 30034 30034 30034 30034 30034 30034 30034 30034 30034 30034 30034 30034 30034 30034 30034 30034 30034 30034 4 30034 30034 30034 30034 30034 30034 30034 30034 30034 30034 30034 4 30034 30034 3 30034 30034 30034 3 30034 4 30034 30034 3 30034 30034 30034 30034 30034 30034 30034 30034 2 30034 30034 30034 30034 30034 30034 30034 30034 30034 30034 30034 30034 30034 30034 30034 30034 30034 30034 4 4 0 30034 30034 30034 30034 30034 30034 30034 30034 30034 30034 30034 30034 30034 30034 30034 30034 30034 30034 30034 30034 30034 30034 30034 30034 30034 
64 3000 30034 30034 30034 30034 2 30034 30034 30034 30034 30034 30034 30034 30034 30034 30034 30034 30034 30034 30034 30034 30034 30034 0 30034 30034 30034 4 30034 30034 30034 30034 30034 30034 30034 30034 30034 30034 1 30034 30034 30034 30034 1 30034 30034 30034 30034 30034 3 30034 30034 30034 30034 30034 30034 30034 3 30034 3 30034 30034 30034 30034 30034 30034 30034 30034 30034 30034 30034 30034 30034 30034 30034 30034 30034 30034 30034 30034 30034 30034 30034 30034 2 30034 30034 2 30034 30034 30034 30034 30034 30034 30034 30034 30034 30034 30034 30034 30034 
65 3000 30034 30034 30034 30034 2 30034 30034 30034 30034 30034 30034 30034 30034 30034 30034 30034 30034 30034 30034 30034 30034 1 30034 30034 30034 30034 30034 30034 30034 30034 30034 30034 30034 30034 30034 30034 30034 4 30034 30034 30034 30034 0 30034 30034 30034 30034 3 30034 30034 30034 30034 30034 30034 30034 30034 30034 30034 2 30034 30034 30034 30034 30034 30034 30034 30034 30034 30034 30034 30034 30034 4 3 30034 30034 4 4 30034 30034 30034 30034 30034 30034 30034 30034 30034 30034 30034 30034 30034 30034 30034 30034 30034 30034 30034 30034 30034 30034 
66 3000 30034 30034 30034 30034 30034 30034 30034 1 30034 30034 30034 30034 30034 30034 30034 30034 30034 30034 30034 30034 30034 30034 2 30034 30034 30034 30034 30034 30034 30034 30034 30034 30034 30034 30034 2 30034 30034 30034 30034 1 30034 30034 30034 30034 30034 4 30034 1 30034 30034 30034 30034 4 30034 30034 30034 30034 30034 30034 3 30034 30034 30034 30034 30034 30034 30034 30034 30034 30034 30034 30034 30034 30034 1 30034 0 30034 30034 30034 30034 30034 30034 30034 30034 30034 30034 30034 30034 30034 30034 30034 30034 30034 30034 30034 30034 30034 30034 
67 3000 30034 30034 30034 30034 30034 30034 30034 30034 30034 30034 30034 30034 30034 30034 30034 30034 2 30034 30034 30034 30034 30034 30034 30034 30034 30034 4 30034 30034 30034 30034 3 30034 30034 30034 4 30034 30034 30034 30034 30034 30034 30034 4 30034 30034 30034 30034 30034 30034 0 30034 30034 30034 1 30034 30034 30034 30034 30034 30034 30034 30034 30034 30034 1 30034 1 30034 30034 0 30034 30034 30034 30034 30034 30034 30034 30034 30034 30034 30034 30034 30034 30034 30034 30034 30034 30034 30034 30034 30034 30034 30034 30034 30034 30034 30034 30034 30034 
68 3000 30034 30034 30034 30034 30034 30034 30034 30034 30034 0 30034 30034 30034 30034 30034 30034 30034 4 4 30034 30034 30034 30034 30034 30034 30034 30034 30034 30034 30034 30034 30034 30034 1 30034 30034 30034 30034 1 30034 30034 30034 30034 30034 30034 30034 30034 30034 30034 30034 30034 30034 30034 30034 30034 30034 1 30034 30034 30034 30034 30034 30034 30034 30034 30034 30034 30034 30034 30034 30034 30034 30034 30034 30034 30034 30034 4 30034 30034 30034 30034 30034 30034 30034 30034 30034 30034 30034 4 4 30034 30034 1 30034 30034 30034 30034 30034 30034 
69 3000 30034 30034 30034 1 30034 30034 30034 30034 30034 30034 30034 30034 30034 30034 30034 30034 30034 4 30034 30034 30034 30034 30034 30034 30034 30034 30034 30034 30034 30034 0 30034 30034 30034 1 30034 30034 30034 30034 30034 30034 30034 30034 4 30034 30034 30034 30034 4 30034 30034 30034 30034 30034 30034 30034 30034 30034 30034 30034 1 30034 30034 30034 30034 30034 30034 30034 30034 30034 30034 30034 30034 30034 30034 30034 30034 30034 2 30034 30034 30034 30034 30034 2 30034 30034 30034 1 30034 30034 30034 30034 30034 30034 30034 30034 30034 30034 30034 
70 3000 30034 30034 30034 30034 30034 30034 30034 30034 30034 30034 30034 30034 30034 30034 30034 30034 30034 30034 30034 30034 30034 30034 30034 30034 30034 30034 30034 30034 30034 30034 30034 30034 3 30034 30034 30034 30034 30034 30034 30034 30034 30034 1 30034 30034 30034 30034 30034 30034 30034 30034 30034 30034 30034 30034 30034 30034 30034 30034 30034 30034 30034 30034 30034 30034 30034 30034 30034 30034 30034 30034 30034 30034 30034 30034 4 4 30034 30034 30034 30034 30034 4 30034 30034 4 30034 1 4 30034 30034 30034 30034 30034 3 30034 2 30034 30034 30034 
71 3000 30034 4 30034 30034 30034 30034 30034 30034 30034 30034 30034 4 30034 1 30034 2 30034 30034 30034 30034 30034 30034 30034 30034 30034 30034 30034 30034 2 30034 1 30034 30034 30034 30034 30034 30034 30034 30034 30034 30034 30034 30034 30034 30034 30034 30034 30034 30034 30034 30034 30034 30034 30034 30034 30034 30034 30034 30034 30034 0 3 30034 30034 30034 30034 30034 30034 30034 30034 30034 30034 30034 30034 30034 30034 30034 30034 30034 30034 30034 3 30034 2 30034 30034 30034 30034 30034 30034 30034 30034 30034 30034 30034 30034 30034 30034 30034 30034 
72 3000 30034 30034 30034 30034 30034 30034 30034 3 30034 0 30034 30034 30034 30034 30034 1 30034 30034 30034 30034 30034 30034 0 30034 30034 30034 30034 30034 30034 30034 30034 30034 30034 30034 30034 30034 30034 30034 30034 30034 30034 30034 30034 30034 30034 30034 30034 30034 30034 30034 30034 30034 30034 30034 30034 3 30034 30034 30034 30034 30034 30034 30034 30034 0 3 30034 30034 30034 30034 30034 30034 30034 3 30034 30034 30034 30034 30034 30034 30034 30034 30034 30034 30034 1 30034 30034 30034 30034 30034 30034 1 30034 30034 30034 30034 30034 30034 30034 
73 3000 30034 30034 30034 30034 30034 30034 30034 30034 30034 30034 30034 30034 1 30034 2 30034 30034 30034 30034 4 30034 30034 30034 30034 30034 30034 30034 30034 30034 30034 30034 30034 30034 30034 4 30034 30034 30034 30034 30034 30034 30034 30034 30034 30034 0 30034 30034 30034 30034 30034 30034 30034 30034 30034 30034 30034 30034 4 0 30034 30034 30034 30034 30034 30034 30034 30034 30034 30034 30034 30034 30034 30034 30034 30034 30034 3 30034 0 30034 3 30034 30034 30034 30034 30034 30034 30034 30034 30034 30034 30034 30034 30034 30034 30034 30034 30034 30034 
74 3000 30034 30034 30034 30034 30034 30034 30034 30034 30034 30034 30034 30034 30034 30034 30034 30034 30034 30034 30034 30034 30034 30034 30034 30034 30034 30034 30034 30034 30034 30034 30034 30034 30034 30034 0 30034 30034 30034 30034 30034 30034 30034 3 30034 30034 30034 30034 30034 2 0 30034 30034 30034 30034 30034 30034 30034 30034 30034 30034 30034 30034 30034 30034 30034 30034 30034 30034 30034 30034 30034 30034 30034 30034 30034 30034 30034 30034 3 30034 30034 30034 1 30034 30034 30034 0 30034 30034 30034 30034 4 30034 30034 30034 0 30034 3 30034 30034 
75 3000 30034 30034 30034 30034 30034 30034 0 30034 30034 30034 30034 30034 30034 30034 30034 30034 30034 30034 30034 4 30034 30034 30034 30034 30034 30034 30034 30034 30034 30034 30034 30034 30034 30034 30034 30034 0 30034 30034 30034 30034 30034 30034 30034 30034 30034 4 30034 30034 2 30034 30034 30034 30034 30034 30034 30034 30034 30034 30034 30034 0 30034 30034 4 30034 30034 30034 30034 30034 30034 2 30034 30034 30034 30034 30034 30034 30034 30034 30034 1 30034 3 30034 30034 30034 30034 30034 30034 30034 30034 30034 30034 30034 30034 30034 30034 30034 30034 
76 3000 30034 30034 30034 0 30034 30034 30034 30034 30034 30034 1 30034 30034 30034 0 4 30034 30034 2 30034 30034 30034 30034 2 30034 30034 30034 30034 3 30034 30034 30034 30034 30034 30034 30034 30034 30034 30034 30034 30034 30034 30034 30034 30034 30034 30034 30034 30034 30034 30034 30034 30034 30034 30034 30034 30034 30034 30034 30034 1 30034 30034 30034 30034 30034 30034 2 30034 30034 0 30034 30034 30034 30034 30034 30034 30034 30034 30034 30034 30034 30034 30034 30034 30034 30034 30034 30034 30034 30034 30034 30034 30034 30034 30034 30034 30034 30034 30034 
77 3000 30034 30034 30034 4 30034 30034 30034 30034 30034 30034 30034 30034 30034 30034 30034 30034 1 30034 3 30034 30034 30034 30034 3 30034 30034 30034 3 30034 30034 30034 30034 30034 30034 30034 30034 30034 30034 30034 30034 30034 30034 30034 30034 30034 30034 30034 30034 30034 30034 30034 30034 30034 30034 30034 30034 30034 30034 0 30034 1 4 1 4 30034 30034 30034 30034 30034 30034 30034 30034 30034 30034 30034 30034 30034 30034 30034 30034 30034 30034 30034 30034 30034 30034 30034 30034 30034 30034 30034 30034 30034 30034 30034 30034 30034 30034 30034 30034 
78 3000 30034 30034 30034 30034 30034 30034 3 30034 30034 30034 30034 30034 30034 3 30034 30034 30034 30034 30034 30034 1 30034 30034 30034 30034 30034 30034 30034 30034 30034 30034 30034 30034 30034 30034 30034 1 30034 30034 30034 30034 30034 30034 30034 30034 30034 30034 30034 30034 30034 30034 30034 30034 30034 30034 30034 30034 4 30034 30034 30034 30034 30034 30034 30034 30034 30034 30034 30034 30034 30034 30034 30034 30034 30034 30034 30034 30034 30034 30034 1 30034 30034 30034 3 30034 30034 30034 2 30034 0 30034 30034 30034 30034 4 30034 30034 30034 30034 
79 3000 30034 30034 30034 30034 30034 30034 30034 30034 30034 30034 30034 30034 30034 30034 30034 30034 30034 30034 30034 30034 30034 30034 4 30034 30034 30034 30034 30034 30034 30034 30034 2 30034 30034 30034 30034 30034 30034 30034 30034 30034 30034 30034 30034 30034 4 30034 30034 30034 3 30034 30034 30034 30034 30034 30034 30034 30034 30034 30034 30034 30034 30034 30034 30034 30034 30034 30034 30034 30034 30034 30034 30034 30034 30034 30034 30034 30034 4 30034 30034 4 30034 30034 30034 0 30034 0 30034 30034 3 30034 30034 30034 30034 4 30034 30034 30034 30034 
80 3000 30034 30034 30034 30034 30034 30034 30034 30034 30034 30034 30034 4 30034 30034 30034 30034 30034 1 30034 30034 3 30034 30034 30034 30034 30034 30034 30034 30034 30034 30034 30034 30034 30034 30034 30034 30034 30034 30034 30034 1 30034 30034 30034 30034 30034 30034 30034 30034 30034 30034 30034 30034 1 2 30034 30034 30034 0 30034 30034 30034 30034 30034 30034 30034 3 30034 30034 3 30034 30034 30034 30034 30034 3 30034 30034 30034 30034 30034 30034 30034 30034 30034 30034 30034 30034 30034 30034 30034 30034 30034 30034 30034 30034 30034 30034 30034 30034 
81 3000 30034 4 1 30034 0 30034 1 30034 4 30034 30034 30034 30034 3 30034 30034 0 30034 30034 30034 30034 30034 30034 30034 30034 0 30034 3 30034 30034 30034 30034 30034 30034 30034 30034 30034 3 30034 30034 30034 30034 30034 30034 30034 30034 30034 30034 30034 30034 30034 30034 30034 30034 30034 30034 30034 30034 30034 30034 30034 30034 30034 30034 30034 30034 30034 30034 30034 30034 30034 30034 30034 30034 30034 30034 30034 30034 30034 30034 30034 30034 30034 30034 30034 30034 30034 30034 30034 30034 30034 30034 30034 30034 30034 30034 30034 30034 30034 30034 
82 3000 30034 30034 30034 30034 30034 2 30034 30034 30034 30034 30034 30034 30034 30034 30034 30034 30034 30034 30034 30034 30034 30034 30034 30034 30034 30034 30034 30034 0 0 30034 4 30034 30034 30034 30034 30034 30034 30034 0 30034 0 30034 30034 30034 30034 30034 0 2 30034 30034 30034 30034 30034 30034 0 30034 30034 30034 30034 30034 30034 30034 30034 30034 30034 30034 30034 30034 30034 30034 30034 30034 30034 30034 2 30034 30034 30034 30034 30034 30034 30034 30034 30034 30034 30034 30034 30034 30034 30034 30034 30034 30034 30034 30034 30034 30034 30034 30034 
83 3000 0 30034 30034 30034 30034 30034 30034 30034 30034 30034 30034 30034 30034 30034 30034 30034 30034 30034 30034 30034 30034 30034 30034 30034 30034 30034 30034 30034 30034 4 30034 30034 30034 2 30034 30034 30034 30034 30034 30034 30034 30034 30034 30034 30034 30034 30034 30034 30034 30034 30034 30034 3 30034 30034 4 30034 30034 30034 30034 30034 30034 30034 30034 30034 30034 30034 30034 30034 30034 30034 30034 30034 30034 30034 30034 30034 30034 1 30034 4 30034 30034 30034 30034 30034 30034 30034 30034 30034 30034 30034 4 30034 1 30034 3 30034 30034 30034 
84 3000 30034 2 30034 30034 30034 30034 30034 30034 30034 30034 30034 30034 30034 30034 30034 30034 30034 30034 30034 30034 30034 0 30034 30034 30034 30034 30034 30034 3 30034 30034 30034 30034 0 30034 30034 1 4 30034 30034 30034 30034 30034 30034 30034 3 30034 30034 30034 0 30034 30034 30034 30034 30034 30034 3 30034 30034 30034 30034 30034 4 30034 30034 30034 30034 30034 30034 30034 30034 30034 30034 30034 30034 30034 30034 30034 30034 30034 30034 30034 30034 30034 30034 30034 30034 30034 30034 30034 30034 30034 30034 30034 30034 30034 30034 30034 30034 30034 
85 3000 30034 30034 3 30034 30034 2 30034 30034 30034 2 30034 30034 3 30034 30034 30034 30034 30034 30034 30034 30034 30034 30034 30034 2 30034 30034 30034 30034 30034 30034 30034 30034 30034 30034 30034 30034 30034 30034 30034 30034 30034 30034 30034 30034 30034 30034 30034 30034 30034 30034 30034 30034 30034 30034 30034 30034 30034 30034 30034 30034 30034 30034 30034 30034 30034 30034 30034 30034 30034 30034 30034 30034 1 30034 30034 30034 30034 30034 30034 30034 30034 30034 30034 30034 30034 30034 30034 30034 30034 2 30034 1 30034 2 30034 4 30034 30034 30034 
86 3000 30034 30034 30034 30034 30034 30034 30034 30034 30034 30034 30034 30034 30034 30034 30034 30034 1 30034 30034 30034 2 30034 30034 30034 4 30034 4 30034 30034 30034 30034 30034 30034 30034 30034 30034 30034 1 0 2 2 30034 30034 30034 30034 30034 4 30034 30034 30034 30034 30034 30034 30034 30034 30034 30034 30034 30034 30034 30034 30034 30034 30034 30034 0 30034 30034 30034 30034 30034 30034 30034 30034 30034 30034 30034 30034 30034 30034 30034 30034 30034 30034 30034 30034 30034 30034 30034 30034 30034 30034 30034 30034 30034 30034 30034 30034 30034 30034 
87 3000 30034 30034 30034 30034 30034 30034 30034 4 30034 30034 30034 30034 1 30034 30034 4 30034 30034 30034 30034 30034 30034 30034 30034 3 3 30034 30034 30034 30034 30034 30034 3 30034 30034 30034 30034 30034 30034 30034 30034 30034 30034 30034 30034 30034 30034 30034 30034 30034 30034 30034 30034 30034 30034 3 30034 30034 30034 30034 30034 30034 30034 30034 30034 30034 30034 30034 30034 30034 30034 30034 30034 30034 30034 4 30034 30034 30034 30034 30034 30034 1 0 30034 30034 30034 30034 30034 30034 30034 30034 30034 30034 30034 30034 30034 30034 30034 30034 
88 3000 30034 30034 30034 30034 30034 30034 1 30034 1 30034 30034 30034 30034 30034 30034 30034 4 30034 30034 30034 30034 30034 30034 4 30034 30034 30034 30034 30034 30034 30034 30034 30034 30034 30034 30034 30034 30034 30034 30034 30034 30034 30034 30034 30034 30034 30034 30034 30034 30034 30034 3 30034 30034 30034 30034 30034 30034 30034 30034 30034 30034 30034 30034 30034 1 30034 30034 2 30034 30034 30034 30034 30034 30034 30034 30034 30034 30034 30034 30034 30034 30034 30034 30034 30034 30034 30034 30034 30034 30034 0 30034 30034 30034 30034 2 30034 30034 1 
89 3000 30034 30034 30034 30034 30034 30034 30034 30034 30034 30034 30034 30034 30034 30034 30034 30034 30034 30034 30034 30034 30034 4 30034 30034 30034 30034 30034 30034 30034 30034 30034 30034 30034 30034 30034 2 30034 30034 30034 0 30034 4 30034 30034 30034 30034 30034 3 30034 30034 30034 30034 30034 30034 4 30034 30034 30034 30034 30034 0 30034 30034 30034 3 30034 30034 30034 30034 4 30034 30034 30034 30034 30034 30034 30034 30034 30034 30034 3 30034 30034 30034 30034 30034 30034 30034 30034 30034 30034 30034 30034 30034 30034 30034 30034 30034 30034 30034 
90 3000 30034 30034 3 30034 30034 30034 30034 30034 30034 30034 30034 30034 30034 2 30034 4 30034 30034 30034 30034 30034 30034 30034 30034 30034 30034 30034 30034 30034 30034 0 30034 30034 30034 30034 30034 30034 30034 30034 30034 30034 30034 30034 30034 0 30034 30034 30034 30034 30034 30034 4 1 30034 30034 1 30034 30034 30034 30034 30034 30034 3 30034 4 30034 30034 30034 30034 30034 30034 30034 30034 30034 30034 30034 30034 30034 30034 30034 30034 30034 30034 30034 30034 30034 30034 30034 30034 30034 30034 30034 30034 30034 30034 30034 30034 30034 30034 30034 
91 3000 30034 30034 30034 30034 30034 30034 30034 30034 30034 30034 0 30034 30034 30034 30034 30034 30034 30034 30034 30034 30034 30034 30034 30034 30034 0 2 0 30034 30034 30034 30034 30034 4 30034 30034 4 30034 30034 30034 30034 30034 30034 30034 30034 30034 30034 30034 30034 30034 30034 30034 30034 30034 30034 30034 1 30034 30034 30034 30034 30034 30034 1 30034 30034 30034 1 30034 4 30034 30034 30034 30034 30034 30034 30034 30034 30034 30034 30034 30034 30034 30034 30034 30034 30034 30034 30034 30034 30034 30034 30034 30034 30034 30034 30034 30034 30034 30034 
92 3000 30034 30034 30034 30034 30034 30034 30034 30034 30034 30034 30034 30034 2 30034 30034 30034 30034 30034 30034 30034 30034 30034 30034 30034 30034 2 30034 30034 30034 30034 30034 30034 30034 30034 30034 30034 30034 30034 0 30034 30034 30034 30034 30034 30034 2 30034 30034 30034 30034 3 30034 30034 30034 30034 4 30034 30034 30034 30034 30034 30034 30034 30034 30034 30034 30034 30034 30034 30034 30034 30034 30034 30034 30034 30034 30034 30034 30034 0 30034 30034 30034 30034 4 30034 2 3 30034 30034 30034 30034 30034 30034 30034 30034 30034 30034 30034 30034 
93 3000 30034 30034 30034 30034 30034 30034 30034 30034 0 30034 30034 30034 3 30034 30034 0 30034 30034 2 30034 30034 30034 30034 30034 30034 30034 30034 30034 30034 30034 30034 30034 30034 30034 30034 30034 30034 30034 30034 30034 30034 30034 30034 2 30034 30034 30034 30034 30034 30034 30034 1 30034 30034 30034 30034 30034 30034 30034 30034 30034 30034 2 30034 30034 1 30034 30034 30034 30034 30034 4 4 30034 30034 30034 30034 30034 30034 30034 30034 30034 30034 30034 30034 30034 30034 30034 30034 30034 30034 30034 30034 30034 30034 30034 30034 30034 30034 30034 
94 3000 30034 30034 30034 30034 30034 30034 3 30034 30034 30034 30034 30034 30034 30034 30034 30034 30034 0 30034 30034 30034 30034 30034 30034 30034 30034 30034 30034 30034 1 30034 30034 30034 3 30034 30034 30034 30034 30034 30034 30034 30034 30034 30034 30034 30034 30034 30034 30034 30034 30034 4 30034 0 30034 30034 30034 30034 30034 30034 30034 30034 30034 4 30034 30034 30034 3 30034 30034 30034 30034 4 30034 30034 3 30034 30034 30034 30034 30034 30034 30034 30034 30034 30034 30034 30034 30034 30034 30034 30034 30034 30034 30034 30034 30034 30034 30034 30034 
95 3000 3 30034 30034 30034 30034 30034 30034 30034 30034 30034 30034 30034 30034 30034 30034 30034 30034 3 30034 30034 30034 30034 30034 30034 30034 30034 30034 30034 30034 30034 30034 30034 30034 30034 30034 30034 30034 30034 30034 30034 30034 30034 30034 30034 30034 30034 30034 30034 3 4 30034 30034 30034 30034 30034 30034 30034 30034 30034 30034 4 30034 30034 30034 30034 30034 30034 30034 30034 30034 30034 30034 30034 30034 30034 30034 30034 30034 30034 30034 30034 30034 30034 30034 2 30034 30034 1 30034 30034 2 1 30034 30034 1 30034 30034 30034 30034 30034 
96 3000 30034 30034 30034 30034 30034 30034 30034 4 30034 30034 30034 3 30034 30034 30034 30034 30034 30034 30034 30034 30034 30034 30034 30034 30034 30034 30034 30034 30034 30034 30034 30034 30034 30034 30034 30034 30034 30034 30034 30034 2 30034 30034 1 30034 30034 30034 30034 30034 30034 30034 30034 30034 30034 30034 30034 30034 30034 30034 30034 30034 30034 2 30034 30034 30034 30034 30034 30034 30034 30034 30034 30034 30034 1 30034 30034 30034 30034 30034 30034 4 30034 30034 30034 30034 30034 30034 2 30034 30034 0 1 30034 30034 30034 30034 30034 30034 30034 
97 3000 30034 30034 30034 30034 30034 30034 30034 30034 30034 30034 30034 30034 30034 30034 30034 30034 30034 30034 3 30034 30034 30034 30034 30034 0 0 30034 30034 30034 30034 1 30034 30034 30034 30034 30034 30034 30034 30034 0 30034 30034 30034 30034 30034 30034 30034 30034 30034 30034 30034 30034 30034 30034 30034 30034 30034 30034 30034 30034 0 30034 30034 4 30034 30034 30034 30034 4 30034 30034 1 30034 0 30034 30034 30034 30034 30034 30034 30034 30034 30034 30034 30034 30034 30034 30034 30034 30034 30034 30034 30034 30034 30034 30034 30034 30034 30034 30034 
98 3000 30034 30034 30034 30034 3 4 30034 30034 30034 30034 30034 30034 30034 30034 30034 30034 30034 30034 30034 1 30034 30034 30034 1 30034 30034 30034 30034 30034 3 30034 30034 30034 30034 30034 30034 30034 30034 30034 30034 30034 30034 30034 30034 2 30034 30034 30034 30034 30034 30034 30034 30034 30034 30034 30034 30034 0 30034 0 30034 30034 30034 30034 30034 30034 1 30034 30034 30034 30034 30034 30034 30034 30034 30034 30034 30034 30034 30034 30034 30034 30034 30034 30034 30034 30034 30034 4 30034 30034 30034 30034 30034 30034 30034 30034 30034 30034 30034 
99 3000 30034 30034 30034 30034 4 30034 30034 30034 30034 30034 30034 30034 0 30034 30034 30034 30034 30034 1 30034 30034 30034 30034 30034 30034 30034 30034 30034 30034 30034 30034 30034 30034 30034 30034 30034 30034 30034 30034 30034 30034 30034 30034 30034 30034 3 2 0 30034 30034 30034 4 30034 30034 30034 30034 30034 30034 30034 30034 30034 30034 30034 30034 30034 30034 0 30034 1 30034 30034 30034 1 30034 30034 30034 30034 30034 30034 30034 30034 30034 30034 30034 30034 30034 30034 30034 30034 30034 30034 30034 30034 30034 30034 30034 30034 30034 30034 30034 
100 3000 30034 30034 30034 1 30034 30034 30034 1 30034 2 30034 0 30034 30034 2 30034 30034 2 30034 30034 30034 30034 30034 30034 30034 30034 30034 30034 30034 30034 30034 30034 30034 30034 30034 2 30034 30034 30034 30034 30034 30034 30034 30034 30034 30034 30034 3 30034 30034 30034 30034 30034 30034 30034 30034 30034 3 30034 30034 30034 30034 30034 30034 30034 30034 30034 30034 30034 30034 30034 30034 2 30034 30034 30034 30034 30034 30034 30034 30034 30034 30034 30034 30034 30034 30034 30034 30034 30034 30034 30034 30034 30034 30034 30034 30034 30034 30034 30034 
