FILE: 433GapCS.txt
100 100 0 
1 3000 30028 30028 30028 30028 30028 30028 30028 30028 30028 30028 30028 3 30028 30028 30028 30028 30028 30028 30028 3 30028 2 30028 30028 30028 30028 30028 30028 30028 0 30028 30028 30028 30028 30028 30028 30028 30028 30028 30028 30028 3 30028 30028 30028 30028 30028 30028 30028 30028 30028 30028 30028 30028 30028 30028 30028 30028 30028 3 3 30028 30028 30028 30028 30028 0 30028 30028 30028 30028 30028 30028 30028 4 30028 30028 30028 30028 30028 30028 30028 30028 30028 30028 30028 2 30028 30028 30028 30028 30028 30028 30028 30028 30028 30028 30028 30028 30028 
2 3000 30028 30028 30028 3 30028 30028 30028 30028 30028 30028 30028 30028 30028 30028 30028 30028 30028 30028 3 30028 30028 30028 30028 30028 30028 30028 30028 30028 30028 30028 1 30028 30028 2 30028 30028 30028 30028 30028 30028 30028 30028 30028 30028 30028 30028 30028 30028 30028 30028 30028 30028 30028 30028 30028 30028 4 30028 30028 30028 0 30028 30028 30028 30028 30028 30028 30028 30028 30028 30028 30028 30028 30028 30028 30028 30028 30028 2 30028 30028 0 0 4 30028 30028 30028 30028 30028 30028 30028 30028 30028 30028 30028 30028 30028 30028 30028 30028 
3 3000 30028 30028 2 30028 30028 30028 30028 30028 30028 30028 30028 30028 30028 30028 30028 30028 30028 30028 30028 30028 30028 0 30028 30028 4 30028 30028 30028 30028 30028 30028 30028 30028 30028 30028 2 30028 3 30028 4 30028 30028 30028 30028 1 30028 30028 30028 30028 30028 30028 30028 30028 30028 30028 30028 30028 30028 30028 30028 30028 30028 30028 30028 30028 30028 30028 30028 2 30028 30028 30028 30028 30028 30028 30028 30028 30028 30028 30028 30028 30028 30028 30028 30028 2 30028 30028 30028 1 30028 30028 30028 30028 30028 30028 30028 30028 30028 30028 
4 3000 30028 30028 30028 30028 30028 30028 30028 30028 3 30028 30028 30028 30028 1 30028 30028 30028 1 30028 0 30028 30028 3 30028 30028 30028 30028 30028 30028 30028 30028 30028 30028 30028 30028 30028 30028 30028 30028 30028 30028 1 30028 30028 30028 30028 2 30028 30028 30028 3 30028 30028 30028 30028 30028 30028 30028 30028 30028 30028 30028 30028 30028 30028 0 30028 30028 30028 30028 30028 0 30028 30028 30028 30028 30028 30028 30028 30028 30028 30028 30028 30028 30028 30028 30028 30028 30028 30028 30028 30028 30028 30028 30028 30028 30028 30028 30028 30028 
5 3000 30028 30028 1 30028 0 30028 30028 4 30028 30028 30028 30028 30028 30028 30028 4 30028 30028 30028 30028 30028 30028 30028 30028 30028 30028 30028 2 30028 30028 30028 30028 30028 30028 30028 1 30028 30028 30028 30028 30028 30028 30028 30028 30028 30028 30028 30028 3 3 30028 30028 30028 30028 30028 30028 30028 30028 30028 3 30028 30028 30028 30028 3 30028 30028 30028 30028 30028 30028 30028 30028 30028 30028 30028 30028 30028 30028 30028 30028 30028 30028 30028 30028 30028 30028 30028 30028 30028 30028 30028 30028 30028 30028 30028 30028 30028 30028 30028 
6 3000 30028 30028 30028 30028 30028 30028 30028 30028 30028 30028 30028 30028 30028 30028 30028 1 30028 30028 3 30028 30028 30028 30028 30028 30028 30028 30028 3 30028 30028 30028 30028 30028 30028 4 3 30028 30028 30028 30028 30028 30028 3 30028 30028 2 30028 30028 30028 0 30028 30028 30028 30028 30028 30028 30028 30028 30028 30028 30028 30028 30028 30028 30028 30028 30028 30028 30028 30028 30028 30028 3 3 30028 30028 30028 30028 30028 30028 30028 30028 30028 30028 30028 30028 30028 30028 30028 30028 30028 30028 30028 30028 30028 30028 30028 30028 30028 30028 
7 3000 30028 30028 30028 30028 30028 30028 30028 30028 30028 30028 30028 0 30028 30028 30028 30028 30028 30028 30028 30028 30028 30028 30028 30028 30028 30028 1 30028 30028 30028 30028 30028 30028 30028 30028 30028 4 30028 30028 30028 2 30028 30028 30028 30028 30028 30028 30028 30028 30028 30028 30028 30028 30028 30028 30028 30028 30028 30028 30028 30028 30028 30028 30028 30028 30028 30028 4 30028 30028 30028 30028 30028 30028 30028 30028 30028 30028 30028 30028 30028 30028 30028 30028 30028 30028 30028 30028 3 3 30028 0 30028 1 1 30028 30028 30028 30028 30028 
8 3000 30028 30028 30028 30028 30028 30028 30028 30028 30028 30028 30028 30028 30028 30028 30028 30028 30028 30028 30028 30028 30028 30028 2 30028 30028 30028 30028 30028 30028 30028 30028 30028 30028 30028 30028 30028 30028 30028 30028 30028 30028 30028 30028 30028 30028 30028 30028 30028 30028 30028 30028 30028 2 30028 30028 30028 30028 30028 30028 30028 30028 30028 30028 30028 30028 30028 30028 30028 30028 30028 30028 0 30028 30028 30028 30028 30028 30028 30028 30028 30028 30028 30028 30028 30028 1 30028 30028 30028 30028 30028 30028 30028 30028 1 0 4 0 0 0 
9 3000 0 30028 30028 1 30028 30028 30028 30028 30028 30028 30028 30028 30028 30028 30028 30028 30028 30028 30028 30028 4 30028 30028 30028 30028 30028 30028 30028 30028 30028 30028 30028 30028 30028 30028 30028 30028 0 30028 3 3 30028 0 30028 30028 30028 30028 1 30028 30028 3 3 30028 30028 30028 30028 30028 30028 30028 30028 30028 30028 30028 30028 30028 30028 30028 30028 30028 30028 30028 30028 30028 30028 30028 30028 30028 30028 30028 30028 30028 30028 30028 30028 30028 30028 30028 30028 30028 30028 30028 30028 30028 30028 30028 30028 30028 30028 30028 30028 
10 3000 30028 4 30028 30028 30028 30028 30028 30028 30028 2 30028 30028 30028 30028 0 1 30028 30028 30028 30028 4 30028 30028 30028 30028 30028 30028 30028 30028 30028 30028 30028 3 30028 30028 30028 30028 30028 4 30028 30028 30028 30028 30028 30028 30028 30028 30028 30028 30028 4 30028 30028 30028 2 30028 30028 30028 3 30028 30028 30028 30028 30028 30028 30028 30028 30028 30028 30028 30028 30028 30028 30028 30028 30028 30028 30028 30028 30028 30028 30028 30028 30028 30028 30028 30028 30028 30028 30028 30028 30028 30028 30028 30028 30028 30028 30028 30028 30028 
11 3000 30028 30028 30028 30028 30028 30028 30028 30028 30028 30028 30028 30028 30028 30028 30028 30028 0 30028 30028 30028 30028 30028 30028 1 30028 30028 30028 3 30028 30028 30028 30028 30028 30028 30028 30028 30028 30028 2 30028 30028 30028 30028 30028 30028 30028 30028 30028 30028 30028 30028 30028 30028 30028 30028 2 30028 30028 1 30028 30028 1 1 30028 30028 30028 30028 30028 30028 30028 30028 30028 30028 30028 30028 30028 30028 30028 1 30028 1 30028 30028 30028 30028 30028 30028 30028 30028 30028 30028 30028 30028 30028 30028 30028 30028 30028 30028 30028 
12 3000 30028 30028 30028 1 30028 30028 30028 30028 30028 30028 0 30028 3 30028 30028 30028 30028 30028 30028 30028 30028 30028 30028 3 30028 30028 30028 30028 3 30028 30028 30028 30028 30028 3 30028 30028 30028 4 30028 30028 30028 30028 30028 30028 30028 30028 30028 30028 30028 30028 30028 30028 30028 30028 30028 30028 1 30028 30028 30028 30028 4 30028 30028 30028 30028 0 30028 30028 30028 30028 30028 30028 30028 30028 30028 30028 30028 30028 30028 30028 30028 30028 30028 30028 30028 30028 30028 30028 30028 30028 30028 30028 30028 30028 30028 30028 30028 30028 
13 3000 30028 30028 30028 1 30028 30028 30028 30028 30028 30028 30028 30028 30028 30028 4 30028 30028 30028 30028 30028 30028 30028 30028 30028 30028 30028 30028 30028 30028 30028 30028 30028 30028 30028 30028 30028 30028 30028 30028 30028 30028 30028 30028 30028 30028 30028 30028 30028 4 30028 30028 30028 30028 30028 30028 30028 30028 30028 30028 30028 30028 30028 30028 30028 30028 30028 30028 30028 30028 30028 0 30028 30028 30028 30028 30028 30028 30028 30028 2 30028 30028 30028 30028 30028 30028 30028 30028 30028 30028 30028 3 30028 30028 30028 30028 3 2 4 2 
14 3000 0 30028 30028 30028 30028 30028 30028 30028 30028 30028 3 30028 30028 30028 30028 30028 0 30028 30028 30028 30028 30028 30028 30028 30028 0 30028 30028 30028 30028 4 30028 30028 30028 30028 30028 30028 30028 30028 30028 30028 30028 30028 0 30028 30028 30028 30028 30028 30028 30028 30028 30028 0 1 30028 30028 30028 30028 30028 30028 30028 30028 30028 30028 30028 30028 3 30028 30028 30028 1 30028 30028 30028 30028 30028 30028 30028 30028 30028 30028 30028 30028 30028 30028 30028 30028 30028 30028 30028 30028 30028 30028 30028 30028 30028 30028 30028 30028 
15 3000 30028 30028 30028 30028 30028 30028 30028 1 0 30028 30028 4 30028 30028 30028 30028 30028 30028 30028 30028 30028 30028 30028 30028 30028 30028 1 30028 30028 30028 30028 30028 30028 30028 30028 30028 30028 30028 30028 30028 30028 30028 4 30028 30028 30028 30028 30028 30028 30028 30028 30028 30028 30028 30028 30028 30028 30028 30028 30028 30028 30028 30028 30028 30028 30028 1 30028 30028 2 30028 30028 30028 30028 30028 30028 30028 30028 30028 30028 30028 2 30028 30028 30028 4 30028 30028 0 30028 30028 30028 30028 30028 30028 30028 30028 30028 30028 30028 
16 3000 30028 30028 30028 30028 30028 30028 30028 30028 30028 30028 30028 30028 30028 30028 30028 30028 30028 0 30028 30028 30028 30028 30028 30028 30028 30028 30028 30028 30028 1 30028 30028 1 30028 30028 30028 30028 30028 30028 30028 30028 30028 30028 30028 30028 30028 30028 30028 30028 4 30028 1 30028 30028 30028 30028 30028 30028 30028 30028 30028 30028 30028 30028 30028 30028 30028 30028 30028 30028 30028 30028 30028 30028 30028 30028 30028 1 30028 30028 30028 30028 30028 2 30028 30028 30028 30028 3 2 3 30028 30028 30028 30028 30028 30028 30028 30028 30028 
17 3000 30028 30028 30028 30028 30028 30028 30028 30028 30028 30028 30028 30028 30028 30028 30028 1 30028 30028 30028 30028 30028 30028 1 30028 30028 30028 30028 30028 30028 4 0 30028 30028 30028 30028 0 30028 30028 30028 30028 30028 1 30028 30028 30028 30028 30028 30028 30028 30028 30028 30028 30028 30028 30028 2 30028 3 30028 30028 30028 30028 30028 30028 0 30028 30028 30028 30028 30028 30028 1 30028 30028 30028 30028 30028 30028 30028 30028 30028 30028 30028 30028 30028 30028 30028 30028 30028 30028 30028 30028 30028 30028 30028 30028 30028 30028 30028 30028 
18 3000 30028 30028 30028 30028 30028 30028 30028 30028 30028 30028 30028 30028 30028 30028 30028 30028 30028 30028 30028 30028 30028 30028 30028 30028 30028 30028 30028 30028 30028 30028 30028 30028 30028 30028 30028 30028 30028 30028 30028 30028 30028 30028 30028 30028 3 4 30028 4 30028 30028 30028 4 30028 30028 30028 30028 4 30028 30028 30028 30028 30028 30028 30028 30028 30028 30028 30028 30028 0 30028 30028 3 0 30028 30028 30028 30028 30028 30028 4 30028 30028 30028 30028 30028 30028 30028 30028 0 30028 30028 30028 30028 30028 30028 30028 30028 30028 30028 
19 3000 30028 30028 30028 30028 30028 30028 30028 30028 30028 30028 30028 3 30028 30028 30028 30028 30028 2 30028 30028 30028 30028 30028 30028 30028 30028 30028 30028 30028 30028 3 30028 30028 1 30028 30028 30028 30028 0 30028 30028 30028 30028 30028 30028 30028 30028 30028 30028 30028 1 2 30028 30028 30028 30028 2 30028 30028 3 30028 30028 30028 30028 30028 30028 30028 30028 30028 30028 30028 30028 30028 30028 30028 30028 2 30028 30028 30028 30028 30028 30028 30028 30028 30028 30028 30028 30028 30028 30028 30028 30028 30028 30028 30028 30028 30028 30028 30028 
20 3000 30028 30028 30028 30028 30028 0 30028 30028 30028 30028 30028 30028 4 30028 30028 30028 30028 30028 30028 30028 1 30028 30028 30028 30028 30028 30028 0 30028 30028 30028 30028 30028 30028 30028 30028 30028 30028 30028 30028 30028 30028 30028 30028 30028 30028 30028 2 30028 30028 30028 30028 30028 30028 30028 30028 30028 30028 3 30028 30028 30028 30028 30028 30028 30028 30028 3 30028 30028 30028 30028 30028 30028 4 30028 30028 1 30028 30028 30028 30028 1 30028 30028 30028 30028 30028 30028 30028 30028 30028 30028 30028 30028 30028 30028 30028 30028 30028 
21 3000 30028 0 30028 30028 30028 30028 30028 3 30028 30028 30028 30028 0 30028 30028 30028 30028 30028 2 30028 30028 30028 30028 30028 30028 30028 3 30028 4 30028 30028 30028 30028 30028 30028 30028 30028 30028 30028 0 30028 30028 30028 30028 30028 30028 30028 30028 30028 30028 30028 30028 30028 30028 30028 30028 2 30028 30028 30028 30028 30028 3 3 30028 30028 30028 30028 30028 30028 30028 30028 30028 30028 30028 30028 30028 30028 30028 30028 30028 30028 30028 30028 30028 30028 30028 30028 30028 30028 30028 30028 30028 30028 30028 30028 30028 30028 30028 30028 
22 3000 30028 30028 30028 30028 30028 30028 30028 30028 30028 30028 30028 30028 1 30028 30028 30028 30028 30028 30028 30028 30028 30028 30028 30028 2 2 30028 30028 30028 30028 30028 30028 30028 30028 30028 30028 2 30028 30028 30028 30028 30028 2 2 30028 30028 30028 30028 1 30028 30028 30028 30028 30028 30028 30028 30028 30028 30028 30028 30028 30028 30028 30028 30028 30028 30028 4 30028 30028 30028 30028 30028 30028 30028 30028 3 30028 30028 30028 30028 30028 30028 0 30028 30028 30028 30028 30028 30028 30028 30028 30028 30028 30028 30028 30028 30028 30028 30028 
23 3000 30028 30028 30028 30028 30028 30028 30028 30028 30028 2 30028 30028 30028 30028 30028 30028 30028 30028 30028 30028 30028 30028 30028 30028 30028 30028 30028 30028 30028 30028 4 30028 30028 30028 30028 30028 30028 30028 30028 30028 4 30028 30028 30028 30028 30028 1 3 30028 30028 30028 30028 30028 30028 30028 30028 30028 30028 30028 30028 30028 30028 30028 30028 30028 30028 30028 30028 30028 30028 30028 30028 30028 30028 30028 30028 30028 30028 30028 30028 30028 30028 30028 30028 30028 3 30028 30028 30028 30028 30028 30028 3 4 30028 0 0 30028 30028 30028 
24 3000 30028 30028 30028 30028 30028 30028 30028 30028 30028 30028 30028 30028 30028 30028 30028 30028 30028 30028 30028 30028 30028 0 30028 30028 30028 30028 30028 30028 0 3 30028 30028 30028 30028 30028 30028 30028 30028 30028 30028 30028 30028 30028 30028 30028 30028 30028 30028 4 30028 30028 30028 30028 30028 30028 30028 30028 30028 30028 2 3 30028 30028 30028 30028 30028 30028 30028 30028 30028 30028 1 30028 2 30028 30028 30028 30028 4 30028 30028 0 30028 30028 30028 30028 30028 30028 30028 30028 30028 30028 30028 30028 30028 30028 30028 30028 30028 30028 
25 3000 30028 30028 2 3 30028 30028 30028 30028 30028 30028 0 30028 30028 30028 30028 30028 1 30028 30028 30028 30028 30028 30028 30028 30028 30028 30028 30028 30028 30028 30028 30028 30028 30028 30028 30028 30028 30028 30028 30028 30028 30028 30028 30028 30028 30028 30028 30028 30028 30028 3 3 30028 30028 30028 30028 30028 30028 30028 30028 30028 30028 30028 3 30028 30028 1 30028 30028 30028 30028 30028 4 30028 1 30028 30028 30028 30028 30028 30028 30028 30028 30028 30028 30028 30028 30028 30028 30028 30028 30028 30028 30028 30028 30028 30028 30028 30028 30028 
26 3000 30028 30028 1 1 30028 30028 30028 30028 30028 2 30028 30028 30028 30028 0 30028 30028 30028 30028 30028 30028 30028 3 30028 30028 30028 30028 30028 30028 30028 30028 3 30028 30028 30028 30028 30028 30028 30028 30028 30028 0 30028 30028 30028 30028 30028 30028 30028 30028 30028 30028 30028 2 30028 30028 30028 30028 30028 30028 30028 3 30028 30028 30028 1 30028 30028 30028 30028 30028 30028 30028 30028 30028 30028 30028 30028 30028 30028 30028 30028 30028 30028 30028 30028 30028 30028 30028 30028 30028 30028 30028 30028 30028 30028 30028 30028 30028 30028 
27 3000 1 30028 3 30028 30028 30028 4 30028 30028 2 30028 30028 30028 30028 30028 30028 30028 30028 30028 30028 0 30028 30028 30028 30028 30028 2 30028 30028 30028 30028 30028 2 30028 30028 30028 30028 30028 30028 30028 30028 4 30028 30028 30028 30028 30028 30028 30028 30028 30028 30028 30028 30028 30028 30028 30028 30028 30028 30028 30028 30028 30028 30028 30028 30028 30028 30028 30028 30028 0 30028 3 30028 30028 30028 30028 30028 30028 30028 30028 30028 30028 30028 30028 30028 30028 30028 30028 30028 30028 30028 30028 30028 30028 30028 30028 30028 30028 30028 
28 3000 30028 30028 2 30028 30028 30028 30028 30028 30028 30028 30028 30028 30028 3 30028 30028 30028 30028 30028 30028 30028 30028 30028 30028 30028 30028 30028 30028 0 30028 30028 4 30028 30028 0 30028 0 30028 30028 1 30028 30028 30028 30028 30028 30028 30028 30028 30028 30028 30028 30028 4 30028 3 30028 30028 30028 30028 30028 2 30028 30028 30028 30028 30028 30028 30028 30028 30028 30028 30028 30028 30028 30028 30028 30028 30028 30028 30028 30028 30028 30028 30028 30028 30028 30028 30028 30028 30028 30028 30028 30028 30028 30028 30028 30028 30028 30028 30028 
29 3000 30028 30028 30028 3 0 30028 30028 30028 30028 30028 30028 30028 30028 30028 30028 30028 30028 30028 30028 30028 30028 30028 2 30028 30028 30028 30028 30028 3 1 30028 30028 30028 30028 30028 30028 30028 30028 1 30028 30028 30028 30028 30028 30028 30028 30028 30028 30028 30028 3 30028 30028 30028 4 30028 30028 30028 30028 30028 30028 30028 30028 30028 30028 30028 30028 30028 30028 30028 30028 30028 0 30028 30028 30028 30028 30028 30028 30028 30028 30028 30028 30028 30028 2 30028 30028 30028 30028 30028 30028 30028 30028 30028 30028 30028 30028 30028 30028 
30 3000 30028 30028 30028 4 30028 30028 30028 30028 1 30028 30028 30028 30028 30028 30028 30028 30028 30028 30028 30028 30028 30028 30028 3 30028 30028 30028 30028 30028 30028 30028 30028 30028 30028 30028 30028 30028 30028 30028 30028 30028 4 30028 30028 30028 30028 30028 30028 30028 30028 30028 30028 30028 30028 30028 30028 30028 30028 30028 30028 1 30028 30028 30028 30028 30028 30028 30028 30028 30028 30028 30028 30028 30028 30028 30028 30028 30028 30028 30028 30028 0 30028 1 30028 30028 30028 30028 30028 30028 1 2 0 30028 30028 30028 30028 30028 30028 30028 
31 3000 30028 30028 30028 30028 30028 30028 30028 30028 30028 30028 30028 30028 30028 1 30028 30028 30028 30028 30028 30028 30028 30028 30028 30028 30028 30028 30028 30028 30028 30028 30028 30028 30028 0 30028 30028 30028 4 0 30028 30028 30028 30028 30028 30028 30028 30028 3 30028 30028 30028 30028 30028 30028 30028 30028 30028 30028 30028 30028 30028 30028 0 3 30028 30028 30028 3 30028 30028 30028 30028 30028 30028 30028 1 30028 3 30028 30028 30028 30028 30028 30028 30028 30028 30028 30028 30028 30028 30028 30028 30028 30028 30028 30028 30028 30028 30028 30028 
32 3000 30028 30028 3 30028 30028 30028 30028 30028 30028 30028 30028 30028 30028 30028 30028 30028 3 30028 30028 30028 30028 30028 30028 30028 30028 30028 30028 30028 30028 30028 30028 30028 30028 30028 30028 30028 1 30028 30028 30028 30028 30028 30028 30028 30028 30028 3 30028 30028 30028 30028 30028 30028 30028 30028 30028 30028 30028 30028 30028 30028 30028 30028 30028 30028 30028 30028 30028 30028 30028 30028 30028 30028 30028 3 3 30028 30028 30028 4 1 30028 30028 3 1 30028 30028 30028 30028 30028 30028 30028 30028 30028 30028 30028 30028 30028 30028 30028 
33 3000 30028 30028 30028 30028 30028 4 30028 1 30028 30028 30028 1 30028 30028 30028 30028 30028 30028 30028 30028 30028 30028 30028 30028 30028 30028 30028 30028 30028 30028 30028 30028 30028 2 30028 30028 30028 30028 30028 30028 30028 30028 30028 30028 30028 30028 30028 30028 4 30028 30028 30028 30028 30028 30028 30028 30028 30028 30028 0 30028 30028 30028 30028 30028 30028 30028 30028 30028 30028 4 30028 30028 30028 30028 30028 30028 30028 30028 30028 30028 30028 30028 30028 30028 30028 30028 30028 30028 30028 30028 0 30028 30028 0 30028 30028 2 30028 30028 
34 3000 30028 30028 30028 30028 30028 30028 30028 30028 30028 4 30028 30028 30028 30028 30028 3 30028 30028 30028 30028 30028 30028 30028 30028 30028 30028 30028 30028 30028 30028 30028 30028 30028 30028 30028 1 30028 30028 30028 30028 30028 30028 30028 30028 30028 30028 0 0 1 30028 30028 30028 30028 30028 30028 30028 30028 30028 30028 30028 30028 3 30028 30028 30028 30028 30028 30028 30028 0 30028 30028 30028 30028 30028 30028 30028 30028 30028 30028 30028 30028 4 30028 30028 30028 30028 30028 30028 30028 30028 30028 30028 1 30028 30028 30028 30028 30028 30028 
35 3000 1 30028 30028 30028 30028 4 30028 30028 2 30028 30028 30028 30028 30028 30028 30028 4 2 3 30028 30028 30028 30028 30028 30028 30028 30028 30028 30028 30028 30028 30028 30028 30028 30028 30028 30028 30028 30028 30028 30028 30028 30028 30028 30028 30028 30028 30028 30028 30028 2 30028 30028 30028 30028 30028 30028 30028 30028 30028 30028 30028 30028 30028 1 30028 30028 30028 30028 30028 1 30028 30028 30028 30028 30028 30028 30028 30028 30028 30028 30028 30028 30028 30028 30028 30028 30028 3 30028 30028 30028 30028 30028 30028 30028 30028 30028 30028 30028 
36 3000 30028 30028 30028 2 30028 2 30028 30028 30028 30028 30028 30028 30028 3 30028 30028 30028 30028 30028 30028 30028 30028 30028 30028 30028 30028 30028 30028 30028 30028 30028 30028 30028 30028 30028 30028 30028 30028 30028 30028 30028 30028 30028 30028 30028 30028 30028 30028 30028 30028 30028 30028 3 30028 30028 4 30028 30028 30028 30028 30028 30028 1 30028 2 30028 30028 30028 30028 2 30028 30028 30028 30028 30028 2 30028 30028 30028 30028 30028 30028 30028 30028 2 30028 30028 30028 30028 30028 30028 30028 30028 30028 30028 30028 30028 30028 30028 30028 
37 3000 30028 30028 30028 30028 30028 30028 30028 30028 30028 30028 30028 30028 30028 30028 30028 30028 30028 30028 30028 30028 4 30028 30028 0 30028 30028 30028 30028 30028 30028 30028 30028 2 30028 3 30028 30028 30028 30028 30028 30028 30028 30028 30028 30028 30028 30028 30028 30028 30028 0 30028 4 30028 30028 30028 30028 30028 30028 30028 30028 30028 30028 30028 30028 30028 30028 30028 1 30028 30028 1 30028 30028 30028 30028 2 30028 30028 30028 30028 30028 3 30028 30028 30028 30028 30028 30028 30028 30028 30028 30028 30028 30028 30028 30028 30028 30028 30028 
38 3000 30028 30028 30028 30028 30028 30028 30028 30028 30028 30028 30028 30028 30028 30028 30028 30028 30028 30028 30028 0 30028 30028 2 30028 30028 30028 30028 30028 30028 1 30028 30028 30028 30028 30028 30028 30028 30028 30028 30028 1 30028 3 30028 30028 30028 30028 30028 30028 30028 30028 30028 30028 2 30028 30028 30028 30028 0 30028 3 30028 30028 30028 30028 30028 30028 30028 30028 30028 30028 30028 30028 30028 30028 30028 30028 30028 30028 30028 30028 30028 30028 30028 30028 1 30028 0 30028 30028 30028 30028 30028 30028 30028 30028 30028 30028 30028 30028 
39 3000 30028 30028 30028 30028 1 2 30028 30028 30028 30028 30028 30028 30028 30028 30028 30028 30028 30028 30028 30028 30028 30028 30028 30028 30028 30028 1 30028 30028 30028 30028 30028 30028 0 30028 30028 30028 30028 30028 30028 3 30028 30028 30028 30028 1 30028 30028 30028 30028 30028 30028 30028 30028 30028 30028 30028 30028 30028 4 30028 30028 30028 30028 30028 30028 30028 30028 30028 3 4 30028 30028 2 30028 30028 30028 30028 30028 30028 30028 30028 30028 30028 30028 30028 30028 30028 30028 30028 30028 30028 30028 30028 30028 30028 30028 30028 30028 30028 
40 3000 30028 30028 30028 30028 30028 30028 30028 30028 30028 30028 30028 30028 1 1 30028 30028 30028 30028 1 30028 30028 30028 30028 3 30028 30028 30028 30028 30028 30028 30028 30028 0 30028 30028 30028 30028 30028 2 30028 30028 30028 30028 30028 3 30028 30028 30028 30028 30028 30028 30028 30028 30028 30028 30028 30028 30028 30028 30028 30028 30028 30028 30028 30028 30028 30028 30028 30028 30028 30028 30028 30028 30028 4 30028 30028 30028 30028 30028 30028 30028 30028 4 30028 30028 30028 30028 3 30028 30028 30028 30028 30028 30028 30028 30028 30028 30028 30028 
41 3000 30028 30028 30028 30028 30028 30028 2 30028 30028 30028 30028 30028 0 4 4 30028 30028 30028 30028 30028 30028 30028 30028 0 30028 3 30028 30028 30028 30028 30028 30028 30028 2 3 30028 30028 30028 30028 30028 30028 30028 30028 30028 30028 30028 30028 30028 30028 30028 30028 30028 30028 1 30028 30028 30028 30028 30028 30028 30028 2 30028 30028 30028 30028 30028 30028 30028 30028 30028 30028 30028 30028 30028 30028 30028 30028 30028 30028 30028 30028 30028 30028 30028 30028 30028 30028 30028 30028 30028 30028 30028 30028 30028 30028 30028 30028 30028 30028 
42 3000 30028 30028 3 30028 30028 30028 30028 30028 30028 30028 30028 30028 4 30028 30028 30028 30028 0 30028 30028 30028 30028 30028 30028 30028 30028 30028 30028 30028 30028 30028 30028 30028 30028 30028 30028 30028 30028 30028 30028 30028 30028 30028 3 0 30028 30028 30028 30028 30028 30028 30028 30028 30028 30028 30028 30028 30028 30028 4 30028 30028 30028 30028 30028 30028 30028 2 30028 30028 30028 30028 30028 30028 30028 30028 30028 1 30028 30028 2 30028 30028 30028 30028 30028 30028 30028 30028 3 30028 30028 30028 30028 30028 30028 30028 30028 30028 30028 
43 3000 30028 30028 30028 30028 30028 30028 30028 30028 30028 30028 2 30028 30028 30028 30028 30028 30028 30028 30028 30028 30028 0 30028 30028 0 30028 30028 3 30028 30028 3 30028 3 30028 30028 30028 4 30028 30028 30028 30028 30028 30028 30028 30028 30028 30028 30028 30028 30028 30028 30028 30028 30028 30028 30028 30028 4 30028 30028 30028 30028 30028 30028 30028 30028 30028 30028 30028 30028 30028 30028 1 30028 30028 30028 30028 30028 30028 30028 30028 30028 30028 30028 30028 30028 3 30028 30028 30028 30028 30028 30028 30028 30028 30028 30028 30028 30028 30028 
44 3000 1 30028 30028 30028 30028 30028 30028 30028 30028 30028 30028 30028 30028 30028 30028 30028 30028 1 30028 30028 30028 30028 30028 30028 30028 30028 30028 30028 30028 30028 30028 30028 30028 30028 30028 30028 30028 30028 30028 30028 30028 30028 30028 30028 30028 30028 30028 30028 4 30028 30028 30028 30028 30028 30028 30028 30028 30028 30028 30028 30028 30028 30028 2 30028 30028 30028 30028 30028 30028 4 30028 30028 3 30028 30028 30028 30028 30028 30028 30028 30028 30028 30028 30028 30028 30028 30028 30028 30028 30028 2 30028 30028 3 30028 30028 30028 0 0 
45 3000 30028 30028 30028 30028 30028 30028 30028 30028 30028 30028 2 30028 30028 30028 30028 30028 30028 30028 30028 30028 30028 30028 30028 30028 30028 30028 30028 30028 30028 30028 30028 30028 30028 30028 30028 30028 30028 30028 30028 30028 30028 30028 30028 30028 3 30028 30028 30028 1 30028 30028 30028 30028 30028 30028 30028 30028 30028 30028 30028 30028 30028 30028 30028 30028 30028 30028 30028 30028 30028 30028 30028 30028 30028 30028 1 30028 30028 30028 30028 30028 30028 30028 30028 30028 30028 30028 30028 1 3 30028 30028 30028 30028 4 30028 3 4 30028 3 
46 3000 30028 30028 30028 30028 1 30028 4 30028 30028 30028 30028 30028 30028 30028 1 30028 30028 30028 30028 3 30028 30028 3 30028 30028 30028 30028 30028 30028 30028 30028 30028 30028 30028 30028 30028 1 30028 30028 30028 30028 3 30028 30028 30028 30028 30028 30028 30028 30028 30028 30028 30028 30028 30028 30028 30028 30028 30028 30028 30028 30028 30028 2 30028 30028 30028 30028 30028 30028 30028 30028 30028 30028 30028 2 30028 30028 30028 30028 30028 30028 1 30028 30028 30028 30028 30028 30028 30028 30028 30028 30028 30028 30028 30028 30028 30028 30028 30028 
47 3000 30028 30028 30028 30028 30028 30028 30028 30028 30028 30028 30028 30028 30028 30028 30028 30028 30028 30028 30028 30028 30028 3 3 30028 30028 30028 30028 30028 30028 1 30028 30028 30028 30028 30028 30028 30028 30028 30028 30028 30028 30028 0 2 30028 30028 4 30028 30028 30028 30028 30028 1 30028 30028 1 30028 30028 30028 30028 30028 30028 30028 30028 4 30028 30028 30028 30028 30028 30028 30028 30028 30028 30028 30028 30028 30028 30028 30028 30028 0 30028 30028 30028 30028 30028 30028 30028 30028 30028 30028 30028 30028 30028 30028 30028 30028 30028 30028 
48 3000 30028 30028 30028 30028 30028 30028 1 30028 30028 30028 30028 30028 30028 30028 30028 30028 30028 30028 30028 30028 30028 30028 30028 30028 3 30028 30028 30028 30028 30028 30028 30028 30028 30028 30028 30028 30028 30028 30028 30028 30028 4 30028 30028 30028 1 30028 30028 30028 30028 30028 30028 30028 4 30028 30028 30028 30028 30028 30028 30028 1 30028 2 30028 2 30028 30028 30028 30028 30028 30028 30028 30028 30028 30028 30028 1 2 30028 30028 30028 30028 30028 30028 30028 30028 30028 30028 30028 30028 30028 30028 30028 30028 30028 30028 30028 30028 30028 
49 3000 30028 30028 30028 30028 3 30028 30028 30028 30028 30028 30028 30028 30028 30028 30028 30028 30028 30028 30028 2 30028 30028 30028 30028 1 30028 30028 30028 30028 30028 30028 0 30028 30028 30028 30028 30028 30028 2 3 30028 30028 30028 30028 30028 30028 30028 30028 30028 30028 30028 30028 30028 30028 30028 30028 30028 30028 4 30028 30028 30028 30028 30028 30028 30028 30028 30028 1 30028 30028 30028 30028 30028 30028 30028 30028 30028 30028 30028 1 2 30028 30028 30028 30028 30028 30028 30028 30028 30028 30028 30028 30028 30028 30028 30028 30028 30028 30028 
50 3000 30028 1 30028 30028 30028 30028 1 30028 30028 30028 30028 4 30028 30028 30028 30028 30028 30028 30028 30028 30028 30028 30028 30028 30028 30028 30028 30028 30028 30028 30028 30028 30028 30028 30028 30028 30028 30028 30028 30028 30028 30028 30028 30028 30028 30028 30028 30028 30028 4 30028 30028 30028 30028 30028 30028 30028 30028 30028 2 30028 30028 0 30028 4 0 3 30028 30028 30028 30028 30028 30028 30028 30028 0 30028 30028 30028 30028 30028 30028 30028 30028 30028 30028 30028 30028 30028 30028 30028 30028 30028 30028 30028 30028 30028 30028 30028 30028 
51 3000 30028 30028 30028 30028 30028 30028 30028 30028 30028 30028 0 30028 30028 30028 30028 30028 30028 30028 30028 30028 30028 30028 30028 30028 30028 1 30028 30028 30028 30028 30028 3 30028 30028 30028 30028 30028 30028 30028 30028 30028 4 30028 30028 30028 30028 30028 30028 30028 30028 30028 30028 30028 30028 30028 30028 30028 30028 30028 30028 30028 30028 30028 30028 30028 30028 30028 30028 30028 2 30028 3 30028 30028 30028 30028 30028 30028 30028 4 30028 30028 30028 1 30028 30028 30028 30028 30028 30028 30028 1 30028 30028 30028 3 30028 30028 30028 30028 
52 3000 30028 30028 30028 30028 30028 30028 30028 30028 30028 30028 4 30028 4 30028 0 30028 30028 30028 30028 30028 30028 30028 30028 30028 30028 30028 30028 4 0 30028 30028 30028 30028 30028 30028 30028 30028 30028 30028 30028 30028 30028 30028 30028 30028 30028 30028 3 30028 30028 2 30028 30028 30028 30028 30028 30028 30028 30028 30028 30028 30028 30028 30028 30028 30028 30028 30028 30028 30028 30028 30028 30028 30028 30028 30028 30028 30028 30028 30028 1 30028 30028 30028 30028 30028 2 0 30028 30028 30028 30028 30028 30028 30028 30028 30028 30028 30028 30028 
53 3000 30028 30028 30028 30028 4 30028 30028 30028 30028 30028 3 30028 30028 30028 30028 30028 30028 30028 30028 30028 30028 30028 30028 30028 30028 1 30028 30028 30028 30028 30028 30028 30028 30028 30028 30028 30028 30028 30028 30028 30028 30028 30028 30028 30028 1 30028 30028 30028 2 30028 30028 30028 30028 30028 1 30028 30028 30028 30028 30028 30028 30028 30028 30028 3 30028 30028 30028 30028 30028 30028 30028 30028 30028 3 30028 30028 30028 0 30028 2 30028 30028 30028 30028 30028 30028 30028 30028 30028 30028 30028 30028 30028 30028 30028 30028 30028 30028 
54 3000 30028 30028 30028 30028 30028 3 30028 30028 30028 30028 30028 30028 30028 30028 30028 30028 30028 30028 30028 30028 30028 30028 30028 4 30028 30028 30028 30028 30028 30028 30028 30028 30028 30028 1 30028 30028 30028 30028 30028 30028 30028 30028 0 30028 30028 30028 30028 30028 30028 30028 30028 30028 30028 30028 4 30028 30028 30028 30028 30028 30028 30028 30028 0 30028 1 30028 30028 30028 30028 30028 30028 30028 0 4 30028 30028 30028 30028 30028 30028 30028 30028 30028 30028 30028 1 30028 30028 30028 30028 30028 30028 30028 30028 30028 30028 30028 30028 
55 3000 30028 30028 30028 30028 30028 4 30028 30028 30028 30028 30028 30028 30028 30028 30028 30028 30028 30028 30028 30028 30028 30028 30028 30028 30028 30028 30028 30028 30028 30028 30028 30028 30028 30028 30028 30028 30028 30028 30028 30028 30028 30028 30028 1 30028 30028 30028 3 30028 30028 30028 30028 30028 30028 30028 30028 30028 30028 30028 30028 30028 30028 30028 30028 30028 30028 4 30028 30028 30028 30028 30028 30028 30028 30028 30028 30028 30028 30028 30028 3 30028 30028 30028 3 30028 1 30028 30028 2 30028 1 2 30028 30028 30028 30028 30028 30028 30028 
56 3000 30028 30028 30028 30028 30028 30028 30028 30028 30028 30028 30028 30028 30028 30028 30028 30028 30028 30028 30028 30028 3 30028 30028 30028 30028 30028 30028 30028 30028 30028 2 30028 30028 30028 30028 30028 30028 30028 4 30028 30028 30028 2 30028 30028 30028 30028 30028 30028 30028 30028 30028 30028 30028 30028 4 30028 2 30028 30028 30028 30028 30028 30028 30028 30028 30028 30028 3 30028 30028 30028 30028 4 30028 30028 3 30028 30028 30028 30028 1 30028 30028 30028 30028 30028 30028 30028 30028 30028 30028 30028 30028 30028 30028 30028 30028 30028 30028 
57 3000 30028 30028 30028 30028 30028 30028 30028 30028 30028 30028 30028 30028 30028 30028 30028 30028 30028 30028 3 30028 30028 30028 30028 30028 30028 30028 30028 30028 30028 30028 30028 1 30028 30028 30028 30028 30028 0 30028 30028 30028 30028 30028 30028 30028 30028 30028 30028 30028 30028 30028 2 30028 30028 30028 30028 30028 30028 30028 30028 30028 3 30028 30028 30028 30028 30028 30028 30028 30028 30028 30028 4 30028 30028 30028 0 30028 30028 2 30028 30028 30028 30028 0 30028 30028 30028 30028 30028 4 30028 30028 30028 30028 30028 30028 30028 30028 30028 
58 3000 30028 30028 30028 30028 30028 30028 30028 30028 30028 30028 30028 30028 30028 30028 30028 30028 30028 30028 30028 30028 30028 30028 30028 30028 30028 30028 30028 30028 30028 30028 30028 30028 30028 30028 30028 30028 30028 30028 30028 30028 30028 30028 30028 30028 30028 0 30028 3 30028 30028 30028 0 30028 2 30028 30028 30028 4 30028 30028 3 30028 30028 30028 30028 30028 30028 30028 30028 30028 30028 30028 30028 30028 1 30028 30028 30028 30028 30028 30028 30028 3 30028 1 30028 1 30028 30028 30028 30028 30028 30028 30028 30028 30028 30028 30028 30028 30028 
59 3000 30028 2 30028 30028 30028 30028 30028 30028 30028 30028 30028 30028 30028 30028 2 3 30028 30028 30028 30028 30028 30028 30028 30028 30028 30028 0 1 1 30028 30028 30028 30028 30028 1 30028 30028 30028 30028 30028 30028 30028 30028 30028 30028 30028 30028 30028 4 30028 30028 30028 30028 30028 30028 30028 30028 30028 30028 30028 30028 4 30028 1 30028 30028 30028 30028 30028 30028 30028 30028 30028 30028 30028 30028 30028 30028 30028 30028 30028 30028 30028 30028 30028 30028 30028 30028 30028 30028 30028 30028 30028 30028 30028 30028 30028 30028 30028 30028 
60 3000 30028 30028 30028 1 30028 30028 30028 30028 30028 30028 30028 30028 30028 30028 3 30028 30028 30028 30028 30028 30028 30028 30028 30028 30028 30028 30028 30028 30028 30028 30028 30028 30028 30028 30028 30028 30028 30028 30028 3 30028 30028 30028 30028 30028 30028 3 30028 30028 30028 30028 2 30028 30028 30028 30028 0 3 30028 30028 30028 30028 30028 2 30028 30028 3 30028 30028 30028 3 30028 30028 30028 30028 30028 30028 30028 30028 30028 30028 30028 30028 30028 30028 30028 30028 30028 30028 30028 30028 30028 30028 30028 30028 30028 30028 30028 30028 30028 
61 3000 30028 30028 30028 30028 30028 30028 30028 30028 30028 30028 30028 30028 30028 30028 30028 30028 30028 2 30028 30028 30028 30028 30028 30028 30028 30028 30028 30028 30028 30028 30028 30028 30028 30028 30028 30028 30028 1 30028 30028 2 30028 30028 30028 30028 30028 30028 30028 1 30028 30028 30028 30028 30028 1 30028 30028 30028 30028 30028 30028 30028 1 30028 30028 30028 30028 0 30028 30028 30028 30028 30028 30028 30028 30028 4 30028 2 30028 30028 30028 30028 30028 30028 3 30028 30028 30028 30028 30028 30028 30028 30028 30028 30028 30028 30028 30028 30028 
62 3000 3 2 30028 30028 30028 2 30028 4 30028 0 30028 1 30028 2 30028 30028 30028 30028 30028 30028 30028 30028 30028 30028 30028 30028 30028 30028 30028 30028 30028 30028 30028 30028 1 30028 3 30028 30028 30028 30028 30028 30028 2 30028 30028 30028 30028 30028 30028 30028 30028 30028 30028 30028 30028 30028 30028 30028 30028 30028 30028 30028 30028 30028 30028 30028 30028 30028 30028 30028 30028 30028 30028 30028 30028 30028 30028 30028 30028 30028 30028 30028 30028 30028 30028 30028 30028 30028 30028 30028 30028 30028 30028 30028 30028 30028 30028 30028 30028 
63 3000 30028 30028 30028 30028 30028 30028 30028 30028 30028 4 30028 30028 30028 1 30028 30028 2 30028 30028 30028 30028 4 30028 30028 30028 30028 30028 30028 30028 30028 30028 30028 30028 30028 30028 30028 3 30028 30028 30028 30028 30028 30028 30028 30028 30028 30028 30028 30028 30028 30028 30028 30028 3 0 30028 30028 30028 30028 30028 30028 30028 30028 30028 30028 30028 30028 30028 2 30028 30028 30028 30028 30028 3 30028 30028 30028 30028 30028 30028 30028 30028 30028 30028 30028 30028 30028 30028 30028 0 30028 30028 30028 30028 30028 30028 30028 30028 30028 
64 3000 30028 30028 30028 30028 30028 30028 30028 30028 30028 30028 30028 30028 30028 30028 2 30028 30028 30028 30028 4 30028 2 30028 30028 30028 30028 30028 3 30028 30028 30028 1 30028 30028 30028 30028 30028 30028 30028 30028 30028 30028 30028 30028 30028 30028 30028 30028 30028 30028 30028 30028 30028 30028 30028 30028 30028 2 30028 30028 30028 30028 30028 30028 30028 30028 30028 30028 30028 30028 30028 30028 2 30028 30028 30028 30028 30028 30028 30028 30028 30028 30028 30028 30028 30028 30028 30028 30028 30028 30028 4 30028 2 3 30028 30028 30028 30028 30028 
65 3000 30028 30028 30028 30028 3 30028 30028 30028 30028 30028 30028 30028 30028 30028 30028 30028 30028 30028 30028 30028 30028 30028 30028 30028 30028 3 30028 30028 30028 30028 30028 1 2 30028 30028 30028 30028 30028 30028 30028 2 30028 30028 2 2 30028 30028 30028 30028 30028 30028 30028 30028 30028 30028 30028 30028 30028 30028 30028 30028 30028 30028 30028 30028 30028 0 30028 30028 30028 30028 30028 30028 30028 30028 30028 2 1 30028 30028 30028 30028 30028 30028 30028 30028 30028 30028 30028 30028 30028 30028 30028 30028 30028 30028 30028 30028 30028 30028 
66 3000 30028 4 30028 30028 30028 30028 30028 30028 30028 2 30028 30028 30028 30028 30028 30028 30028 30028 30028 30028 30028 30028 30028 30028 30028 30028 30028 30028 30028 30028 30028 30028 30028 30028 30028 30028 30028 30028 30028 30028 30028 30028 30028 30028 30028 2 30028 30028 30028 30028 30028 30028 30028 1 30028 30028 30028 30028 3 30028 30028 30028 30028 30028 30028 30028 30028 30028 30028 30028 30028 30028 30028 30028 30028 1 30028 30028 30028 30028 30028 30028 30028 30028 30028 30028 30028 30028 30028 30028 30028 4 30028 3 30028 1 30028 0 30028 30028 
67 3000 30028 30028 30028 30028 4 30028 3 30028 30028 30028 30028 30028 30028 30028 30028 30028 2 30028 30028 30028 30028 30028 3 30028 30028 30028 30028 30028 30028 30028 30028 0 30028 30028 30028 30028 30028 30028 30028 30028 30028 30028 30028 30028 30028 3 30028 30028 30028 30028 30028 30028 30028 30028 30028 30028 3 30028 1 1 30028 30028 30028 30028 30028 30028 30028 30028 30028 30028 30028 30028 30028 30028 30028 30028 30028 30028 30028 30028 30028 30028 2 30028 30028 30028 30028 30028 30028 30028 30028 30028 30028 30028 30028 30028 30028 30028 30028 30028 
68 3000 30028 30028 30028 30028 30028 30028 30028 30028 2 30028 30028 30028 30028 30028 30028 4 30028 30028 30028 30028 30028 30028 30028 30028 30028 30028 30028 30028 30028 30028 30028 30028 30028 3 30028 30028 30028 30028 30028 30028 30028 30028 30028 30028 30028 30028 30028 30028 30028 30028 30028 30028 30028 30028 30028 1 30028 30028 30028 30028 30028 30028 30028 30028 30028 30028 30028 30028 30028 30028 30028 30028 30028 30028 30028 1 30028 30028 4 30028 30028 30028 30028 30028 30028 30028 30028 0 30028 3 0 3 30028 30028 30028 30028 30028 30028 30028 30028 
69 3000 30028 30028 30028 30028 1 30028 30028 1 30028 30028 30028 30028 30028 30028 30028 30028 30028 30028 30028 30028 30028 30028 30028 30028 0 30028 30028 30028 30028 30028 30028 30028 30028 30028 30028 30028 30028 30028 30028 30028 30028 30028 30028 30028 30028 30028 30028 30028 30028 30028 30028 30028 30028 30028 30028 30028 30028 30028 30028 30028 30028 30028 30028 30028 30028 3 3 30028 30028 30028 4 30028 30028 30028 30028 30028 30028 30028 0 30028 30028 30028 2 30028 30028 30028 30028 4 30028 30028 1 30028 30028 30028 30028 30028 30028 30028 30028 30028 
70 3000 0 3 30028 30028 30028 30028 3 30028 30028 30028 30028 30028 30028 30028 30028 30028 30028 30028 30028 30028 30028 30028 30028 30028 30028 30028 30028 30028 30028 30028 30028 30028 30028 30028 30028 30028 30028 30028 2 30028 30028 30028 30028 30028 30028 30028 30028 30028 30028 30028 30028 30028 30028 30028 30028 30028 30028 30028 4 30028 3 30028 30028 30028 30028 30028 30028 30028 30028 30028 30028 30028 3 30028 30028 30028 30028 30028 30028 30028 30028 30028 30028 30028 2 3 30028 30028 1 30028 30028 30028 30028 30028 30028 30028 30028 30028 30028 30028 
71 3000 30028 30028 4 30028 30028 30028 30028 30028 30028 30028 30028 30028 30028 30028 30028 3 30028 30028 30028 3 30028 30028 30028 30028 30028 30028 30028 30028 30028 30028 0 30028 30028 30028 30028 30028 30028 30028 30028 1 1 30028 4 30028 30028 30028 0 30028 30028 30028 30028 4 0 30028 30028 30028 30028 30028 30028 30028 30028 30028 30028 30028 30028 30028 30028 30028 30028 30028 30028 30028 30028 30028 30028 30028 30028 30028 30028 30028 30028 30028 30028 30028 30028 30028 30028 30028 30028 30028 30028 30028 30028 30028 30028 30028 30028 30028 30028 30028 
72 3000 30028 30028 30028 30028 30028 30028 30028 30028 30028 1 30028 30028 30028 30028 30028 30028 30028 30028 30028 30028 30028 30028 30028 30028 30028 30028 30028 30028 30028 30028 30028 30028 30028 30028 30028 30028 30028 30028 30028 30028 30028 30028 30028 1 30028 30028 30028 30028 30028 30028 30028 30028 30028 30028 30028 30028 30028 2 30028 30028 30028 30028 30028 30028 30028 30028 30028 30028 30028 30028 30028 30028 30028 30028 30028 30028 30028 30028 30028 30028 30028 30028 30028 30028 30028 30028 1 30028 4 3 3 30028 1 4 30028 30028 1 30028 30028 30028 
73 3000 30028 30028 30028 30028 30028 30028 30028 30028 2 1 30028 30028 30028 30028 30028 30028 30028 30028 30028 30028 30028 30028 30028 30028 30028 2 30028 30028 30028 30028 30028 30028 30028 4 30028 30028 30028 30028 30028 1 30028 30028 30028 30028 30028 0 30028 30028 30028 30028 30028 30028 30028 30028 3 30028 30028 30028 30028 30028 30028 30028 30028 30028 30028 30028 30028 30028 30028 30028 30028 30028 3 0 30028 30028 30028 30028 30028 30028 30028 30028 30028 30028 30028 30028 30028 3 30028 30028 30028 30028 30028 30028 30028 30028 30028 30028 30028 30028 
74 3000 30028 30028 30028 30028 30028 30028 30028 30028 30028 30028 30028 30028 30028 30028 30028 30028 30028 30028 30028 30028 30028 30028 30028 30028 30028 30028 30028 30028 4 30028 30028 30028 30028 30028 30028 30028 30028 30028 30028 30028 30028 30028 30028 30028 30028 30028 30028 30028 30028 30028 30028 30028 30028 30028 30028 30028 30028 30028 1 30028 30028 30028 30028 30028 30028 30028 30028 30028 30028 30028 30028 30028 30028 2 30028 30028 3 30028 30028 2 30028 30028 30028 30028 30028 30028 30028 1 30028 30028 30028 30028 1 30028 0 30028 2 30028 0 30028 
75 3000 30028 30028 30028 30028 30028 30028 30028 30028 30028 30028 30028 30028 30028 30028 30028 30028 30028 30028 4 30028 0 30028 30028 30028 30028 30028 30028 30028 30028 30028 30028 30028 30028 30028 30028 1 30028 30028 30028 30028 30028 30028 30028 30028 30028 30028 30028 30028 30028 30028 30028 30028 30028 0 30028 30028 30028 30028 30028 30028 30028 4 30028 2 30028 30028 30028 30028 30028 30028 2 30028 30028 30028 30028 30028 30028 30028 30028 0 30028 30028 30028 30028 2 30028 30028 2 30028 30028 30028 30028 30028 30028 30028 30028 30028 30028 30028 30028 
76 3000 0 30028 30028 30028 30028 30028 30028 30028 30028 30028 30028 30028 30028 30028 30028 30028 30028 30028 30028 30028 30028 3 30028 30028 3 30028 30028 30028 30028 30028 30028 30028 30028 30028 30028 30028 0 0 30028 30028 30028 30028 30028 30028 30028 30028 30028 30028 30028 30028 30028 30028 30028 30028 30028 30028 0 30028 30028 30028 30028 30028 30028 30028 30028 30028 30028 2 30028 30028 0 3 30028 30028 30028 30028 30028 30028 30028 30028 30028 30028 30028 30028 30028 30028 30028 30028 3 30028 30028 30028 30028 30028 30028 30028 30028 30028 30028 30028 
77 3000 30028 30028 30028 30028 30028 3 30028 30028 30028 30028 30028 30028 30028 30028 30028 30028 30028 30028 30028 30028 30028 30028 30028 30028 30028 30028 0 30028 1 0 30028 30028 1 30028 30028 30028 30028 30028 30028 30028 30028 30028 30028 30028 30028 30028 2 30028 30028 30028 30028 30028 30028 30028 30028 30028 30028 30028 30028 30028 4 30028 30028 30028 30028 30028 30028 30028 30028 30028 30028 30028 30028 30028 30028 30028 30028 30028 30028 30028 30028 30028 0 4 30028 30028 30028 30028 30028 30028 30028 30028 4 30028 30028 30028 30028 30028 30028 30028 
78 3000 30028 30028 30028 30028 30028 30028 2 30028 30028 30028 30028 30028 30028 30028 30028 30028 30028 2 30028 30028 30028 30028 30028 30028 0 30028 30028 30028 30028 30028 30028 30028 30028 30028 30028 30028 30028 30028 30028 30028 30028 30028 30028 30028 30028 30028 30028 30028 30028 30028 30028 30028 30028 30028 4 30028 1 30028 30028 30028 30028 30028 30028 30028 0 30028 30028 30028 30028 30028 30028 30028 30028 30028 30028 30028 30028 1 30028 30028 30028 30028 30028 30028 30028 30028 3 30028 30028 30028 30028 30028 30028 30028 30028 4 30028 30028 3 30028 
79 3000 30028 30028 30028 30028 30028 30028 30028 1 30028 30028 30028 30028 30028 30028 30028 30028 4 30028 30028 30028 30028 30028 30028 1 30028 30028 30028 30028 30028 30028 30028 30028 30028 30028 30028 30028 30028 30028 30028 30028 30028 30028 30028 30028 30028 30028 30028 1 30028 30028 30028 30028 30028 30028 30028 30028 30028 30028 30028 30028 30028 30028 30028 30028 30028 30028 30028 30028 30028 3 30028 30028 30028 30028 30028 30028 30028 30028 2 30028 30028 30028 30028 30028 30028 30028 30028 30028 30028 30028 30028 30028 30028 30028 30028 30028 0 2 3 2 
80 3000 30028 30028 30028 30028 2 30028 30028 30028 4 30028 30028 30028 30028 30028 30028 30028 30028 30028 30028 30028 30028 30028 30028 30028 30028 30028 30028 30028 30028 30028 30028 30028 30028 30028 30028 2 30028 30028 30028 30028 30028 30028 30028 30028 30028 0 30028 30028 30028 30028 30028 30028 2 30028 30028 30028 30028 30028 30028 30028 30028 30028 0 30028 30028 30028 30028 30028 30028 30028 30028 30028 30028 30028 30028 30028 30028 3 1 30028 1 30028 30028 30028 4 30028 30028 30028 30028 30028 30028 30028 30028 30028 30028 30028 30028 30028 30028 30028 
81 3000 30028 30028 30028 30028 30028 30028 30028 30028 30028 30028 30028 30028 30028 30028 30028 30028 2 30028 30028 30028 30028 30028 30028 30028 1 4 30028 30028 30028 4 0 30028 30028 3 30028 3 30028 4 30028 0 30028 30028 30028 30028 30028 30028 30028 30028 30028 30028 30028 30028 30028 30028 30028 30028 30028 30028 30028 30028 30028 30028 30028 30028 3 30028 30028 30028 30028 30028 30028 30028 30028 30028 30028 30028 30028 30028 30028 30028 30028 30028 30028 30028 30028 30028 30028 30028 30028 30028 30028 30028 30028 30028 30028 30028 30028 30028 30028 30028 
82 3000 30028 30028 30028 30028 30028 30028 30028 30028 30028 30028 30028 4 30028 2 30028 30028 30028 30028 30028 30028 30028 30028 30028 30028 30028 30028 30028 30028 30028 30028 30028 30028 30028 30028 30028 30028 30028 30028 30028 30028 30028 30028 30028 30028 30028 30028 30028 30028 30028 4 30028 30028 30028 30028 30028 30028 30028 30028 30028 30028 30028 30028 30028 30028 30028 30028 30028 30028 30028 30028 30028 30028 30028 30028 30028 30028 30028 30028 30028 30028 30028 30028 30028 30028 30028 30028 30028 30028 30028 30028 30028 30028 2 30028 2 4 2 4 3 3 
83 3000 30028 4 30028 30028 30028 30028 30028 30028 30028 30028 30028 30028 30028 30028 30028 3 30028 30028 30028 30028 30028 30028 30028 30028 30028 3 30028 30028 30028 30028 30028 30028 30028 30028 30028 30028 30028 30028 30028 30028 30028 30028 30028 30028 30028 30028 30028 30028 30028 30028 30028 30028 30028 3 30028 30028 2 30028 30028 0 30028 3 30028 30028 30028 30028 30028 30028 30028 30028 30028 2 30028 30028 30028 30028 30028 2 30028 30028 30028 30028 30028 30028 30028 30028 2 30028 30028 30028 30028 30028 30028 30028 30028 30028 30028 30028 30028 30028 
84 3000 2 30028 30028 30028 30028 30028 30028 30028 30028 30028 30028 30028 0 30028 30028 30028 30028 2 30028 30028 30028 30028 30028 30028 30028 30028 30028 30028 30028 30028 30028 30028 3 30028 30028 30028 30028 30028 30028 30028 30028 30028 30028 30028 30028 30028 30028 30028 30028 30028 3 30028 30028 30028 30028 30028 2 30028 30028 30028 30028 30028 30028 30028 30028 4 30028 30028 30028 30028 30028 30028 30028 30028 30028 30028 30028 30028 30028 30028 30028 30028 30028 30028 30028 30028 4 30028 30028 30028 30028 30028 30028 30028 30028 30028 4 30028 30028 4 
85 3000 30028 30028 30028 30028 30028 30028 30028 3 30028 30028 30028 30028 30028 30028 30028 30028 30028 30028 30028 30028 30028 30028 30028 30028 30028 30028 30028 30028 30028 30028 30028 30028 30028 30028 30028 30028 30028 30028 30028 30028 30028 3 30028 30028 0 30028 0 30028 30028 30028 30028 30028 30028 30028 30028 30028 30028 30028 30028 30028 30028 30028 30028 30028 30028 4 30028 30028 1 30028 30028 30028 30028 30028 1 30028 2 30028 30028 30028 30028 30028 30028 1 30028 1 30028 30028 30028 30028 30028 30028 30028 30028 30028 30028 30028 30028 30028 30028 
86 3000 30028 30028 30028 30028 30028 30028 30028 30028 1 30028 30028 0 4 30028 30028 30028 30028 30028 30028 30028 30028 1 30028 30028 30028 30028 30028 30028 30028 30028 30028 2 30028 30028 30028 2 30028 30028 30028 30028 3 30028 30028 30028 30028 30028 30028 30028 30028 4 30028 30028 30028 30028 30028 30028 30028 30028 3 30028 30028 30028 30028 30028 3 30028 30028 30028 30028 30028 30028 30028 30028 30028 30028 30028 30028 30028 30028 30028 30028 30028 30028 30028 30028 30028 30028 30028 30028 30028 30028 30028 30028 30028 30028 30028 30028 30028 30028 30028 
87 3000 30028 30028 30028 30028 30028 30028 30028 30028 30028 30028 30028 30028 30028 30028 30028 30028 30028 30028 0 30028 30028 30028 30028 30028 30028 30028 0 0 30028 30028 30028 30028 30028 30028 30028 30028 30028 30028 30028 30028 30028 30028 30028 30028 30028 30028 30028 30028 30028 30028 30028 30028 1 30028 30028 0 30028 30028 30028 30028 30028 30028 30028 30028 30028 30028 0 30028 0 30028 30028 30028 30028 30028 30028 30028 30028 30028 30028 30028 30028 3 30028 30028 30028 30028 30028 1 30028 30028 30028 30028 30028 30028 30028 3 30028 30028 30028 30028 
88 3000 30028 30028 30028 30028 30028 30028 30028 30028 30028 30028 30028 30028 30028 0 30028 30028 4 30028 30028 30028 1 30028 30028 30028 30028 30028 30028 30028 30028 30028 30028 30028 30028 30028 30028 30028 30028 30028 30028 3 30028 30028 30028 30028 4 30028 30028 30028 30028 30028 30028 30028 30028 30028 30028 30028 30028 30028 30028 30028 30028 30028 30028 30028 30028 30028 30028 30028 30028 30028 30028 30028 30028 30028 30028 30028 30028 30028 30028 30028 30028 30028 30028 30028 30028 30028 30028 30028 30028 30028 30028 30028 30028 1 30028 30028 0 1 1 2 
89 3000 30028 30028 30028 30028 30028 30028 30028 30028 1 30028 30028 30028 30028 30028 30028 30028 30028 30028 3 3 30028 30028 30028 0 30028 30028 30028 30028 30028 1 30028 30028 30028 30028 30028 30028 30028 0 30028 30028 30028 30028 30028 30028 30028 30028 30028 30028 30028 30028 30028 30028 30028 30028 30028 30028 30028 2 30028 30028 30028 30028 30028 30028 30028 30028 30028 30028 2 0 30028 30028 30028 30028 30028 30028 30028 30028 4 30028 30028 30028 30028 30028 30028 30028 30028 30028 30028 30028 30028 30028 30028 30028 30028 30028 30028 30028 30028 30028 
90 3000 30028 30028 30028 30028 30028 1 30028 0 30028 30028 30028 30028 30028 30028 30028 4 30028 30028 30028 1 30028 30028 30028 30028 30028 30028 30028 30028 30028 30028 2 30028 30028 30028 30028 30028 30028 30028 30028 30028 0 30028 30028 30028 30028 30028 30028 30028 30028 0 30028 30028 30028 30028 30028 1 30028 30028 30028 30028 30028 30028 30028 30028 30028 30028 30028 30028 3 30028 30028 30028 30028 30028 30028 30028 30028 30028 30028 1 30028 30028 30028 30028 30028 30028 30028 30028 30028 30028 30028 30028 30028 30028 30028 30028 30028 30028 30028 30028 
91 3000 30028 30028 30028 30028 30028 30028 30028 30028 30028 30028 30028 30028 30028 30028 3 30028 30028 30028 30028 30028 30028 30028 30028 30028 1 2 30028 30028 30028 30028 30028 30028 30028 30028 30028 30028 30028 30028 30028 30028 30028 30028 0 30028 3 30028 30028 30028 30028 30028 30028 30028 30028 30028 30028 30028 30028 30028 30028 30028 30028 30028 30028 30028 30028 30028 30028 30028 30028 30028 30028 30028 30028 30028 30028 30028 30028 30028 30028 30028 30028 30028 30028 30028 30028 30028 30028 30028 30028 30028 4 30028 2 30028 30028 3 30028 0 30028 0 
92 3000 1 30028 30028 30028 30028 30028 30028 2 30028 30028 0 2 30028 30028 30028 30028 30028 30028 30028 30028 30028 30028 0 30028 30028 30028 30028 0 30028 30028 30028 30028 1 30028 30028 2 30028 4 30028 30028 30028 30028 0 30028 30028 30028 30028 30028 30028 30028 30028 30028 30028 30028 30028 30028 30028 30028 30028 30028 30028 30028 30028 30028 30028 30028 30028 30028 30028 30028 30028 30028 30028 30028 30028 30028 30028 30028 30028 30028 30028 30028 30028 30028 30028 30028 30028 30028 30028 30028 30028 30028 30028 30028 30028 30028 30028 30028 30028 30028 
93 3000 30028 2 30028 30028 30028 30028 2 30028 30028 30028 3 30028 30028 30028 30028 30028 30028 30028 30028 30028 30028 30028 30028 3 30028 30028 30028 30028 30028 30028 30028 1 30028 30028 30028 30028 0 30028 30028 30028 30028 30028 30028 30028 30028 30028 1 30028 30028 30028 30028 30028 30028 30028 30028 30028 30028 30028 30028 30028 30028 30028 30028 30028 30028 30028 30028 30028 2 30028 30028 30028 30028 0 30028 30028 30028 4 30028 30028 30028 30028 30028 30028 30028 30028 30028 30028 30028 30028 30028 30028 30028 30028 30028 30028 30028 30028 30028 30028 
94 3000 30028 4 30028 30028 30028 30028 30028 30028 30028 30028 30028 30028 30028 30028 30028 30028 30028 30028 30028 30028 3 30028 30028 30028 30028 30028 30028 30028 30028 30028 30028 30028 30028 30028 4 30028 30028 30028 30028 30028 30028 30028 30028 30028 30028 30028 30028 30028 30028 30028 30028 30028 30028 30028 30028 30028 30028 30028 30028 30028 30028 30028 30028 30028 30028 30028 30028 30028 30028 30028 30028 30028 30028 30028 2 30028 30028 30028 30028 30028 30028 30028 2 30028 30028 30028 30028 30028 30028 30028 0 30028 3 1 2 1 30028 30028 30028 30028 
95 3000 30028 30028 30028 30028 30028 30028 30028 30028 30028 30028 30028 30028 30028 30028 30028 30028 30028 2 30028 3 30028 1 30028 30028 30028 30028 3 30028 30028 30028 30028 30028 30028 4 30028 30028 30028 0 30028 30028 30028 30028 30028 0 4 30028 30028 30028 30028 30028 30028 3 30028 30028 30028 30028 30028 30028 30028 30028 30028 30028 0 30028 30028 30028 30028 30028 30028 30028 30028 30028 30028 30028 30028 30028 30028 30028 30028 30028 30028 30028 30028 30028 30028 30028 30028 30028 30028 30028 30028 30028 30028 30028 30028 30028 30028 30028 30028 30028 
96 3000 30028 30028 30028 30028 30028 30028 30028 30028 30028 30028 30028 30028 30028 30028 30028 30028 30028 30028 1 30028 3 30028 30028 30028 30028 30028 30028 30028 30028 30028 30028 30028 30028 30028 30028 30028 30028 30028 30028 30028 30028 30028 30028 30028 30028 30028 30028 30028 30028 30028 30028 30028 30028 30028 1 30028 30028 30028 30028 30028 30028 30028 1 30028 30028 30028 30028 30028 30028 30028 30028 30028 30028 30028 30028 30028 30028 30028 30028 30028 30028 30028 30028 30028 30028 1 2 30028 30028 30028 3 30028 2 3 30028 1 30028 30028 30028 30028 
97 3000 30028 30028 3 30028 30028 30028 0 30028 30028 30028 30028 30028 30028 30028 30028 30028 30028 30028 30028 30028 30028 30028 30028 30028 30028 30028 4 30028 30028 30028 30028 30028 30028 30028 30028 30028 30028 30028 30028 30028 30028 30028 30028 30028 30028 30028 30028 30028 30028 30028 30028 30028 30028 30028 30028 30028 30028 30028 30028 30028 30028 30028 30028 30028 30028 30028 30028 30028 30028 3 30028 30028 30028 30028 30028 30028 30028 30028 30028 30028 30028 4 30028 30028 4 30028 30028 0 30028 0 30028 30028 30028 30028 0 30028 30028 30028 3 30028 
98 3000 30028 30028 30028 30028 30028 30028 30028 30028 4 30028 30028 30028 30028 30028 30028 30028 30028 30028 30028 30028 30028 30028 30028 30028 30028 30028 30028 30028 30028 30028 30028 30028 30028 30028 30028 30028 30028 30028 30028 30028 30028 30028 30028 30028 30028 30028 30028 30028 30028 30028 30028 30028 4 30028 4 30028 30028 30028 30028 30028 4 30028 30028 4 30028 0 30028 30028 30028 30028 30028 30028 30028 30028 30028 30028 2 30028 30028 2 4 30028 30028 30028 0 30028 30028 30028 30028 30028 30028 30028 30028 30028 30028 30028 30028 30028 30028 30028 
99 3000 30028 30028 30028 30028 30028 30028 30028 30028 30028 30028 30028 30028 30028 30028 30028 30028 30028 30028 30028 30028 30028 30028 30028 30028 30028 30028 30028 30028 3 30028 30028 30028 30028 30028 30028 30028 30028 30028 30028 30028 30028 30028 30028 30028 30028 30028 30028 30028 30028 1 30028 30028 30028 30028 30028 30028 30028 0 30028 30028 30028 30028 30028 30028 30028 4 30028 1 30028 30028 30028 30028 30028 30028 30028 30028 30028 30028 30028 30028 30028 30028 30028 1 30028 30028 30028 30028 30028 30028 30028 30028 30028 4 30028 30028 30028 0 4 1 
100 3000 30028 30028 30028 30028 30028 30028 30028 30028 30028 30028 30028 30028 30028 30028 30028 30028 30028 30028 30028 30028 30028 30028 30028 30028 30028 30028 30028 30028 30028 30028 30028 30028 30028 30028 3 30028 30028 30028 30028 30028 30028 30028 30028 30028 30028 30028 30028 30028 30028 4 30028 30028 4 30028 30028 30028 30028 30028 30028 30028 30028 1 30028 30028 30028 30028 30028 30028 30028 1 30028 4 30028 0 30028 30028 30028 30028 30028 1 4 30028 30028 30028 30028 30028 30028 30028 0 30028 30028 30028 30028 30028 30028 30028 30028 30028 30028 30028 
