FILE: 833GapCS.txt
100 100 0 
1 3000 30031 30031 30031 2 30031 30031 30031 30031 3 30031 30031 30031 30031 30031 30031 30031 30031 30031 30031 30031 30031 30031 2 0 30031 30031 30031 30031 30031 30031 30031 30031 30031 2 30031 30031 30031 4 30031 30031 30031 30031 30031 30031 30031 30031 30031 30031 30031 30031 30031 30031 30031 30031 30031 30031 30031 30031 30031 30031 4 30031 30031 30031 30031 30031 30031 30031 30031 0 30031 30031 30031 30031 30031 30031 30031 30031 30031 30031 30031 30031 30031 30031 30031 30031 2 30031 30031 0 30031 30031 30031 30031 30031 30031 30031 30031 30031 30031 
2 3000 1 30031 30031 30031 30031 30031 30031 30031 30031 30031 30031 30031 30031 30031 30031 30031 30031 30031 30031 30031 30031 30031 30031 30031 30031 30031 30031 30031 30031 30031 30031 30031 30031 30031 30031 30031 30031 30031 30031 0 30031 30031 30031 30031 30031 30031 30031 3 30031 30031 30031 30031 30031 30031 30031 30031 30031 30031 30031 30031 1 30031 30031 30031 30031 30031 30031 30031 30031 1 30031 30031 30031 30031 30031 30031 3 30031 30031 30031 30031 30031 30031 30031 30031 0 30031 30031 30031 30031 30031 30031 30031 30031 3 2 30031 30031 1 30031 
3 3000 2 30031 30031 30031 30031 30031 30031 30031 30031 30031 30031 30031 30031 30031 30031 30031 30031 30031 30031 3 30031 30031 30031 30031 30031 30031 30031 30031 30031 30031 30031 30031 30031 30031 30031 30031 30031 30031 30031 30031 30031 30031 30031 30031 3 30031 30031 30031 30031 30031 30031 30031 30031 30031 30031 30031 30031 30031 3 30031 30031 30031 30031 30031 30031 3 30031 30031 30031 30031 30031 0 30031 30031 30031 30031 30031 30031 2 30031 30031 30031 30031 30031 30031 3 30031 30031 30031 2 30031 3 30031 30031 30031 30031 30031 30031 30031 30031 
4 3000 30031 30031 30031 30031 30031 30031 30031 30031 30031 30031 30031 30031 30031 30031 30031 30031 30031 30031 30031 30031 30031 30031 30031 30031 30031 4 30031 30031 30031 30031 30031 30031 30031 30031 30031 30031 30031 30031 30031 30031 30031 30031 2 30031 1 30031 1 30031 30031 30031 30031 30031 30031 30031 30031 30031 30031 30031 30031 2 30031 30031 30031 30031 30031 30031 30031 30031 30031 30031 30031 30031 30031 30031 3 30031 30031 30031 30031 30031 30031 30031 30031 30031 30031 30031 30031 30031 30031 30031 30031 30031 1 30031 30031 2 30031 3 30031 4 
5 3000 30031 30031 30031 30031 30031 30031 30031 30031 30031 30031 30031 30031 30031 30031 30031 30031 30031 30031 30031 0 30031 30031 30031 30031 30031 30031 30031 30031 30031 30031 1 4 2 30031 30031 30031 1 30031 30031 30031 0 30031 30031 30031 30031 30031 30031 30031 30031 3 30031 30031 30031 30031 30031 30031 30031 30031 30031 30031 30031 30031 30031 30031 30031 30031 30031 30031 30031 30031 30031 30031 4 1 30031 30031 30031 30031 30031 30031 30031 30031 30031 1 30031 30031 30031 30031 30031 30031 30031 30031 30031 30031 30031 30031 30031 30031 30031 30031 
6 3000 30031 30031 30031 30031 30031 1 30031 30031 30031 30031 30031 30031 30031 30031 30031 4 30031 3 30031 30031 30031 30031 30031 30031 30031 30031 30031 30031 30031 30031 30031 30031 30031 30031 30031 30031 30031 30031 30031 1 30031 30031 30031 30031 30031 30031 30031 30031 3 30031 3 30031 30031 30031 30031 30031 30031 30031 30031 30031 30031 30031 30031 30031 30031 30031 1 30031 30031 30031 30031 30031 30031 30031 30031 30031 30031 30031 4 30031 3 30031 30031 30031 30031 1 30031 30031 30031 30031 30031 30031 30031 30031 30031 30031 30031 30031 30031 30031 
7 3000 1 30031 30031 30031 30031 30031 30031 30031 30031 30031 30031 30031 3 30031 30031 30031 30031 30031 30031 30031 30031 30031 30031 30031 30031 30031 30031 30031 30031 30031 30031 30031 30031 30031 30031 30031 30031 30031 30031 30031 30031 30031 30031 30031 30031 1 3 30031 30031 30031 1 4 30031 1 30031 30031 30031 30031 30031 30031 30031 30031 30031 30031 30031 30031 30031 30031 30031 0 30031 30031 4 30031 30031 30031 4 30031 30031 30031 30031 30031 30031 30031 30031 30031 30031 30031 30031 30031 30031 30031 30031 30031 30031 30031 30031 30031 30031 30031 
8 3000 30031 30031 30031 30031 30031 30031 30031 30031 30031 30031 30031 30031 30031 30031 30031 30031 30031 30031 30031 30031 30031 3 30031 30031 30031 30031 0 30031 30031 0 30031 30031 30031 30031 30031 30031 30031 30031 30031 30031 4 30031 30031 30031 30031 30031 30031 30031 30031 30031 0 30031 30031 30031 0 30031 30031 30031 30031 30031 30031 30031 1 2 30031 30031 30031 30031 30031 30031 30031 30031 30031 30031 30031 1 30031 30031 30031 30031 30031 4 30031 30031 30031 30031 30031 30031 30031 30031 30031 30031 30031 30031 30031 30031 30031 30031 30031 30031 
9 3000 30031 30031 30031 2 30031 2 4 3 30031 30031 30031 30031 30031 30031 30031 30031 30031 30031 30031 30031 30031 30031 30031 30031 2 30031 30031 30031 30031 30031 30031 30031 30031 30031 3 30031 30031 30031 30031 30031 30031 30031 30031 30031 4 30031 30031 30031 0 30031 30031 30031 30031 30031 30031 30031 30031 30031 30031 30031 30031 30031 30031 30031 30031 30031 30031 30031 30031 30031 30031 30031 30031 2 30031 30031 30031 30031 30031 30031 30031 1 30031 30031 30031 30031 30031 30031 30031 30031 30031 30031 30031 30031 30031 30031 30031 30031 30031 30031 
10 3000 30031 30031 30031 30031 30031 30031 30031 30031 30031 30031 30031 30031 30031 30031 30031 30031 30031 30031 4 30031 30031 2 30031 30031 30031 30031 30031 30031 30031 30031 30031 30031 30031 30031 30031 30031 30031 0 30031 30031 30031 30031 30031 30031 30031 30031 30031 30031 30031 30031 30031 30031 4 30031 30031 0 30031 0 30031 30031 30031 30031 30031 30031 30031 30031 30031 30031 30031 30031 30031 30031 30031 30031 4 30031 30031 30031 30031 30031 30031 30031 30031 30031 30031 30031 1 30031 30031 30031 30031 3 30031 30031 30031 30031 30031 30031 30031 4 
11 3000 30031 30031 30031 30031 30031 30031 30031 30031 30031 30031 30031 30031 30031 30031 30031 30031 1 30031 30031 30031 30031 30031 30031 30031 30031 30031 30031 30031 30031 30031 30031 30031 30031 30031 30031 30031 30031 30031 30031 4 30031 30031 30031 4 30031 30031 30031 30031 30031 30031 30031 30031 30031 30031 30031 30031 1 30031 30031 30031 30031 30031 30031 30031 30031 30031 30031 30031 30031 30031 2 30031 30031 30031 30031 30031 30031 30031 30031 30031 30031 30031 30031 30031 30031 30031 30031 30031 0 30031 30031 30031 30031 1 2 2 4 30031 30031 30031 
12 3000 30031 30031 30031 30031 30031 30031 30031 30031 30031 2 30031 30031 30031 30031 30031 30031 30031 30031 30031 30031 30031 30031 30031 30031 30031 30031 3 30031 1 30031 30031 30031 30031 30031 0 30031 3 30031 3 30031 30031 30031 30031 30031 30031 30031 30031 30031 30031 30031 30031 30031 30031 30031 30031 30031 30031 30031 30031 30031 30031 30031 30031 30031 30031 30031 30031 30031 30031 30031 30031 30031 30031 30031 30031 30031 2 30031 30031 30031 2 30031 30031 30031 30031 30031 30031 30031 30031 0 30031 1 30031 30031 30031 30031 30031 30031 30031 30031 
13 3000 30031 30031 30031 2 30031 30031 30031 30031 30031 30031 30031 30031 30031 30031 2 30031 30031 30031 30031 30031 30031 30031 30031 30031 30031 30031 30031 30031 4 1 30031 0 30031 30031 30031 30031 30031 30031 30031 30031 30031 30031 30031 30031 30031 30031 30031 30031 30031 30031 2 30031 30031 30031 3 30031 30031 30031 30031 30031 30031 30031 30031 30031 30031 30031 30031 30031 30031 30031 30031 30031 30031 30031 30031 30031 1 30031 30031 30031 30031 30031 30031 30031 30031 30031 30031 30031 30031 30031 1 30031 3 30031 30031 30031 30031 30031 30031 30031 
14 3000 30031 3 30031 30031 30031 30031 30031 30031 30031 30031 30031 30031 30031 30031 30031 30031 30031 30031 30031 30031 30031 30031 30031 30031 30031 30031 3 2 30031 1 30031 30031 30031 30031 30031 3 30031 30031 4 30031 30031 30031 30031 30031 30031 30031 30031 30031 30031 30031 30031 30031 30031 30031 30031 3 30031 30031 30031 30031 30031 30031 30031 30031 30031 30031 30031 30031 30031 30031 1 30031 1 30031 30031 30031 30031 30031 30031 30031 30031 30031 30031 30031 30031 3 30031 30031 30031 30031 30031 30031 30031 30031 30031 30031 30031 30031 30031 30031 
15 3000 30031 30031 3 30031 2 30031 30031 30031 30031 30031 30031 30031 30031 0 30031 3 30031 30031 30031 30031 30031 0 30031 30031 30031 30031 30031 30031 30031 30031 30031 30031 30031 30031 30031 30031 30031 30031 30031 30031 30031 30031 30031 30031 30031 30031 1 30031 30031 30031 30031 30031 30031 0 30031 30031 30031 30031 30031 30031 30031 30031 30031 30031 30031 30031 30031 30031 30031 30031 30031 3 30031 30031 30031 30031 30031 30031 30031 30031 30031 30031 30031 2 30031 30031 30031 30031 30031 30031 30031 30031 30031 30031 30031 30031 2 30031 30031 30031 
16 3000 30031 30031 30031 30031 30031 30031 30031 30031 30031 30031 30031 30031 3 30031 30031 30031 30031 30031 30031 3 30031 30031 30031 4 30031 30031 30031 30031 30031 30031 30031 30031 30031 30031 30031 30031 30031 30031 4 30031 30031 30031 30031 30031 30031 30031 30031 30031 0 30031 30031 30031 30031 30031 30031 30031 3 0 30031 30031 30031 30031 30031 30031 30031 30031 30031 30031 1 30031 30031 30031 30031 30031 30031 30031 3 0 30031 30031 30031 30031 30031 30031 30031 30031 30031 30031 30031 30031 30031 30031 30031 30031 30031 30031 30031 30031 30031 30031 
17 3000 1 30031 2 30031 30031 30031 30031 4 30031 30031 30031 30031 30031 30031 30031 30031 30031 30031 30031 30031 30031 30031 30031 30031 30031 30031 30031 30031 30031 30031 30031 30031 30031 30031 3 30031 30031 30031 30031 30031 30031 30031 30031 30031 30031 30031 30031 30031 30031 30031 30031 2 30031 30031 30031 30031 30031 3 1 30031 30031 30031 30031 30031 30031 30031 30031 30031 30031 30031 30031 30031 30031 1 30031 30031 3 30031 30031 30031 30031 30031 0 30031 30031 30031 30031 30031 30031 30031 30031 30031 30031 30031 30031 30031 30031 30031 30031 30031 
18 3000 1 30031 30031 30031 2 4 30031 30031 30031 30031 30031 30031 30031 30031 30031 3 30031 30031 30031 30031 30031 30031 30031 30031 30031 30031 30031 30031 30031 30031 30031 30031 30031 30031 30031 30031 30031 30031 30031 30031 30031 30031 30031 30031 30031 30031 30031 30031 30031 30031 30031 30031 30031 30031 30031 2 30031 30031 30031 30031 30031 30031 30031 0 30031 30031 30031 30031 30031 30031 30031 30031 30031 30031 30031 30031 30031 30031 30031 30031 30031 30031 30031 30031 30031 30031 4 30031 30031 30031 30031 30031 30031 30031 30031 30031 30031 0 2 2 
19 3000 30031 30031 30031 30031 30031 30031 30031 30031 30031 30031 30031 30031 30031 30031 30031 2 30031 30031 30031 30031 30031 30031 2 30031 30031 1 30031 30031 30031 30031 30031 30031 30031 1 30031 30031 30031 30031 30031 2 30031 30031 30031 30031 30031 30031 30031 30031 30031 30031 30031 30031 30031 30031 30031 30031 30031 30031 30031 30031 30031 30031 3 30031 30031 30031 30031 30031 30031 30031 30031 30031 30031 30031 30031 30031 30031 30031 30031 2 0 30031 30031 30031 30031 30031 30031 30031 2 30031 30031 30031 30031 30031 3 30031 30031 30031 30031 30031 
20 3000 30031 30031 30031 30031 30031 30031 30031 30031 30031 30031 30031 30031 30031 30031 30031 30031 30031 30031 30031 30031 30031 30031 30031 30031 30031 30031 30031 30031 30031 30031 30031 30031 1 30031 0 30031 30031 30031 30031 30031 30031 30031 30031 30031 30031 1 30031 30031 30031 30031 30031 30031 2 0 30031 30031 30031 30031 30031 30031 30031 30031 30031 30031 30031 30031 30031 3 30031 30031 30031 30031 30031 30031 30031 0 30031 30031 30031 30031 4 1 30031 30031 30031 30031 30031 30031 30031 30031 30031 30031 1 30031 30031 30031 30031 30031 30031 30031 
21 3000 30031 30031 30031 30031 2 1 30031 30031 30031 30031 30031 30031 30031 30031 30031 30031 30031 30031 30031 30031 30031 30031 30031 4 30031 30031 30031 30031 30031 30031 2 30031 30031 30031 30031 30031 30031 1 30031 30031 30031 30031 30031 4 30031 30031 30031 30031 0 30031 30031 30031 2 30031 30031 30031 30031 30031 30031 1 30031 30031 30031 30031 4 30031 30031 30031 30031 30031 30031 30031 30031 30031 30031 30031 30031 30031 30031 30031 30031 30031 30031 30031 30031 30031 30031 30031 30031 30031 30031 30031 30031 30031 30031 30031 30031 30031 30031 30031 
22 3000 30031 30031 30031 30031 30031 30031 30031 30031 30031 4 30031 3 2 30031 3 30031 30031 30031 30031 30031 30031 30031 30031 30031 30031 30031 30031 30031 30031 30031 30031 30031 30031 1 30031 30031 2 2 0 30031 30031 30031 30031 30031 30031 30031 30031 30031 30031 30031 30031 30031 30031 30031 30031 30031 30031 30031 30031 30031 30031 30031 30031 30031 30031 30031 3 2 30031 30031 30031 30031 30031 30031 30031 30031 30031 30031 30031 30031 30031 30031 30031 30031 30031 30031 30031 30031 30031 30031 30031 30031 30031 30031 30031 30031 30031 30031 30031 30031 
23 3000 30031 30031 30031 30031 30031 30031 30031 30031 30031 30031 30031 30031 30031 30031 30031 30031 30031 30031 30031 1 30031 30031 30031 30031 30031 30031 30031 30031 30031 30031 30031 30031 30031 30031 30031 30031 2 30031 30031 30031 30031 2 30031 30031 1 30031 30031 30031 30031 30031 1 30031 30031 30031 30031 30031 30031 30031 2 30031 30031 30031 30031 30031 30031 3 30031 1 30031 30031 30031 30031 30031 30031 30031 3 30031 30031 0 30031 30031 30031 30031 30031 30031 30031 30031 30031 30031 30031 30031 30031 30031 30031 30031 30031 30031 30031 30031 30031 
24 3000 30031 30031 30031 30031 2 4 30031 30031 30031 30031 30031 30031 30031 30031 30031 30031 30031 30031 30031 30031 30031 30031 30031 30031 30031 30031 30031 30031 30031 30031 30031 4 30031 30031 30031 30031 0 30031 30031 1 1 30031 30031 30031 30031 30031 30031 30031 30031 30031 30031 30031 30031 30031 30031 1 30031 2 30031 30031 4 30031 30031 30031 30031 30031 30031 30031 30031 30031 0 30031 30031 30031 30031 30031 30031 30031 30031 30031 30031 30031 30031 30031 30031 30031 30031 30031 30031 30031 30031 30031 30031 30031 30031 30031 30031 30031 30031 30031 
25 3000 30031 30031 30031 30031 30031 30031 30031 30031 30031 30031 30031 30031 30031 30031 30031 30031 30031 30031 30031 30031 30031 30031 30031 30031 0 1 30031 30031 0 1 30031 30031 30031 30031 30031 30031 30031 30031 30031 0 30031 30031 30031 30031 30031 30031 30031 30031 30031 30031 30031 30031 30031 30031 30031 30031 30031 30031 30031 30031 30031 2 30031 30031 30031 30031 30031 30031 30031 30031 30031 30031 30031 30031 30031 30031 1 30031 30031 30031 30031 30031 30031 30031 30031 30031 30031 30031 30031 30031 30031 30031 1 30031 30031 30031 1 30031 2 30031 
26 3000 30031 30031 3 30031 30031 30031 30031 3 30031 30031 30031 30031 30031 30031 30031 30031 30031 30031 30031 1 30031 30031 30031 30031 30031 30031 30031 30031 30031 3 30031 30031 30031 30031 30031 30031 30031 30031 30031 30031 30031 30031 30031 30031 4 30031 30031 30031 30031 30031 30031 30031 30031 30031 30031 30031 30031 30031 30031 30031 30031 4 30031 30031 30031 30031 4 30031 30031 30031 30031 30031 30031 30031 30031 30031 30031 2 0 3 30031 30031 30031 30031 30031 30031 30031 30031 30031 30031 30031 30031 30031 30031 30031 30031 30031 30031 30031 30031 
27 3000 30031 30031 30031 30031 30031 30031 30031 30031 30031 30031 30031 30031 30031 30031 30031 30031 30031 30031 30031 0 30031 30031 30031 30031 30031 30031 0 30031 30031 30031 30031 30031 30031 0 30031 0 30031 30031 3 30031 30031 30031 30031 30031 30031 30031 30031 30031 30031 3 30031 30031 30031 30031 30031 30031 30031 30031 30031 30031 30031 30031 30031 30031 30031 30031 30031 30031 30031 30031 4 30031 30031 4 30031 30031 30031 1 30031 30031 30031 30031 30031 30031 2 30031 30031 30031 30031 30031 30031 30031 30031 30031 30031 30031 30031 30031 30031 30031 
28 3000 30031 30031 30031 30031 30031 30031 30031 30031 30031 30031 30031 30031 30031 30031 3 30031 30031 30031 30031 30031 3 30031 30031 30031 30031 30031 30031 2 2 30031 30031 30031 30031 30031 30031 30031 30031 30031 30031 0 30031 30031 30031 30031 1 30031 4 30031 30031 30031 30031 30031 30031 30031 30031 30031 30031 30031 30031 30031 30031 30031 1 30031 30031 30031 30031 30031 3 30031 30031 30031 30031 30031 30031 30031 30031 0 30031 30031 30031 30031 30031 30031 30031 30031 30031 30031 30031 30031 30031 30031 30031 30031 30031 30031 30031 30031 30031 30031 
29 3000 30031 30031 30031 30031 30031 30031 30031 30031 30031 30031 30031 30031 30031 30031 30031 30031 30031 30031 3 2 30031 30031 30031 30031 30031 30031 30031 30031 30031 30031 30031 30031 30031 30031 30031 30031 30031 30031 30031 30031 30031 3 30031 30031 30031 30031 30031 30031 30031 4 30031 4 30031 30031 30031 30031 3 30031 4 30031 3 30031 30031 30031 30031 3 30031 30031 30031 30031 30031 30031 30031 3 30031 30031 30031 30031 30031 30031 30031 30031 30031 30031 30031 30031 30031 30031 30031 30031 30031 30031 30031 30031 30031 30031 30031 30031 30031 30031 
30 3000 0 30031 30031 1 30031 30031 30031 30031 30031 30031 0 30031 30031 30031 30031 30031 30031 30031 30031 30031 0 30031 30031 30031 30031 30031 30031 30031 30031 30031 2 30031 30031 30031 30031 30031 30031 30031 30031 30031 30031 30031 30031 30031 30031 30031 30031 30031 30031 30031 30031 30031 30031 30031 30031 30031 30031 30031 30031 30031 30031 30031 1 30031 30031 30031 30031 30031 30031 30031 30031 30031 30031 30031 30031 30031 30031 30031 1 30031 30031 30031 30031 30031 30031 30031 30031 30031 4 30031 30031 2 1 30031 30031 30031 30031 30031 30031 30031 
31 3000 30031 30031 30031 30031 30031 30031 30031 1 30031 30031 30031 30031 30031 30031 4 30031 30031 30031 30031 30031 30031 30031 30031 30031 30031 30031 30031 30031 30031 30031 30031 30031 30031 30031 30031 30031 30031 30031 30031 30031 30031 30031 30031 30031 30031 30031 30031 0 4 30031 30031 30031 30031 30031 30031 30031 30031 30031 30031 30031 30031 3 30031 30031 30031 30031 30031 30031 30031 30031 30031 30031 30031 30031 30031 30031 30031 30031 30031 30031 30031 2 0 30031 30031 30031 30031 30031 30031 4 3 30031 30031 30031 30031 30031 30031 1 30031 30031 
32 3000 30031 30031 30031 30031 30031 30031 30031 30031 30031 0 4 30031 30031 30031 30031 30031 30031 1 30031 30031 1 30031 30031 30031 30031 3 30031 30031 1 30031 30031 30031 30031 30031 3 30031 30031 30031 30031 30031 30031 30031 30031 30031 30031 30031 30031 1 30031 30031 30031 30031 30031 30031 30031 30031 30031 30031 30031 0 30031 2 30031 30031 30031 30031 30031 30031 30031 30031 30031 30031 30031 30031 30031 30031 30031 30031 30031 30031 30031 30031 30031 30031 30031 30031 30031 30031 30031 30031 30031 30031 30031 30031 30031 30031 30031 30031 30031 30031 
33 3000 30031 3 30031 30031 30031 30031 30031 30031 30031 30031 30031 30031 30031 30031 30031 30031 0 30031 30031 30031 30031 4 30031 30031 30031 30031 30031 30031 30031 30031 30031 30031 30031 30031 30031 30031 30031 30031 30031 30031 30031 30031 30031 30031 30031 0 30031 30031 30031 30031 30031 30031 30031 30031 30031 30031 30031 30031 30031 3 30031 30031 30031 30031 30031 30031 30031 30031 30031 30031 30031 30031 30031 3 30031 30031 30031 30031 30031 30031 30031 30031 30031 30031 30031 30031 4 30031 1 30031 30031 30031 30031 30031 30031 30031 3 2 30031 30031 
34 3000 30031 30031 30031 30031 3 30031 30031 30031 30031 30031 30031 2 30031 30031 30031 30031 30031 30031 30031 2 30031 30031 3 30031 30031 30031 30031 30031 30031 30031 30031 30031 30031 30031 30031 30031 30031 30031 30031 30031 1 30031 30031 30031 30031 30031 1 30031 30031 1 30031 30031 30031 30031 30031 30031 30031 30031 30031 30031 30031 30031 4 30031 30031 30031 30031 30031 30031 30031 30031 30031 2 30031 30031 30031 30031 30031 30031 30031 30031 30031 30031 30031 30031 30031 30031 30031 30031 30031 30031 30031 30031 3 30031 30031 30031 30031 30031 30031 
35 3000 30031 30031 30031 30031 30031 30031 30031 30031 30031 30031 30031 30031 30031 30031 3 30031 30031 30031 30031 30031 4 30031 30031 30031 30031 30031 30031 30031 30031 30031 30031 30031 30031 30031 30031 30031 30031 30031 30031 30031 30031 30031 30031 30031 30031 30031 30031 30031 30031 30031 30031 30031 30031 30031 3 30031 30031 30031 30031 30031 30031 2 30031 30031 30031 30031 30031 30031 30031 30031 4 30031 30031 30031 30031 30031 30031 30031 30031 30031 30031 30031 30031 30031 30031 30031 30031 30031 0 30031 30031 30031 2 30031 30031 4 30031 2 30031 1 
36 3000 30031 30031 30031 30031 30031 30031 30031 30031 1 30031 30031 30031 30031 30031 30031 30031 30031 30031 30031 30031 30031 30031 30031 30031 30031 30031 30031 3 30031 30031 30031 30031 4 30031 30031 2 30031 3 30031 30031 0 1 30031 2 30031 30031 30031 30031 30031 30031 30031 30031 30031 30031 30031 30031 30031 30031 30031 30031 30031 30031 30031 30031 30031 30031 30031 30031 4 4 30031 30031 30031 30031 30031 30031 30031 30031 30031 30031 30031 30031 30031 30031 30031 30031 30031 30031 30031 30031 30031 30031 30031 30031 30031 30031 30031 30031 30031 30031 
37 3000 1 30031 30031 30031 30031 30031 30031 30031 30031 30031 3 4 30031 30031 30031 30031 3 30031 30031 30031 30031 4 30031 30031 30031 1 30031 30031 30031 30031 30031 30031 30031 30031 30031 30031 30031 30031 30031 30031 30031 30031 30031 30031 30031 30031 30031 30031 30031 30031 30031 1 30031 30031 30031 30031 30031 30031 30031 30031 30031 3 1 1 30031 30031 30031 30031 30031 30031 30031 30031 30031 30031 30031 30031 30031 30031 30031 30031 30031 30031 30031 30031 30031 30031 30031 30031 30031 30031 30031 30031 30031 30031 30031 30031 30031 30031 30031 30031 
38 3000 1 30031 30031 30031 30031 30031 30031 30031 1 3 30031 2 30031 30031 30031 30031 30031 30031 30031 30031 30031 30031 30031 30031 30031 30031 30031 30031 30031 30031 2 30031 3 30031 30031 3 30031 30031 30031 30031 30031 30031 30031 3 30031 30031 30031 30031 30031 30031 30031 30031 30031 30031 30031 30031 30031 30031 30031 30031 30031 30031 30031 30031 30031 0 30031 30031 30031 30031 30031 30031 30031 30031 30031 30031 30031 30031 30031 30031 30031 30031 30031 30031 30031 30031 30031 30031 30031 30031 30031 30031 1 30031 30031 30031 30031 30031 30031 30031 
39 3000 30031 30031 30031 30031 3 30031 30031 30031 30031 0 2 30031 30031 30031 30031 30031 30031 30031 30031 2 30031 30031 30031 30031 30031 30031 3 1 30031 30031 30031 30031 30031 30031 30031 4 30031 30031 3 30031 30031 30031 30031 30031 30031 30031 30031 30031 30031 30031 30031 30031 30031 30031 30031 30031 30031 30031 30031 30031 30031 30031 30031 30031 30031 30031 0 30031 30031 30031 30031 30031 30031 30031 30031 30031 30031 30031 30031 30031 30031 2 30031 30031 30031 30031 30031 30031 30031 30031 30031 30031 30031 30031 30031 30031 30031 30031 30031 30031 
40 3000 30031 30031 30031 30031 30031 30031 30031 4 30031 30031 30031 3 30031 30031 30031 30031 30031 30031 30031 1 4 0 4 30031 30031 30031 2 4 30031 4 30031 30031 30031 30031 30031 30031 30031 30031 30031 30031 30031 30031 30031 30031 30031 30031 30031 30031 30031 30031 30031 30031 30031 30031 1 30031 30031 30031 30031 30031 30031 30031 30031 30031 30031 30031 30031 30031 30031 30031 30031 30031 30031 30031 30031 30031 30031 30031 30031 30031 30031 30031 30031 30031 30031 30031 30031 30031 30031 30031 30031 30031 30031 30031 30031 30031 30031 30031 30031 30031 
41 3000 30031 30031 4 30031 30031 30031 30031 30031 30031 0 30031 30031 30031 30031 30031 30031 30031 30031 30031 30031 2 30031 30031 30031 30031 30031 30031 30031 30031 30031 30031 30031 30031 30031 30031 30031 30031 30031 30031 30031 30031 30031 30031 30031 30031 30031 30031 30031 30031 30031 30031 30031 30031 30031 30031 3 30031 30031 30031 30031 30031 30031 30031 30031 30031 30031 30031 30031 30031 30031 4 30031 2 2 30031 30031 30031 3 30031 30031 0 30031 30031 30031 30031 30031 30031 30031 30031 30031 30031 30031 30031 30031 30031 4 30031 30031 30031 30031 
42 3000 30031 30031 30031 30031 30031 30031 30031 30031 30031 30031 30031 30031 30031 30031 30031 30031 30031 30031 2 30031 30031 30031 30031 30031 30031 3 30031 30031 30031 30031 30031 30031 30031 3 30031 30031 30031 30031 30031 0 30031 30031 30031 30031 30031 30031 30031 30031 30031 30031 30031 30031 30031 30031 30031 30031 4 30031 30031 30031 30031 30031 30031 30031 30031 30031 30031 1 30031 30031 30031 30031 30031 30031 30031 2 30031 30031 30031 2 30031 30031 30031 30031 2 30031 30031 30031 30031 30031 3 30031 30031 30031 30031 30031 30031 30031 30031 30031 
43 3000 30031 30031 30031 30031 30031 30031 1 30031 30031 30031 30031 30031 30031 1 30031 30031 3 30031 30031 30031 30031 30031 30031 30031 30031 30031 30031 30031 30031 30031 30031 30031 30031 30031 30031 30031 4 30031 30031 30031 30031 30031 30031 30031 30031 30031 30031 30031 30031 30031 30031 30031 30031 3 30031 30031 3 30031 30031 30031 30031 30031 30031 30031 30031 30031 30031 30031 30031 30031 30031 30031 30031 30031 30031 30031 30031 30031 30031 30031 30031 30031 30031 30031 1 30031 1 30031 1 30031 30031 30031 30031 30031 30031 30031 0 30031 30031 30031 
44 3000 30031 30031 3 30031 30031 30031 30031 30031 2 30031 30031 30031 30031 2 30031 30031 30031 0 30031 30031 30031 30031 3 30031 30031 30031 30031 30031 30031 30031 30031 30031 30031 3 30031 30031 30031 2 30031 30031 30031 30031 30031 2 30031 30031 30031 30031 30031 30031 30031 0 30031 30031 30031 30031 30031 30031 30031 30031 0 30031 30031 30031 30031 30031 30031 30031 30031 30031 30031 30031 30031 30031 30031 30031 30031 30031 30031 30031 30031 30031 30031 30031 30031 30031 30031 30031 30031 30031 30031 30031 30031 30031 30031 30031 30031 30031 30031 30031 
45 3000 30031 0 30031 30031 30031 30031 30031 30031 30031 30031 30031 1 30031 30031 30031 30031 30031 30031 30031 30031 3 30031 30031 30031 30031 30031 30031 30031 30031 30031 30031 4 30031 30031 30031 30031 30031 30031 30031 30031 2 30031 30031 30031 30031 30031 30031 30031 30031 30031 30031 30031 30031 4 30031 30031 30031 30031 30031 30031 30031 30031 30031 0 30031 30031 30031 4 30031 30031 30031 1 30031 30031 2 30031 30031 30031 30031 30031 30031 30031 30031 30031 30031 30031 30031 30031 30031 30031 30031 30031 30031 30031 30031 30031 30031 30031 30031 30031 
46 3000 30031 30031 30031 30031 30031 30031 30031 30031 30031 30031 30031 30031 30031 30031 30031 3 30031 30031 30031 30031 30031 30031 30031 30031 30031 30031 30031 30031 30031 30031 30031 30031 0 30031 30031 30031 30031 30031 30031 30031 30031 30031 30031 30031 4 30031 30031 30031 30031 30031 4 30031 30031 30031 30031 30031 30031 30031 30031 30031 0 30031 30031 30031 30031 30031 2 30031 30031 0 30031 30031 30031 30031 30031 3 30031 0 30031 30031 30031 30031 30031 30031 3 30031 30031 30031 30031 30031 30031 30031 30031 30031 30031 30031 30031 30031 30031 30031 
47 3000 30031 30031 30031 30031 30031 30031 30031 30031 30031 3 30031 4 30031 30031 30031 30031 30031 30031 0 30031 30031 30031 30031 3 30031 30031 30031 30031 30031 30031 30031 30031 30031 30031 30031 30031 30031 30031 30031 30031 30031 30031 30031 30031 30031 30031 30031 30031 30031 30031 4 30031 30031 4 30031 30031 30031 30031 30031 4 30031 30031 30031 30031 30031 30031 30031 30031 30031 0 30031 30031 30031 30031 30031 30031 30031 30031 30031 30031 30031 30031 30031 30031 30031 4 30031 30031 30031 3 30031 30031 30031 30031 30031 30031 30031 30031 30031 30031 
48 3000 30031 30031 30031 30031 30031 30031 30031 30031 30031 30031 30031 30031 30031 30031 30031 30031 0 1 30031 30031 30031 30031 30031 30031 30031 30031 30031 30031 30031 3 30031 30031 30031 30031 30031 30031 30031 30031 30031 30031 30031 30031 30031 30031 30031 30031 30031 30031 30031 30031 30031 30031 30031 30031 2 1 30031 30031 30031 30031 30031 30031 30031 30031 0 30031 30031 30031 30031 30031 30031 30031 30031 30031 30031 30031 30031 30031 30031 30031 30031 30031 30031 30031 30031 30031 3 30031 30031 30031 30031 30031 30031 1 1 30031 3 30031 30031 30031 
49 3000 30031 30031 30031 2 30031 4 30031 30031 30031 30031 30031 30031 30031 30031 30031 2 30031 30031 2 30031 30031 30031 30031 30031 30031 30031 30031 30031 30031 30031 30031 30031 30031 30031 30031 30031 30031 30031 30031 30031 30031 30031 30031 30031 30031 30031 30031 30031 30031 30031 2 30031 30031 30031 30031 30031 30031 30031 30031 30031 30031 30031 30031 30031 2 30031 30031 30031 30031 30031 30031 2 30031 30031 4 30031 30031 30031 30031 1 30031 30031 30031 30031 30031 30031 30031 30031 30031 30031 30031 3 30031 30031 30031 30031 30031 30031 30031 30031 
50 3000 30031 30031 30031 30031 30031 30031 3 3 30031 30031 30031 30031 30031 30031 30031 30031 4 30031 30031 30031 30031 30031 2 30031 30031 30031 30031 30031 3 30031 30031 30031 30031 30031 30031 30031 30031 30031 30031 30031 30031 30031 30031 30031 30031 0 30031 30031 30031 30031 30031 30031 30031 30031 30031 30031 30031 30031 30031 30031 30031 3 30031 30031 30031 30031 30031 30031 30031 30031 30031 30031 30031 30031 4 30031 30031 30031 1 30031 30031 30031 30031 30031 30031 30031 30031 30031 30031 30031 3 30031 30031 30031 30031 30031 30031 30031 30031 30031 
51 3000 30031 30031 30031 30031 30031 3 3 30031 30031 30031 30031 30031 30031 30031 1 30031 30031 1 30031 30031 30031 30031 30031 1 30031 30031 30031 30031 30031 30031 30031 0 30031 1 30031 30031 30031 30031 30031 30031 30031 30031 30031 30031 30031 3 30031 30031 30031 30031 1 30031 30031 30031 30031 1 30031 30031 30031 30031 30031 30031 30031 30031 30031 30031 30031 30031 30031 30031 30031 30031 30031 30031 30031 30031 30031 30031 30031 30031 30031 30031 30031 30031 30031 30031 30031 30031 30031 30031 30031 30031 30031 30031 30031 30031 30031 30031 30031 30031 
52 3000 30031 1 30031 30031 30031 0 30031 30031 30031 30031 30031 30031 30031 30031 30031 30031 30031 30031 30031 30031 30031 30031 30031 30031 30031 30031 30031 30031 30031 30031 30031 30031 30031 30031 30031 30031 30031 30031 30031 30031 30031 30031 1 30031 30031 30031 30031 30031 30031 30031 30031 30031 4 30031 30031 30031 30031 30031 30031 30031 4 30031 30031 30031 30031 30031 30031 30031 30031 30031 30031 30031 30031 30031 30031 30031 3 30031 30031 2 30031 3 30031 30031 1 30031 30031 2 30031 30031 30031 30031 30031 30031 30031 30031 30031 30031 30031 30031 
53 3000 30031 30031 30031 30031 30031 30031 30031 30031 30031 30031 1 30031 30031 1 4 30031 30031 30031 30031 30031 30031 30031 30031 30031 1 30031 30031 30031 30031 30031 30031 30031 30031 30031 30031 30031 30031 30031 30031 30031 30031 30031 30031 30031 30031 30031 30031 30031 30031 30031 30031 30031 30031 30031 30031 2 0 30031 2 30031 30031 30031 30031 30031 30031 30031 30031 30031 30031 30031 30031 30031 30031 30031 30031 30031 30031 30031 30031 30031 30031 30031 30031 30031 30031 30031 30031 30031 1 30031 4 30031 30031 30031 1 30031 30031 30031 30031 30031 
54 3000 30031 30031 4 30031 30031 30031 30031 30031 30031 30031 0 30031 30031 30031 3 30031 4 30031 30031 30031 30031 30031 30031 30031 30031 30031 30031 30031 30031 30031 3 3 30031 30031 30031 30031 30031 30031 30031 30031 30031 30031 30031 2 30031 30031 30031 4 30031 30031 30031 30031 4 30031 30031 30031 30031 30031 30031 30031 30031 30031 30031 30031 30031 30031 30031 30031 30031 30031 30031 30031 30031 30031 30031 30031 30031 30031 30031 30031 30031 30031 30031 30031 30031 30031 30031 30031 30031 30031 30031 30031 30031 2 30031 30031 30031 30031 30031 30031 
55 3000 30031 30031 30031 30031 30031 30031 30031 30031 30031 30031 30031 30031 30031 30031 30031 30031 30031 30031 30031 30031 30031 30031 30031 30031 30031 30031 30031 30031 30031 30031 30031 30031 30031 30031 30031 30031 30031 30031 30031 30031 30031 30031 30031 0 30031 30031 30031 30031 30031 30031 30031 30031 30031 3 30031 30031 30031 30031 30031 1 30031 30031 30031 30031 30031 30031 30031 30031 0 30031 30031 30031 1 30031 30031 3 1 30031 30031 4 30031 30031 30031 30031 30031 30031 30031 30031 30031 30031 1 3 30031 30031 30031 30031 30031 30031 30031 30031 
56 3000 30031 30031 30031 30031 30031 30031 30031 30031 30031 30031 30031 30031 30031 30031 30031 30031 30031 30031 4 30031 30031 30031 30031 1 30031 30031 30031 30031 30031 30031 3 30031 30031 30031 30031 30031 1 30031 30031 30031 30031 30031 30031 30031 0 30031 30031 30031 30031 30031 30031 30031 30031 30031 30031 30031 30031 30031 30031 30031 30031 30031 30031 30031 30031 30031 30031 30031 1 30031 30031 30031 30031 30031 30031 30031 30031 0 30031 30031 30031 30031 3 30031 30031 30031 30031 3 30031 4 30031 30031 30031 30031 30031 30031 30031 30031 30031 30031 
57 3000 30031 30031 30031 30031 30031 30031 30031 30031 3 30031 30031 30031 30031 30031 30031 30031 30031 30031 30031 30031 30031 1 30031 30031 30031 30031 30031 2 30031 2 30031 30031 30031 30031 30031 30031 30031 1 30031 30031 30031 3 30031 30031 30031 30031 1 30031 30031 30031 30031 1 30031 30031 30031 30031 4 30031 30031 30031 30031 30031 30031 30031 30031 30031 30031 30031 30031 30031 30031 30031 30031 30031 30031 30031 30031 30031 30031 30031 30031 30031 30031 30031 3 30031 30031 30031 30031 30031 30031 30031 30031 30031 30031 30031 30031 30031 30031 30031 
58 3000 30031 4 30031 30031 30031 30031 4 30031 30031 30031 30031 30031 30031 30031 30031 30031 1 30031 30031 30031 30031 30031 30031 30031 30031 30031 30031 30031 30031 30031 30031 30031 30031 30031 30031 30031 30031 30031 30031 30031 30031 1 30031 30031 0 30031 30031 30031 30031 30031 30031 30031 30031 30031 30031 30031 30031 30031 30031 30031 30031 30031 30031 30031 30031 30031 30031 30031 30031 30031 30031 30031 30031 30031 30031 30031 30031 30031 30031 30031 30031 30031 3 3 3 30031 30031 30031 30031 30031 2 30031 30031 30031 0 30031 30031 30031 30031 30031 
59 3000 30031 4 30031 30031 30031 30031 30031 3 0 30031 30031 30031 30031 30031 30031 2 30031 30031 4 30031 30031 30031 30031 30031 30031 30031 30031 30031 1 30031 1 30031 30031 30031 30031 30031 30031 1 30031 30031 1 30031 30031 30031 30031 30031 2 30031 30031 30031 30031 30031 30031 30031 30031 30031 30031 30031 30031 30031 30031 30031 30031 30031 30031 30031 30031 30031 30031 30031 30031 30031 30031 30031 30031 30031 30031 30031 30031 30031 30031 30031 30031 30031 30031 30031 30031 30031 30031 30031 30031 30031 30031 30031 30031 30031 30031 30031 30031 30031 
60 3000 30031 30031 30031 0 30031 30031 30031 30031 30031 0 30031 30031 30031 30031 30031 30031 30031 30031 30031 30031 30031 30031 30031 30031 2 30031 30031 30031 30031 30031 30031 30031 30031 30031 30031 30031 30031 30031 0 30031 30031 30031 30031 30031 30031 30031 30031 30031 4 30031 30031 30031 30031 30031 30031 30031 1 30031 30031 0 30031 30031 30031 30031 30031 30031 3 30031 30031 30031 30031 30031 4 30031 30031 30031 30031 30031 30031 30031 3 30031 30031 30031 30031 30031 30031 30031 30031 30031 30031 30031 30031 30031 30031 30031 30031 30031 30031 30031 
61 3000 30031 30031 30031 30031 30031 30031 3 30031 30031 30031 30031 30031 30031 30031 30031 30031 30031 30031 30031 30031 30031 30031 30031 30031 30031 30031 30031 30031 30031 30031 30031 30031 30031 30031 3 30031 30031 30031 30031 30031 30031 30031 30031 30031 30031 30031 30031 30031 30031 30031 30031 30031 30031 30031 30031 30031 30031 30031 3 30031 30031 30031 30031 30031 30031 30031 30031 30031 30031 30031 30031 30031 30031 30031 1 30031 30031 30031 30031 30031 3 30031 1 30031 30031 30031 1 30031 30031 4 30031 30031 4 30031 2 30031 30031 30031 30031 30031 
62 3000 30031 30031 30031 30031 30031 30031 30031 30031 30031 30031 30031 30031 30031 4 30031 30031 3 30031 30031 30031 30031 30031 30031 30031 30031 30031 30031 30031 30031 30031 3 30031 30031 30031 30031 1 30031 30031 4 2 30031 3 4 30031 30031 30031 30031 30031 30031 30031 30031 30031 30031 30031 30031 30031 30031 30031 30031 30031 30031 30031 30031 30031 30031 30031 30031 30031 30031 30031 30031 30031 30031 30031 30031 30031 30031 30031 30031 30031 30031 30031 30031 30031 30031 30031 30031 0 30031 30031 30031 1 30031 30031 30031 30031 30031 30031 30031 30031 
63 3000 30031 30031 0 30031 30031 30031 30031 30031 30031 30031 30031 30031 0 30031 30031 30031 30031 30031 30031 30031 30031 30031 30031 30031 30031 3 30031 30031 30031 30031 30031 30031 30031 30031 30031 30031 30031 30031 30031 30031 30031 30031 30031 30031 30031 30031 30031 30031 30031 30031 30031 30031 30031 30031 30031 30031 30031 30031 30031 30031 30031 30031 30031 30031 30031 30031 30031 2 30031 30031 30031 30031 30031 30031 3 1 30031 30031 30031 30031 30031 30031 3 30031 30031 30031 30031 30031 30031 30031 30031 30031 30031 1 30031 30031 30031 30031 2 0 
64 3000 30031 30031 30031 30031 30031 30031 30031 30031 30031 30031 30031 30031 3 3 30031 2 30031 30031 30031 30031 30031 30031 4 30031 30031 30031 2 30031 30031 30031 30031 30031 30031 30031 1 30031 30031 30031 30031 30031 30031 30031 30031 1 30031 30031 30031 30031 30031 30031 30031 30031 30031 30031 30031 30031 30031 30031 30031 30031 30031 30031 0 30031 30031 30031 30031 30031 30031 30031 30031 3 30031 30031 30031 30031 30031 30031 4 30031 30031 30031 30031 30031 30031 30031 30031 30031 30031 30031 30031 30031 30031 30031 30031 30031 30031 30031 30031 30031 
65 3000 30031 30031 30031 30031 30031 30031 30031 30031 30031 4 30031 30031 30031 30031 30031 30031 30031 30031 30031 30031 30031 30031 30031 30031 30031 30031 30031 30031 30031 30031 30031 30031 30031 1 30031 0 30031 30031 30031 30031 3 30031 30031 30031 30031 30031 30031 30031 30031 3 30031 30031 30031 30031 30031 1 30031 30031 30031 30031 30031 30031 30031 30031 30031 30031 30031 30031 30031 30031 30031 30031 30031 30031 30031 30031 30031 30031 30031 30031 30031 2 1 4 30031 30031 30031 30031 30031 30031 30031 30031 30031 1 30031 30031 30031 30031 30031 30031 
66 3000 30031 30031 30031 30031 30031 30031 30031 30031 4 30031 30031 4 0 30031 30031 30031 30031 30031 30031 30031 30031 4 30031 30031 30031 30031 30031 30031 30031 30031 30031 30031 30031 30031 30031 30031 30031 30031 30031 30031 30031 30031 30031 30031 30031 2 30031 30031 30031 30031 30031 30031 30031 30031 30031 30031 30031 30031 30031 30031 30031 30031 30031 30031 30031 30031 1 1 30031 30031 30031 4 30031 30031 30031 30031 30031 30031 2 30031 30031 30031 30031 1 30031 30031 30031 30031 30031 30031 30031 30031 30031 30031 30031 30031 30031 30031 30031 30031 
67 3000 30031 30031 30031 30031 30031 30031 30031 30031 30031 30031 30031 30031 30031 30031 30031 30031 30031 30031 30031 30031 3 30031 30031 30031 30031 30031 30031 30031 30031 30031 30031 30031 30031 30031 30031 30031 30031 30031 30031 30031 30031 30031 30031 1 30031 2 30031 30031 30031 30031 30031 30031 30031 30031 30031 30031 30031 2 30031 30031 0 30031 30031 30031 30031 30031 2 30031 30031 30031 30031 30031 30031 30031 30031 30031 30031 30031 30031 30031 30031 30031 30031 30031 30031 30031 30031 30031 0 30031 2 30031 30031 30031 30031 1 4 30031 30031 30031 
68 3000 3 30031 30031 30031 3 30031 30031 30031 30031 30031 30031 30031 30031 30031 30031 30031 30031 30031 30031 30031 30031 30031 30031 30031 0 30031 30031 30031 30031 30031 30031 30031 30031 30031 30031 30031 30031 30031 30031 30031 30031 30031 30031 30031 30031 30031 30031 0 30031 30031 30031 2 30031 30031 30031 30031 30031 30031 30031 30031 0 30031 30031 30031 30031 30031 30031 30031 1 30031 4 30031 30031 0 3 30031 30031 30031 30031 30031 30031 30031 30031 30031 30031 30031 30031 30031 30031 30031 30031 30031 30031 30031 30031 30031 30031 30031 30031 30031 
69 3000 30031 30031 30031 30031 30031 2 30031 30031 30031 30031 30031 30031 30031 30031 30031 30031 30031 30031 30031 30031 30031 30031 30031 30031 30031 30031 30031 30031 30031 30031 30031 30031 30031 30031 30031 30031 30031 30031 30031 30031 30031 30031 30031 30031 30031 30031 30031 30031 30031 30031 30031 30031 30031 30031 1 30031 30031 30031 30031 30031 30031 30031 30031 30031 30031 30031 30031 30031 3 30031 4 30031 30031 30031 30031 30031 30031 30031 30031 30031 30031 30031 30031 30031 30031 30031 3 4 30031 30031 30031 30031 30031 30031 30031 30031 4 4 1 1 
70 3000 30031 30031 30031 30031 30031 30031 30031 30031 30031 30031 30031 30031 30031 30031 30031 2 30031 30031 30031 30031 30031 30031 3 30031 1 30031 30031 30031 30031 30031 30031 30031 0 30031 30031 30031 30031 30031 30031 30031 30031 30031 30031 30031 30031 30031 30031 30031 30031 30031 30031 30031 2 30031 30031 30031 30031 30031 30031 30031 30031 30031 30031 30031 30031 30031 30031 30031 30031 30031 30031 30031 30031 30031 30031 30031 30031 30031 30031 30031 30031 30031 30031 0 30031 30031 30031 2 30031 30031 30031 30031 1 1 30031 30031 30031 2 30031 30031 
71 3000 30031 0 30031 30031 30031 30031 30031 30031 30031 30031 30031 30031 30031 30031 0 30031 30031 30031 30031 30031 30031 30031 30031 30031 30031 30031 30031 30031 30031 30031 30031 30031 30031 30031 30031 2 2 30031 30031 30031 30031 4 30031 30031 30031 30031 30031 30031 3 30031 30031 30031 30031 0 30031 30031 30031 30031 30031 30031 30031 30031 2 30031 30031 30031 30031 30031 30031 1 30031 3 30031 30031 30031 30031 30031 30031 30031 30031 30031 30031 30031 30031 30031 30031 30031 30031 30031 30031 30031 30031 30031 30031 30031 30031 30031 30031 30031 30031 
72 3000 30031 30031 30031 30031 30031 30031 30031 30031 30031 30031 30031 30031 30031 30031 30031 30031 30031 30031 30031 30031 30031 30031 30031 30031 0 30031 30031 30031 30031 30031 30031 30031 30031 30031 30031 30031 30031 30031 30031 30031 30031 30031 30031 30031 30031 30031 30031 30031 1 30031 1 30031 30031 30031 30031 30031 30031 30031 30031 30031 30031 30031 30031 30031 30031 30031 30031 30031 30031 30031 3 30031 1 30031 30031 2 30031 30031 30031 3 30031 30031 3 0 30031 30031 30031 30031 30031 30031 30031 30031 30031 30031 30031 30031 30031 30031 1 30031 
73 3000 30031 30031 30031 30031 30031 30031 30031 4 30031 30031 30031 30031 30031 30031 30031 30031 30031 2 30031 30031 30031 30031 30031 30031 30031 30031 30031 30031 30031 30031 30031 30031 4 30031 30031 30031 30031 30031 30031 30031 30031 0 30031 30031 30031 30031 30031 30031 30031 30031 30031 30031 4 30031 30031 30031 30031 30031 30031 30031 30031 30031 30031 30031 30031 30031 30031 30031 3 2 30031 30031 30031 30031 30031 30031 30031 30031 30031 30031 30031 30031 30031 30031 30031 30031 30031 1 30031 0 30031 30031 30031 30031 30031 4 30031 30031 30031 30031 
74 3000 30031 30031 30031 30031 30031 30031 2 30031 3 30031 30031 30031 30031 30031 30031 30031 30031 30031 30031 30031 30031 30031 30031 30031 30031 30031 30031 30031 30031 30031 30031 30031 30031 30031 30031 2 30031 30031 30031 30031 30031 0 30031 30031 30031 30031 30031 30031 30031 30031 30031 30031 30031 30031 30031 30031 30031 30031 30031 30031 30031 30031 30031 30031 1 2 3 30031 30031 30031 30031 30031 30031 30031 30031 30031 30031 30031 30031 30031 30031 30031 30031 3 30031 30031 1 0 30031 30031 30031 30031 30031 30031 30031 30031 30031 30031 30031 30031 
75 3000 30031 30031 4 30031 30031 30031 30031 30031 30031 30031 30031 30031 30031 2 4 30031 30031 30031 30031 30031 30031 30031 30031 30031 30031 30031 30031 30031 30031 30031 30031 30031 30031 30031 30031 30031 30031 30031 30031 30031 30031 30031 4 30031 30031 30031 30031 30031 30031 30031 30031 30031 30031 30031 30031 30031 30031 30031 30031 30031 30031 30031 30031 30031 30031 30031 30031 3 30031 30031 30031 30031 30031 30031 30031 30031 30031 30031 30031 30031 3 30031 30031 30031 0 30031 30031 1 30031 30031 30031 2 30031 4 30031 30031 30031 30031 30031 30031 
76 3000 30031 30031 2 30031 30031 30031 30031 30031 30031 30031 30031 30031 4 1 30031 30031 30031 30031 30031 30031 30031 30031 4 2 30031 30031 30031 30031 30031 30031 30031 0 30031 30031 4 30031 30031 30031 30031 30031 30031 30031 2 30031 30031 30031 30031 30031 30031 30031 30031 30031 30031 30031 30031 30031 30031 30031 30031 30031 30031 30031 30031 30031 30031 30031 30031 30031 30031 30031 30031 30031 2 30031 30031 30031 30031 1 30031 30031 30031 30031 30031 30031 30031 30031 30031 30031 30031 30031 30031 30031 30031 30031 30031 30031 30031 30031 30031 30031 
77 3000 30031 30031 30031 2 30031 30031 30031 30031 30031 30031 30031 30031 30031 30031 30031 30031 30031 30031 30031 30031 30031 2 30031 30031 30031 4 30031 30031 30031 30031 30031 30031 30031 30031 30031 30031 30031 30031 30031 30031 30031 30031 30031 30031 30031 30031 30031 30031 30031 30031 30031 30031 30031 30031 30031 30031 30031 30031 30031 30031 30031 30031 0 30031 2 30031 30031 30031 30031 30031 30031 30031 4 4 30031 30031 30031 30031 30031 30031 30031 30031 30031 30031 30031 30031 30031 30031 30031 30031 30031 30031 4 30031 30031 30031 30031 30031 0 4 
78 3000 30031 30031 30031 30031 3 30031 30031 30031 0 30031 30031 30031 30031 30031 30031 30031 30031 30031 30031 30031 30031 30031 30031 30031 4 30031 30031 30031 30031 1 30031 30031 30031 30031 30031 30031 30031 30031 30031 30031 30031 30031 30031 0 30031 30031 30031 30031 30031 30031 30031 30031 30031 30031 30031 2 30031 3 30031 30031 30031 30031 30031 30031 30031 30031 30031 30031 30031 30031 30031 30031 30031 30031 30031 30031 30031 30031 30031 1 30031 30031 30031 30031 0 30031 30031 30031 30031 30031 30031 30031 30031 30031 30031 3 30031 30031 30031 30031 
79 3000 30031 30031 30031 30031 30031 30031 30031 30031 30031 30031 4 30031 30031 30031 30031 30031 30031 30031 30031 30031 30031 30031 30031 30031 30031 30031 30031 2 30031 30031 30031 30031 4 30031 30031 30031 30031 30031 30031 30031 30031 30031 30031 30031 30031 30031 1 30031 30031 0 30031 30031 30031 30031 0 30031 30031 30031 30031 30031 30031 30031 30031 30031 30031 4 30031 30031 30031 30031 30031 30031 30031 30031 30031 30031 30031 30031 30031 30031 30031 30031 2 1 30031 3 30031 30031 30031 30031 30031 30031 30031 30031 30031 30031 30031 30031 30031 30031 
80 3000 30031 30031 30031 30031 30031 30031 30031 30031 30031 30031 30031 30031 3 30031 30031 30031 30031 30031 30031 30031 30031 30031 30031 30031 30031 0 30031 30031 30031 30031 30031 2 30031 30031 30031 30031 30031 30031 4 30031 30031 30031 30031 30031 30031 30031 30031 30031 30031 30031 30031 30031 30031 30031 30031 30031 30031 30031 0 30031 30031 30031 30031 30031 3 30031 30031 30031 30031 30031 30031 3 30031 30031 30031 30031 30031 30031 30031 30031 30031 0 30031 1 30031 30031 30031 30031 30031 30031 2 30031 30031 30031 30031 30031 30031 30031 30031 30031 
81 3000 30031 30031 30031 30031 30031 30031 30031 30031 30031 30031 30031 30031 30031 30031 30031 30031 30031 30031 30031 30031 30031 30031 30031 30031 30031 30031 1 30031 30031 30031 30031 4 30031 30031 2 30031 3 30031 30031 30031 30031 30031 1 30031 30031 30031 30031 30031 30031 30031 30031 30031 30031 30031 30031 30031 30031 30031 2 3 30031 30031 30031 30031 30031 1 30031 30031 30031 30031 30031 30031 30031 30031 30031 30031 30031 30031 30031 30031 30031 30031 30031 30031 30031 30031 30031 30031 4 3 30031 30031 30031 30031 30031 30031 30031 30031 30031 30031 
82 3000 30031 30031 30031 30031 30031 30031 30031 30031 30031 30031 30031 3 30031 30031 30031 30031 30031 30031 30031 30031 30031 30031 30031 30031 30031 30031 30031 30031 30031 30031 30031 30031 30031 30031 30031 30031 30031 30031 30031 30031 30031 3 30031 30031 30031 30031 30031 30031 4 30031 30031 30031 30031 30031 30031 30031 30031 2 1 30031 30031 30031 30031 0 30031 30031 30031 30031 30031 30031 30031 30031 30031 30031 30031 30031 30031 30031 30031 30031 30031 30031 30031 30031 30031 30031 30031 30031 30031 30031 30031 30031 30031 30031 30031 2 30031 1 4 4 
83 3000 30031 30031 30031 30031 30031 30031 30031 30031 30031 30031 30031 30031 3 30031 30031 30031 30031 30031 1 30031 30031 4 1 30031 30031 30031 30031 30031 30031 30031 30031 0 30031 30031 30031 30031 30031 30031 30031 30031 30031 30031 30031 30031 30031 30031 2 4 30031 30031 30031 2 30031 30031 30031 30031 30031 30031 30031 30031 30031 30031 30031 30031 30031 30031 30031 30031 30031 30031 30031 30031 30031 30031 30031 1 30031 30031 1 30031 30031 30031 30031 30031 30031 30031 30031 30031 30031 30031 30031 30031 30031 30031 30031 30031 30031 30031 30031 30031 
84 3000 30031 30031 30031 1 30031 3 30031 3 30031 30031 30031 30031 30031 30031 30031 30031 30031 4 30031 30031 30031 30031 30031 30031 30031 30031 1 30031 30031 30031 30031 30031 30031 30031 3 30031 30031 30031 30031 30031 30031 30031 30031 30031 30031 30031 30031 30031 30031 30031 30031 30031 30031 30031 30031 30031 30031 3 30031 30031 30031 30031 30031 30031 30031 30031 30031 30031 30031 30031 30031 30031 30031 30031 30031 30031 30031 30031 3 30031 30031 4 30031 30031 30031 30031 30031 30031 0 30031 30031 30031 30031 30031 30031 30031 30031 30031 30031 30031 
85 3000 30031 30031 30031 30031 30031 30031 30031 30031 30031 30031 30031 30031 30031 2 30031 30031 30031 30031 30031 30031 30031 30031 30031 30031 30031 30031 30031 30031 30031 30031 30031 30031 30031 30031 30031 30031 30031 30031 30031 30031 1 30031 30031 30031 30031 30031 30031 30031 30031 30031 30031 30031 30031 30031 30031 30031 30031 30031 30031 30031 30031 30031 2 30031 30031 30031 30031 30031 30031 30031 30031 4 30031 30031 30031 30031 0 30031 30031 30031 30031 30031 30031 30031 30031 30031 30031 2 30031 30031 30031 30031 30031 30031 30031 30031 2 0 1 2 
86 3000 30031 30031 30031 30031 30031 30031 30031 30031 30031 30031 30031 30031 30031 30031 30031 30031 30031 30031 30031 30031 30031 30031 30031 1 30031 30031 30031 30031 30031 30031 1 30031 30031 30031 30031 30031 30031 2 30031 30031 30031 30031 3 30031 30031 30031 30031 30031 30031 30031 30031 30031 30031 30031 0 30031 30031 30031 30031 30031 30031 30031 30031 30031 30031 30031 30031 30031 1 30031 30031 30031 30031 30031 30031 30031 30031 30031 30031 30031 30031 30031 30031 30031 30031 4 30031 30031 30031 3 3 30031 30031 30031 30031 30031 30031 30031 3 30031 
87 3000 30031 2 30031 30031 30031 30031 30031 30031 30031 30031 30031 30031 30031 30031 30031 30031 30031 30031 30031 30031 30031 30031 30031 30031 3 30031 30031 30031 1 30031 30031 30031 30031 30031 30031 30031 30031 30031 30031 30031 30031 30031 30031 30031 30031 30031 30031 30031 30031 30031 30031 30031 2 30031 30031 30031 30031 30031 30031 3 30031 2 30031 2 30031 30031 2 30031 30031 30031 30031 30031 30031 30031 30031 30031 30031 30031 30031 30031 30031 30031 3 30031 2 30031 30031 30031 30031 30031 30031 30031 30031 30031 30031 30031 30031 30031 30031 30031 
88 3000 30031 30031 30031 4 30031 30031 30031 2 30031 3 30031 30031 30031 30031 30031 30031 3 30031 2 30031 0 30031 30031 30031 30031 0 30031 30031 30031 30031 30031 30031 30031 30031 30031 30031 30031 30031 30031 30031 30031 30031 30031 30031 0 30031 30031 30031 30031 30031 30031 30031 30031 30031 30031 30031 30031 30031 3 30031 30031 30031 30031 2 30031 30031 30031 30031 30031 30031 30031 30031 30031 30031 30031 30031 30031 30031 30031 30031 30031 30031 30031 30031 30031 30031 30031 30031 30031 30031 30031 30031 30031 30031 30031 30031 30031 30031 30031 30031 
89 3000 30031 0 30031 30031 30031 30031 30031 30031 30031 30031 30031 30031 30031 30031 30031 30031 30031 30031 1 30031 30031 30031 30031 3 30031 30031 30031 30031 2 30031 30031 30031 1 30031 30031 30031 30031 2 30031 30031 30031 30031 30031 30031 30031 30031 30031 0 30031 30031 30031 30031 30031 30031 30031 30031 30031 30031 30031 30031 30031 30031 30031 30031 4 1 30031 30031 30031 30031 30031 30031 30031 30031 30031 30031 30031 30031 30031 30031 30031 30031 30031 30031 30031 30031 30031 3 30031 30031 30031 30031 30031 30031 30031 30031 30031 30031 30031 30031 
90 3000 30031 30031 30031 30031 30031 30031 30031 30031 30031 30031 30031 30031 30031 4 30031 30031 30031 30031 30031 30031 30031 30031 30031 4 30031 30031 30031 1 30031 30031 30031 30031 30031 30031 30031 30031 30031 30031 30031 0 30031 30031 4 30031 30031 30031 30031 30031 30031 30031 30031 30031 1 2 4 30031 30031 4 30031 30031 30031 30031 30031 2 30031 30031 30031 30031 30031 30031 30031 30031 30031 30031 30031 30031 30031 30031 30031 30031 30031 30031 30031 30031 30031 30031 30031 30031 30031 30031 30031 30031 30031 30031 30031 30031 30031 30031 30031 30031 
91 3000 30031 30031 30031 30031 30031 30031 30031 30031 30031 30031 30031 30031 30031 30031 30031 30031 30031 30031 30031 30031 30031 30031 30031 30031 30031 30031 30031 4 30031 30031 30031 30031 30031 30031 30031 30031 30031 30031 30031 30031 30031 30031 30031 30031 30031 30031 30031 30031 30031 30031 30031 30031 30031 30031 30031 30031 30031 30031 30031 2 30031 30031 30031 30031 30031 3 30031 0 30031 30031 30031 30031 30031 0 0 30031 30031 30031 30031 30031 2 30031 30031 30031 30031 4 30031 30031 30031 30031 30031 3 30031 30031 0 30031 30031 30031 30031 30031 
92 3000 30031 30031 30031 30031 0 30031 0 30031 30031 30031 30031 30031 30031 30031 30031 30031 30031 4 30031 30031 30031 30031 30031 30031 30031 30031 30031 30031 30031 30031 1 30031 30031 30031 30031 30031 30031 30031 30031 30031 30031 30031 30031 30031 30031 0 30031 3 30031 30031 30031 4 30031 0 0 30031 3 30031 30031 30031 30031 30031 30031 30031 30031 30031 30031 30031 30031 30031 30031 30031 30031 30031 30031 30031 30031 30031 30031 30031 30031 30031 30031 30031 30031 30031 30031 30031 30031 30031 30031 30031 30031 30031 30031 30031 30031 30031 30031 30031 
93 3000 3 3 30031 30031 30031 30031 30031 30031 30031 30031 30031 30031 30031 30031 30031 30031 30031 30031 30031 30031 30031 30031 30031 30031 30031 30031 30031 30031 30031 30031 30031 30031 30031 30031 30031 3 30031 30031 30031 30031 30031 30031 4 30031 30031 30031 30031 30031 0 30031 30031 30031 30031 30031 30031 30031 30031 30031 30031 30031 2 4 30031 2 30031 30031 30031 4 30031 30031 30031 30031 30031 30031 30031 30031 30031 3 30031 30031 30031 30031 30031 30031 30031 30031 30031 30031 30031 30031 30031 30031 30031 30031 30031 30031 30031 30031 30031 30031 
94 3000 30031 30031 30031 3 30031 30031 30031 30031 30031 30031 30031 30031 30031 30031 30031 1 30031 30031 30031 30031 30031 30031 30031 30031 30031 30031 0 30031 30031 30031 30031 30031 30031 3 30031 30031 30031 30031 30031 30031 30031 30031 30031 30031 30031 30031 30031 3 30031 3 30031 30031 30031 30031 30031 30031 30031 30031 30031 30031 30031 2 30031 30031 30031 30031 30031 30031 30031 3 30031 30031 30031 30031 30031 30031 30031 30031 30031 30031 30031 30031 30031 30031 30031 30031 0 30031 30031 30031 30031 30031 30031 2 30031 30031 30031 30031 30031 30031 
95 3000 30031 30031 30031 30031 30031 30031 30031 30031 0 30031 30031 30031 30031 30031 30031 30031 30031 30031 30031 30031 30031 30031 30031 30031 30031 30031 30031 30031 30031 0 30031 30031 30031 30031 30031 30031 30031 30031 0 30031 30031 30031 30031 30031 30031 30031 30031 30031 30031 30031 30031 30031 30031 30031 30031 30031 30031 30031 30031 30031 30031 30031 30031 30031 3 30031 30031 30031 30031 30031 1 2 30031 30031 30031 30031 30031 30031 30031 30031 1 30031 30031 30031 30031 4 30031 30031 30031 30031 30031 30031 30031 30031 2 30031 4 30031 30031 30031 
96 3000 30031 30031 30031 30031 30031 30031 2 30031 30031 30031 0 30031 30031 30031 30031 30031 30031 4 30031 30031 30031 30031 30031 30031 30031 30031 30031 30031 30031 30031 30031 30031 30031 30031 30031 30031 0 30031 30031 30031 30031 30031 30031 30031 30031 1 30031 3 30031 2 30031 30031 3 30031 30031 30031 30031 0 30031 30031 30031 30031 30031 30031 30031 0 30031 30031 30031 30031 30031 30031 30031 30031 30031 30031 30031 30031 30031 30031 30031 30031 30031 30031 30031 30031 30031 30031 30031 30031 30031 30031 30031 30031 30031 30031 30031 30031 30031 30031 
97 3000 30031 30031 3 30031 30031 30031 1 30031 30031 30031 2 30031 30031 30031 30031 30031 30031 30031 30031 30031 30031 30031 30031 30031 30031 30031 30031 3 30031 30031 30031 30031 30031 30031 30031 30031 30031 30031 30031 30031 2 30031 30031 30031 30031 0 30031 30031 30031 4 30031 30031 30031 30031 30031 30031 30031 30031 30031 30031 30031 30031 30031 30031 30031 30031 30031 30031 30031 30031 30031 30031 30031 30031 3 30031 30031 30031 30031 30031 30031 3 30031 30031 30031 1 30031 30031 30031 30031 30031 30031 30031 30031 30031 30031 30031 30031 30031 30031 
98 3000 30031 30031 30031 30031 30031 30031 30031 30031 30031 30031 30031 30031 30031 30031 30031 30031 30031 30031 30031 30031 30031 30031 30031 30031 30031 30031 30031 30031 3 30031 30031 30031 1 30031 30031 30031 30031 30031 30031 30031 30031 30031 1 30031 30031 30031 30031 30031 30031 30031 30031 30031 30031 30031 30031 30031 30031 30031 30031 30031 30031 30031 30031 4 1 30031 30031 30031 30031 0 30031 30031 30031 30031 30031 1 30031 30031 30031 3 30031 30031 30031 30031 30031 30031 30031 30031 30031 30031 30031 30031 30031 1 30031 0 30031 30031 30031 30031 
99 3000 30031 30031 30031 30031 30031 30031 30031 30031 30031 30031 3 4 2 30031 30031 30031 30031 1 30031 30031 30031 30031 30031 30031 3 30031 30031 30031 30031 30031 30031 30031 30031 4 30031 30031 30031 30031 30031 30031 30031 30031 30031 30031 30031 30031 3 30031 30031 4 30031 0 30031 30031 30031 30031 3 30031 30031 30031 30031 30031 30031 30031 30031 30031 30031 30031 30031 30031 30031 30031 30031 30031 30031 30031 30031 30031 30031 30031 30031 30031 30031 30031 30031 30031 30031 30031 30031 30031 30031 30031 30031 30031 30031 30031 30031 30031 30031 30031 
100 3000 30031 30031 30031 30031 3 30031 30031 30031 30031 30031 30031 30031 30031 30031 30031 30031 30031 30031 30031 30031 4 30031 30031 30031 30031 30031 30031 30031 30031 30031 30031 30031 30031 30031 30031 30031 30031 30031 30031 30031 30031 30031 30031 30031 30031 30031 30031 30031 30031 30031 30031 30031 30031 30031 30031 30031 30031 30031 30031 30031 30031 30031 30031 30031 3 30031 30031 30031 4 30031 30031 30031 30031 30031 30031 30031 30031 0 30031 3 30031 30031 30031 30031 30031 30031 30031 30031 30031 30031 30031 0 30031 30031 3 30031 30031 2 30031 1 
