FILE: 1111EuclS.txt
100 100 0 
1 3000 0 2771 2419 2820 3379 3167 1696 4580 1383 2193 3122 4083 2091 1311 2445 3456 5060 2591 4863 4064 1710 3431 1315 2064 4813 2208 4695 5298 5733 3371 2614 739 1277 1829 2460 6126 3781 1230 2585 1754 5243 5277 2073 4379 2501 1079 2398 2699 2539 2303 5147 4061 5698 4743 2687 934 2509 5515 2939 5575 5070 637 2607 3656 2436 3578 1606 1795 4296 3998 782 2640 1424 4830 4085 2168 3376 3728 5177 757 1650 2358 881 3949 3271 3877 4590 3016 2350 5976 2701 1814 4507 1386 4124 5547 4967 3843 1396 2361 
2 3000 2771 0 4830 4694 6086 1936 2350 3617 4117 4320 5868 6740 4846 1645 2041 6157 4795 5195 6708 5845 1999 5237 4049 2578 6560 2924 5337 4451 7148 1638 5332 2139 1725 1738 436 7991 2488 2151 5352 3612 5284 7342 4845 6775 2226 3822 4993 78 1619 5060 6353 6364 7678 7030 5454 2161 1790 7624 5108 7392 6532 3128 1170 5971 4971 4832 2425 1954 7068 4623 2015 1365 2016 3873 6389 4750 2447 6176 6142 2210 4106 1958 3628 2435 4645 6246 5685 2407 3344 7472 5472 1968 3871 4076 5914 7084 5061 6127 2853 5062 
3 3000 2419 4830 0 1107 3002 4295 4083 4981 2090 696 1681 2040 2025 3186 3481 1651 4740 648 2635 1993 4128 1501 2092 2728 2666 2528 3633 5421 3760 4720 2489 3137 3661 3255 4636 3818 4691 3646 2033 1356 4604 2902 1667 1978 4912 2076 2872 4751 3848 2062 3435 1642 3347 2323 1707 3353 3711 3120 700 3319 3136 2648 4963 1237 352 2266 3980 4214 3070 3188 3119 4091 3843 5158 1666 503 4198 1350 3688 3173 771 4777 2102 4956 1969 1463 3103 3801 2235 3916 1824 3070 4665 1194 2033 3494 4350 1427 3644 990 
4 3000 2820 4694 1107 0 4108 3731 4506 4099 2970 685 2760 2861 3063 3135 2983 2640 3690 1736 2083 1249 4465 611 2953 2236 2002 1939 2526 4445 2932 4214 3566 3429 3893 2976 4597 3371 4003 4009 3129 1141 3511 2648 2721 2285 5268 2869 3888 4616 3416 3129 2451 1804 3004 2410 2815 3691 3250 2930 648 2794 2272 3244 5085 1481 1457 1158 4422 4541 4119 2104 3348 3693 4178 4245 1827 1576 3519 1864 2633 3502 1404 5086 2829 4287 867 1788 2035 3150 1539 3159 2931 2754 3726 2008 1312 2729 3264 1574 4192 2095 
5 3000 3379 6086 3002 4108 0 6440 4172 7588 1995 3560 1560 2519 1327 4684 5644 1999 7625 2413 5217 4831 4437 4461 2063 5040 5352 5001 6632 8168 6514 6712 765 3946 4399 5127 5721 6088 6998 4062 1002 3888 7563 5075 1521 3688 4948 2299 1187 6020 5843 1143 6355 3774 5548 4203 1300 3953 5776 5149 3631 5763 5962 2959 5604 3553 2659 5265 4051 4525 1373 6146 4079 5984 4256 7806 3785 2540 6540 3208 6662 3879 2976 4980 2497 7207 4961 3504 6090 6144 4878 6581 1179 5048 7374 2499 4850 6198 7300 3715 3529 2013 
6 3000 3167 1936 4295 3731 6440 0 3719 1722 4488 3633 5744 6336 5113 1924 825 5885 2865 4839 5478 4649 3414 4134 4423 1567 5275 1804 3597 2555 5632 521 5683 2925 2844 1338 2208 6697 656 3302 5524 2940 3382 6230 4973 6008 3929 4190 5555 1896 636 5305 4782 5534 6482 6134 5473 3122 665 6531 4304 6097 5079 3759 3021 5191 4552 3442 3742 3414 7106 2944 2730 670 3279 1986 5558 4423 518 5515 4475 3047 3760 3651 4000 782 3358 5494 4111 643 2192 5982 5534 1392 1935 4019 4718 5637 3176 5301 3986 4886 
7 3000 1696 2350 4083 4506 4172 3719 0 5396 2466 3889 4458 5542 3160 1967 3278 4875 6213 4158 6560 5754 351 5118 2411 3263 6505 3525 6161 6203 7397 3680 3493 1123 894 2610 1915 7823 4374 525 3692 3405 6522 6966 3313 6007 854 2256 2991 2313 3122 3365 6767 5721 7391 6398 3944 840 3192 7198 4632 7272 6734 1497 1494 5319 4053 5174 123 407 5374 5432 1270 3055 450 5661 5745 3771 4111 5348 6744 1025 3327 814 2124 4437 4884 5522 6176 3859 3794 7651 3914 2743 5473 2954 5815 7224 6257 5511 643 3838 
8 3000 4580 3617 4981 4099 7588 1722 5396 0 5761 4286 6613 6946 6284 3494 2169 6632 1447 5608 5305 4607 5106 4277 5703 2575 5050 2587 2798 835 5040 1994 6867 4502 4506 2844 3922 6353 1130 4947 6609 3746 2094 6142 6070 6310 5649 5487 6862 3587 2276 6449 4171 5813 6275 6295 6461 4731 2207 6445 4744 5791 4633 5210 4736 5551 5302 3327 5407 5113 8015 2423 4305 2386 4948 266 5832 5259 1285 5960 3721 4627 4668 5371 5315 1250 3409 5854 3577 1578 2767 5406 6546 2788 516 5089 4666 5151 1993 5605 5598 5786 
9 3000 1383 4117 2090 2970 1995 4488 2466 5761 0 2291 1995 3108 735 2690 3715 2431 6011 1890 4724 4064 2653 3509 68 3185 4755 3217 5314 6412 5829 4732 1230 1986 2476 3158 3772 5876 5072 2213 1261 2288 6071 4918 848 3756 3313 304 1103 4048 3876 951 5420 3575 5382 4210 1478 2040 3823 5101 2778 5399 5190 1033 3759 3205 1903 4015 2344 2746 2984 4703 2102 4002 2421 5995 3596 1626 4633 3104 5586 1935 1569 3270 502 5264 3689 3334 4983 4249 3198 6001 1453 3100 5611 962 4109 5576 5796 3404 1871 1476 
10 3000 2193 4320 696 685 3560 3633 3889 4286 2291 0 2350 2718 2434 2699 2829 2347 4093 1326 2670 1883 3875 1268 2272 2068 2627 1846 3103 4740 3606 4073 2964 2845 3337 2670 4170 3937 4006 3408 2562 724 4002 3124 2109 2465 4677 2184 3240 4241 3218 2522 3134 2043 3524 2714 2298 3095 3071 3381 797 3382 2950 2577 4585 1653 1020 1755 3799 3955 3748 2586 2787 3473 3587 4465 2068 1033 3513 1904 3297 2906 722 4510 2145 4275 1434 1935 2695 3118 1539 3820 2404 2468 3976 1330 1940 3390 3741 1807 3541 1577 
11 3000 3122 5868 1681 2760 1560 5744 4458 6613 1995 2350 0 1164 1374 4275 4919 503 6422 1033 3658 3313 4628 3010 2048 4210 3800 4077 5263 7090 4964 6109 1421 3838 4366 4544 5579 4545 6215 4170 937 2882 6271 3532 1147 2163 5308 2210 2046 5793 5218 1221 4849 2215 4007 2676 541 3955 5110 3625 2196 4205 4427 2987 5687 1997 1335 3904 4337 4721 1401 4861 3904 5420 4380 6802 2227 1355 5728 1649 5192 3818 1990 5257 2367 6460 3626 1945 4642 5324 3847 5023 620 4404 6322 1802 3326 4643 6022 2156 3866 858 
12 3000 4083 6740 2040 2861 2519 6336 5542 6946 3108 2718 1164 0 2533 5104 5520 679 6510 1548 3017 2944 5684 2870 3153 4769 3223 4564 5144 7305 4357 6756 2560 4819 5356 5259 6493 3658 6725 5212 2097 3396 6244 2664 2273 1281 6396 3287 3199 6662 5878 2386 4440 1563 3118 1772 1703 4971 5746 2687 2214 3427 3925 4050 6687 1567 1803 3873 5424 5776 1654 4895 4857 6112 5422 7102 1563 1993 6232 1103 4871 4818 2656 6325 3421 6993 3661 1347 4394 5837 4249 4340 1785 5086 6587 2698 2932 4012 6022 1633 4974 1725 
13 3000 2091 4846 2025 3063 1327 5113 3160 6284 735 2434 1374 2533 0 3381 4318 1856 6399 1610 4563 4006 3369 3523 802 3723 4637 3702 5536 6888 5764 5391 583 2720 3212 3803 4505 5625 5672 2940 533 2637 6390 4632 364 3362 3996 1024 852 4776 4518 215 5459 3270 5107 3850 833 2774 4450 4779 2720 5199 5153 1766 4489 2943 1741 4188 3037 3461 2249 4987 2831 4665 3146 6507 3288 1521 5216 2744 5692 2671 1766 3972 1218 5880 3869 3009 5097 4821 3611 5894 773 3721 6089 1217 4040 5481 6121 3135 2542 1140 
14 3000 1311 1645 3186 3135 4684 1924 1967 3494 2690 2699 4275 5104 3381 0 1333 4535 4245 3556 5200 4341 1737 3712 2622 1342 5081 1648 4293 4277 5801 2071 3919 1010 1083 655 1471 6491 2568 1475 3852 2012 4567 5777 3318 5140 2451 2386 3702 1567 1288 3588 5076 4739 6139 5413 3898 1238 1303 6050 3494 5901 5155 1854 1982 4342 3327 3486 1955 1773 5536 3555 814 1344 1518 3757 4764 3111 2224 4533 4967 1135 2462 2204 2188 2701 3243 4612 4438 1925 1997 6098 3931 777 3526 2473 4409 5688 4305 4504 2103 3448 
15 3000 2445 2041 3481 2983 5644 825 3278 2169 3715 2829 4919 5520 4318 1333 0 5061 2965 4016 4841 3991 3016 3435 3653 762 4660 1047 3299 2944 5146 1245 4893 2334 2384 678 2160 6095 1357 2803 4715 2125 3356 5553 4164 5238 3652 3424 4799 1977 460 4505 4331 4774 5838 5394 4653 2571 279 5850 3527 5493 4551 3063 2917 4418 3731 2862 3276 3037 6282 2582 2138 752 2827 2429 4798 3598 930 4724 4102 2460 2934 3383 3240 1565 2722 4719 3659 593 1465 5481 4715 631 2196 3201 4061 5108 3110 4539 3434 4060 
16 3000 3456 6157 1651 2640 1999 5885 4875 6632 2431 2347 503 679 1856 4535 5061 0 6331 1047 3269 3013 5026 2793 2478 4327 3433 4157 5078 7057 4594 6279 1923 4187 4721 4743 5891 4088 6317 4558 1440 2963 6130 3075 1594 1689 5729 2619 2549 6080 5392 1716 4549 1799 3548 2204 1031 4326 5271 3152 2024 3777 4091 3387 6050 1642 1344 3745 4756 5119 1502 4738 4236 5611 4769 6806 1807 1466 5825 1239 4927 4178 2137 5664 2760 6574 3492 1535 4401 5424 3883 4629 1121 4585 6309 2085 3017 4264 5891 1777 4300 1098 
17 3000 5060 4795 4740 3690 7625 2865 6213 1447 6011 4093 6422 6510 6399 4245 2965 6331 0 5388 4351 3805 5970 3659 5964 3015 4075 2854 1632 1051 3823 3268 6970 5185 5325 3608 5029 5236 2431 5715 6623 3763 661 5204 6123 5654 6617 5778 7099 4751 3252 6529 2990 5168 5250 5531 6389 5449 3121 5495 4318 4720 3531 5692 5827 4989 5089 2644 6198 5996 7802 1617 4999 3452 5764 1327 5183 5126 2349 5439 2479 5309 4652 6347 5638 2628 2851 5271 2507 2436 2813 4183 6492 3470 990 5184 3852 3993 648 4994 6282 5671 
18 3000 2591 5195 648 1736 2413 4839 4158 5608 1890 1326 1033 1548 1610 3556 4016 1047 5388 0 2954 2446 4255 2048 1912 3280 3039 3111 4255 6064 4181 5238 1983 3330 3867 3718 4958 4026 5270 3774 1489 1916 5245 3046 1248 1875 5007 1971 2457 5117 4354 1592 3952 1691 3517 2320 1114 3508 4229 3216 1218 3588 3592 2667 5195 1339 306 2890 4045 4345 2424 3831 3349 4579 3981 5790 1711 445 4778 1218 4249 3343 1110 4905 2056 5526 2603 1445 3679 4377 2848 4294 1237 3553 5303 1213 2473 3887 4993 1535 3646 470 
19 3000 4863 6708 2635 2083 5217 5478 6560 5305 4724 2670 3658 3017 4563 5200 4841 3269 4351 2954 0 863 6537 1488 4727 4156 282 3820 2735 5346 1340 5993 4917 5502 5975 4971 6646 1291 5580 6074 4408 3224 3875 853 4199 1767 7340 4707 5411 6632 5298 4544 1583 1477 1004 1394 3991 5759 5120 1147 1970 713 989 5218 7163 1667 2842 2053 6470 6615 4659 2886 5428 5588 6249 5362 1472 3105 5144 2029 2107 5570 3291 7164 4718 5872 2124 1734 1852 4843 3392 1364 4116 4741 4825 3818 793 998 3734 1502 6198 3425 
20 3000 4064 5845 1993 1249 4831 4649 5754 4607 4064 1883 3313 2944 4006 4341 3991 3013 3805 2446 863 0 5715 639 4058 3296 753 2962 2276 4742 1767 5160 4426 4678 5139 4108 5784 2151 4788 5259 3936 2383 3420 1585 3643 1882 6518 4010 4857 5768 4446 4021 1538 1427 1847 1726 3548 4941 4269 1888 1293 1560 1148 4459 6310 1390 2265 1284 5668 5790 4494 2236 4595 4735 5428 4691 1437 2492 4337 1847 1929 4751 2555 6334 3998 5080 1292 1600 1461 4020 2534 1946 3674 3878 4150 3122 70 1517 3234 1312 5424 2901 
21 3000 1710 1999 4128 4465 4437 3414 351 5106 2653 3875 4628 5684 3369 1737 3016 5026 5970 4255 6537 5715 0 5076 2594 3065 6468 3346 5994 5920 7321 3352 3738 1036 657 2361 1563 7812 4066 482 3902 3341 6304 6982 3492 6079 803 2418 3266 1962 2830 3578 6663 5770 7396 6451 4128 781 2911 7223 4640 7250 6660 1641 1179 5365 4127 5064 437 92 5604 5261 1138 2746 288 5372 5794 3851 3822 5424 6613 969 3360 651 2266 4118 4785 5582 6055 3587 3643 7587 4107 2512 5203 3042 5778 7163 6042 5553 935 3965 
22 3000 3431 5237 1501 611 4461 4134 5118 4277 3509 1268 3010 2870 3523 3712 3435 2793 3659 2048 1488 639 5076 0 3498 2716 1392 2393 2289 4515 2339 4635 3987 4039 4499 3504 5162 2779 4332 4621 3518 1743 3374 2121 3168 2037 5879 3432 4366 5160 3883 3563 1935 1540 2440 2038 3162 4303 3710 2415 830 2194 1687 3844 5676 1330 1817 1014 5034 5151 4295 2042 3956 4169 4789 4391 1559 2003 3863 1783 2201 4113 1965 5694 3406 4622 867 1615 1633 3522 1969 2553 3284 3277 3856 2553 704 2123 3153 1345 4800 2470 
23 3000 1315 4049 2092 2953 2063 4423 2411 5703 68 2272 2048 3153 802 2622 3653 2478 5964 1912 4727 4058 2594 3498 0 3127 4754 3163 5281 6357 5823 4665 1298 1918 2410 3092 3704 5887 5009 2151 1326 2249 6029 4933 902 3782 3260 236 1159 3980 3810 1017 5404 3594 5396 4233 1535 1975 3758 5119 2775 5406 5181 969 3695 3221 1916 3989 2289 2687 3049 4665 2034 3935 2360 5938 3615 1635 4572 3129 5564 1869 1550 3214 434 5200 3662 3355 4961 4188 3151 5998 1512 3036 5556 946 4104 5573 5755 3419 1822 1508 
24 3000 2064 2578 2728 2236 5040 1567 3263 2575 3185 2068 4210 4769 3723 1342 762 4327 3015 3280 4156 3296 3065 2716 3127 0 3993 346 2952 3249 4579 2007 4305 2187 2407 860 2588 5429 2004 2747 4080 1373 3266 4838 3532 4479 3794 2912 4287 2505 1180 3897 3807 4017 5142 4644 3979 2461 1017 5130 2767 4827 3955 2701 3249 3658 2989 2257 3233 3107 5591 2214 2010 1458 2826 2811 4041 2872 1522 3962 3654 2309 2220 3546 2745 2251 2068 3958 3151 1118 768 4897 4051 634 2452 2553 3367 4506 2997 3781 3273 3355 
25 3000 4813 6560 2666 2002 5352 5275 6505 5050 4755 2627 3800 3223 4637 5081 4660 3433 4075 3039 282 753 6468 1392 4754 3993 0 3653 2455 5075 1164 5793 5017 5431 5891 4822 6513 1436 5355 6011 4513 3135 3593 1130 4273 1997 7271 4720 5489 6484 5120 4631 1309 1665 1231 1655 4104 5693 4940 1420 1980 833 725 5197 7054 1803 2901 1836 6419 6543 4852 2628 5348 5411 6181 5101 1663 3151 4926 2198 1828 5504 3280 7086 4719 5647 1937 1909 1573 4636 3226 1256 4230 4591 4565 3830 690 849 3455 1656 6168 3507 
26 3000 2208 2924 2528 1939 5001 1804 3525 2587 3217 1846 4077 4564 3702 1648 1047 4157 2854 3111 3820 2962 3346 2393 3163 346 3653 0 2650 3196 4233 2276 4285 2425 2690 1205 2932 5089 2163 3002 4022 1197 3046 4513 3482 4205 4092 2961 4319 2851 1490 3863 3466 3735 4810 4349 3886 2705 1319 4808 2499 4487 3609 2838 3583 3387 2812 1910 3486 3394 5471 1915 2258 1776 3097 2805 3759 2724 1670 3712 3324 2542 2099 3850 2807 2428 1723 3690 2812 1272 428 4551 3966 976 2395 2502 3033 4159 2773 3501 3487 3231 
27 3000 4695 5337 3633 2526 6632 3597 6161 2798 5314 3103 5263 5144 5536 4293 3299 5078 1632 4255 2735 2276 5994 2289 5281 2952 2455 2650 0 2662 2244 4101 6066 5046 5339 3771 5450 3614 3426 5636 5647 3052 1150 3585 5212 4158 6741 5141 6327 5275 3721 5624 1383 3692 3618 3976 5341 5329 3547 3872 3069 3089 1900 5275 6171 3581 3982 1367 6115 6043 6580 737 4891 3992 5741 2786 3704 4094 3122 4044 927 5157 3785 6497 5045 3694 1674 3835 882 2987 2372 2610 5457 3565 2284 4383 2312 2380 1000 3548 6061 4620 
28 3000 5298 4451 5421 4445 8168 2555 6203 835 6412 4740 7090 7305 6888 4277 2944 7057 1051 6064 5346 4742 5920 4515 6357 3249 5075 3196 2662 0 4872 2823 7469 5276 5310 3623 4757 6275 1963 5743 7175 4283 1688 6198 6648 6545 6478 6150 7515 4422 3092 7040 4034 6051 6268 6465 6990 5515 3010 6494 5091 5748 4561 5934 5571 5834 5759 3512 6210 5930 8488 2507 5081 3216 5754 578 6068 5752 2101 6268 3528 5402 5205 6201 5988 2057 3664 6127 3522 2352 3291 5233 7083 3544 801 5676 4794 5036 1698 5861 6378 6291 
29 3000 5733 7148 3760 2932 6514 5632 7397 5040 5829 3606 4964 4357 5764 5801 5146 4594 3823 4181 1340 1767 7321 2339 5823 4579 1164 4233 2244 4872 0 6153 6163 6291 6709 5438 7165 1490 5577 6885 5663 3992 3226 1920 5400 3099 8118 5767 6616 7077 5603 5769 873 2814 1706 2687 5259 6565 5421 2113 3061 1146 663 6177 7781 2967 4022 2325 7321 7389 5999 2722 6184 5893 7039 5030 2810 4257 5210 3358 1343 6376 4303 7912 5746 5858 2558 3065 1525 4991 3829 365 5385 5209 4527 4882 1727 352 3174 2818 7118 4645 
30 3000 3371 1638 4720 4214 6712 521 3680 1994 4732 4073 6109 6756 5391 2071 1245 6279 3268 5238 5993 5160 3352 4635 4665 2007 5793 2276 4101 2823 6153 0 5948 3020 2846 1590 1982 7217 865 3315 5827 3365 3821 6738 5279 6480 3776 4430 5769 1616 891 5590 5300 6012 6996 6622 5807 3180 1009 7039 4770 6617 5601 3924 2788 5660 4960 3962 3719 3339 7449 3459 2833 731 3259 2244 6035 4812 982 5970 4987 3134 4142 3498 4234 800 3871 5962 4631 1165 2679 6503 5860 1706 2300 4348 5229 6158 3629 5777 4024 5252 
31 3000 2614 5332 2489 3566 765 5683 3493 6867 1230 2964 1421 2560 583 3919 4893 1923 6970 1983 4917 4426 3738 3987 1298 4305 5017 4285 6066 7469 6163 5948 0 3193 3658 4365 4974 5906 6248 3341 514 3210 6945 4897 856 3562 4297 1534 650 5265 5082 443 5915 3546 5375 4068 945 3214 5019 5014 3165 5519 5573 2211 4891 3260 2172 4708 3370 3828 1892 5537 3321 5220 3540 7090 3562 1993 5795 2993 6176 3131 2323 4307 1732 6453 4393 3277 5589 5401 4189 6268 828 4291 6672 1795 4454 5866 6678 3443 2854 1525 
32 3000 739 2139 3137 3429 3946 2925 1123 4502 1986 2845 3838 4819 2720 1010 2334 4187 5185 3330 5502 4678 1036 4039 1918 2187 5431 2425 5046 5276 6291 3020 3193 0 537 1657 1785 6779 3574 599 3237 2306 5453 5961 2754 5107 1839 1698 2866 2073 2291 2935 5648 4775 6369 5458 3381 283 2314 6208 3618 6215 5629 990 1868 4370 3171 4052 1069 1112 4960 4321 196 2312 750 4763 4800 2906 3234 4459 5621 126 2365 1664 1510 3694 3765 4599 5053 2927 2675 6554 3385 1737 4513 2126 4742 6129 5184 4553 1104 3096 
33 3000 1277 1725 3661 3893 4399 2844 894 4506 2476 3337 4366 5356 3212 1083 2384 4721 5325 3867 5975 5139 657 4499 2410 2407 5891 2690 5339 5310 6709 2846 3658 537 0 1718 1330 7258 3500 469 3736 2756 5649 6461 3268 5636 1418 2199 3279 1668 2236 3427 6033 5295 6861 5979 3900 445 2301 6713 4120 6687 6051 1450 1331 4890 3704 4433 901 704 5460 4605 550 2189 443 4772 5320 3441 3222 4990 5969 548 2890 1203 2018 3580 4162 5125 5418 2964 2994 6985 3898 1860 4579 2663 5204 6564 5386 5071 1185 3632 
34 3000 1829 1738 3255 2976 5127 1338 2610 2844 3158 2670 4544 5259 3803 655 678 4743 3608 3718 4971 4108 2361 3504 3092 860 4822 1205 3771 3623 5438 1590 4365 1657 1718 0 1728 6253 1958 2128 4237 1946 3957 5617 3688 5133 3032 2858 4217 1662 717 4001 4668 4698 5944 5350 4223 1892 682 5903 3434 5654 4811 2427 2403 4317 3456 3114 2604 2388 5867 3035 1461 877 2160 3105 4722 3281 1583 4568 4505 1783 2609 2771 2666 2120 2913 4605 4010 1271 1614 5754 4273 231 2871 2765 4177 5359 3701 4460 2756 3691 
35 3000 2460 436 4636 4597 5721 2208 1915 3922 3772 4170 5579 6493 4505 1471 2160 5891 5029 4958 6646 5784 1563 5162 3704 2588 6513 2932 5450 4757 7165 1982 4974 1785 1330 1728 0 7935 2804 1736 5020 3483 5483 7243 4527 6602 1815 3482 4609 409 1788 4721 6395 6208 7598 6883 5146 1774 1940 7518 4966 7341 6534 2763 813 5810 4750 4840 1992 1518 6742 4723 1684 1577 1591 4183 6233 4516 2702 5986 6219 1843 3891 1542 3292 2782 4629 6075 5735 2602 3336 7478 5157 1956 4136 3806 5853 7079 5249 5974 2429 4793 
36 3000 6126 7991 3818 3371 6088 6697 7823 6353 5876 3937 4545 3658 5625 6491 6095 4088 5236 4026 1291 2151 7812 2779 5887 5429 1436 5089 3614 6275 1490 7217 5906 6779 7258 6253 7935 0 6747 7345 5392 4513 4672 1013 5269 2405 8614 5891 6455 7915 6555 5574 2248 2361 542 1893 4960 7032 6375 983 3198 602 1722 6449 8454 2686 3972 3255 7730 7891 5294 3946 6710 6846 7524 6375 2345 4251 6333 2913 2779 6843 4521 8443 5920 7037 3373 2629 2778 6056 4661 1196 5080 6023 5851 5012 2082 1249 4591 2491 7438 4489 
37 3000 3781 2488 4691 4003 6998 656 4374 1130 5072 4006 6215 6725 5672 2568 1357 6317 2431 5270 5580 4788 4066 4332 5009 2004 5355 2163 3426 1963 5577 865 6248 3574 3500 1958 2804 6747 0 3958 6060 3353 3013 6371 5509 6288 4561 4780 6153 2460 1283 5857 4708 5802 6581 6365 5979 3776 1276 6676 4613 6156 5073 4385 3617 5484 4973 3527 4397 4064 7595 2854 3378 1319 3934 1384 5824 4872 493 5841 4341 3697 4224 4282 4594 292 3502 5790 4054 892 2489 5936 6047 1976 1449 4539 4855 5622 2843 5575 4641 5360 
38 3000 1230 2151 3646 4009 4062 3302 525 4947 2213 3408 4170 5212 2940 1475 2803 4558 5715 3774 6074 5259 482 4621 2151 2747 6011 3002 5636 5743 6885 3315 3341 599 469 2128 1736 7345 3958 0 3472 2896 6010 6506 3042 5596 1271 1964 2912 2099 2686 3152 6247 5289 6924 5970 3678 320 2740 6746 4166 6787 6223 1185 1551 4884 3645 4652 486 571 5185 4908 745 2651 210 5211 5313 3369 3664 4941 6219 509 2880 1134 1803 4044 4365 5100 5652 3391 3268 7145 3663 2245 4999 2561 5321 6719 5743 5072 719 3491 
39 3000 2585 5352 2033 3129 1002 5524 3692 6609 1261 2562 937 2097 533 3852 4715 1440 6623 1489 4408 3936 3902 3518 1326 4080 4513 4022 5647 7175 5663 5827 514 3237 3736 4237 5020 5392 6060 3472 0 2892 6564 4384 551 3053 4524 1539 1110 5281 4945 327 5437 3032 4861 3558 433 3301 4865 4503 2691 5006 5081 2295 5019 2749 1702 4282 3568 3994 1723 5148 3340 5108 3678 6822 3048 1553 5593 2479 5716 3193 1976 4504 1728 6280 3974 2763 5135 5193 3883 5762 322 4138 6383 1526 3962 5362 6300 2930 3070 1048 
40 3000 1754 3612 1356 1141 3888 2940 3405 3746 2288 724 2882 3396 2637 2012 2125 2963 3763 1916 3224 2383 3341 1743 2249 1373 3135 1197 3052 4283 3992 3365 3210 2306 2756 1946 3483 4513 3353 2896 2892 0 3785 3766 2372 3187 4143 2094 3350 3533 2500 2773 3393 2757 4139 3419 2716 2576 2359 4037 1496 3935 3329 2266 3946 2372 1620 1838 3329 3414 4278 2417 2214 2752 3056 3947 2782 1527 2862 2627 3443 2387 923 3953 1993 3612 1523 2658 2848 2461 992 4248 2804 1744 3494 1421 2448 3823 3512 2519 3150 2041 
41 3000 5243 5284 4604 3511 7563 3382 6522 2094 6071 4002 6271 6244 6390 4567 3356 6130 661 5245 3875 3420 6304 3374 6029 3266 3593 3046 1150 1688 3226 3821 6945 5453 5649 3957 5483 4672 3013 6010 6564 3785 0 4722 6090 5298 6989 5861 7134 5234 3695 6502 2426 4826 4726 5126 6294 5727 3547 5003 4106 4181 2995 5862 6264 4692 4956 2385 6496 6338 7623 1417 5276 3922 6079 1987 4839 5029 2864 5152 1893 5574 4624 6726 5737 3231 2645 4957 2024 2883 2912 3581 6403 3792 1610 5191 3458 3423 276 4672 6531 5569 
42 3000 5277 7342 2902 2648 5075 6230 6966 6142 4918 3124 3532 2664 4632 5777 5553 3075 5204 3046 853 1585 6982 2121 4933 4838 1130 4513 3585 6198 1920 6738 4897 5961 6461 5617 7243 1013 6371 6506 4384 3766 4722 0 4279 1396 7778 4954 5455 7264 6004 4574 2379 1362 477 892 3951 6200 5830 304 2342 812 1775 5550 7703 1713 3019 2853 6867 7064 4312 3729 5910 6290 6694 6206 1344 3303 5922 1904 2919 6014 3640 7623 4997 6664 2877 1625 2703 5604 4088 1787 4070 5391 5667 4089 1517 1574 4586 1514 6545 3503 
43 3000 2073 4845 1667 2721 1521 4973 3313 6070 848 2109 1147 2273 364 3318 4164 1594 6123 1248 4199 3643 3492 3168 902 3532 4273 3482 5212 6648 5400 5279 856 2754 3268 3688 4527 5269 5509 3042 551 2372 6090 4279 0 3028 4161 1078 1216 4772 4396 412 5103 2917 4753 3509 636 2844 4314 4432 2360 4837 4791 1856 4575 2584 1378 3857 3192 3585 2224 4680 2842 4561 3251 6286 2936 1164 5043 2400 5344 2721 1471 4115 1250 5729 3540 2659 4752 4643 3358 5530 631 3587 5853 981 3677 5117 5823 2778 2719 780 
44 3000 4379 6775 1978 2285 3688 6008 6007 6310 3756 2465 2163 1281 3362 5140 5238 1689 5654 1875 1767 1882 6079 2037 3782 4479 1997 4205 4158 6545 3099 6480 3562 5107 5636 5133 6602 2405 6288 5596 3053 3187 5298 1396 3028 0 6850 3847 4150 6696 5652 3275 3271 496 1863 514 2620 5312 5496 1462 1712 2145 2718 4528 6942 820 1954 3032 5898 6167 2936 4050 5096 5918 5798 6428 478 2236 5804 660 3745 5137 2747 6730 3928 6573 2903 529 3335 5435 3820 3064 2733 4928 5893 3053 1851 2750 5105 713 5515 2284 
45 3000 2501 2226 4912 5268 4948 3929 854 5649 3313 4677 5308 6396 3996 2451 3652 5729 6617 5007 7340 6518 803 5879 3260 3794 7271 4092 6741 6478 8118 3776 4297 1839 1418 3032 1815 8614 4561 1271 4524 4143 6989 7778 4161 6850 0 3110 3760 2217 3398 4197 7451 6553 8195 7233 4790 1582 3507 8017 5437 8053 7458 2351 1098 6150 4895 5851 972 729 6188 6005 1934 3262 1090 5914 6577 4615 4381 6192 7386 1770 4148 278 2978 4570 5576 6359 6836 4194 4410 8387 4756 3208 5799 3800 6581 7964 6734 6339 1454 4692 
46 3000 1079 3822 2076 2869 2299 4190 2256 5487 304 2184 2210 3287 1024 2386 3424 2619 5778 1971 4707 4010 2418 3432 236 2912 4720 2961 5141 6150 5767 4430 1534 1698 2199 2858 3482 5891 4780 1964 1539 2094 5861 4954 1078 3847 3110 0 1378 3752 3576 1239 5318 3630 5410 4282 1714 1769 3526 5150 2742 5395 5119 778 3498 3247 1937 3869 2137 2511 3262 4510 1807 3699 2174 5724 3652 1650 4346 3188 5456 1654 1467 3049 198 4968 3543 3400 4853 3964 2968 5955 1703 2805 5350 890 4059 5527 5585 3445 1694 1600 
47 3000 2398 4993 2872 3888 1187 5555 2991 6862 1103 3240 2046 3199 852 3702 4799 2549 7099 2457 5411 4857 3266 4366 1159 4287 5489 4319 6327 7515 6616 5769 650 2866 3279 4217 4609 6455 6153 2912 1110 3350 7134 5455 1216 4150 3760 1378 0 4930 4933 880 6302 4094 5931 4649 1535 2835 4892 5588 3569 6040 6004 1881 4440 3780 2593 4994 2870 3352 2485 5747 3019 5038 3099 7098 4111 2368 5723 3555 6521 2784 2541 3796 1559 6335 4671 3829 5923 5343 4287 6745 1432 4177 6714 1948 4891 6333 6861 3970 2348 1986 
48 3000 2699 78 4751 4616 6020 1896 2313 3587 4048 4241 5793 6662 4776 1567 1977 6080 4751 5117 6632 5768 1962 5160 3980 2505 6484 2851 5275 4422 7077 1616 5265 2073 1668 1662 409 7915 2460 2099 5281 3533 5234 7264 4772 6696 2217 3752 4930 0 1560 4990 6284 6285 7601 6952 5381 2101 1729 7546 5029 7316 6460 3063 1177 5892 4893 4760 2385 1921 6996 4560 1946 1312 1970 3844 6310 4672 2405 6097 6076 2147 4028 1946 3558 2415 4571 6167 5617 2354 3270 7400 5400 1893 3832 4000 5838 7011 5009 6048 2806 4985 
49 3000 2539 1619 3848 3416 5843 636 3122 2276 3876 3218 5218 5878 4518 1288 460 5392 3252 4354 5298 4446 2830 3883 3810 1180 5120 1490 3721 3092 5603 891 5082 2291 2236 717 1788 6555 1283 2686 4945 2500 3695 6004 4396 5652 3398 3576 4933 1560 0 4714 4784 5195 6293 5824 4918 2494 182 6299 3940 5952 5010 3124 2576 4832 4079 3323 3137 2838 6559 3014 2095 291 2676 2542 5219 3925 992 5121 4542 2413 3254 3123 3384 1416 3182 5129 4111 816 1915 5939 4972 815 2400 3459 4516 5568 3462 4958 3361 4361 
50 3000 2303 5060 2062 3129 1143 5305 3365 6449 951 2522 1221 2386 215 3588 4505 1716 6529 1592 4544 4021 3578 3563 1017 3897 4631 3863 5624 7040 5769 5590 443 2935 3427 4001 4721 5574 5857 3152 327 2773 6502 4574 412 3275 4197 1239 880 4990 4714 0 5495 3213 5050 3772 685 2989 4643 4709 2747 5165 5169 1981 4702 2904 1757 4268 3242 3670 2035 5093 3045 4865 3358 6669 3230 1563 5397 2675 5747 2886 1880 4178 1432 6069 3952 2948 5156 5001 3755 5886 604 3914 6244 1364 4052 5478 6235 3092 2743 1124 
51 3000 5147 6353 3435 2451 6355 4782 6767 4171 5420 3134 4849 4440 5459 5076 4331 4549 2990 3952 1583 1538 6663 1935 5404 3807 1309 3466 1383 4034 873 5300 5915 5648 6033 4668 6395 2248 4708 6247 5437 3393 2426 2379 5103 3271 7451 5318 6302 6284 4784 5495 0 2882 2317 2961 5064 5928 4602 2637 2749 1762 604 5641 7043 2916 3742 1600 6700 6726 6022 1854 5525 5071 6388 4167 2885 3938 4349 3360 546 5742 3855 7232 5271 4988 1883 3094 673 4144 3082 1238 5188 4442 3659 4458 1532 1002 2344 2813 6543 4392 
52 3000 4061 6364 1642 1804 3774 5534 5721 5813 3575 2043 2215 1563 3270 4739 4774 1799 5168 1691 1477 1427 5770 1540 3594 4017 1665 3735 3692 6051 2814 6012 3546 4775 5295 4698 6208 2361 5802 5289 3032 2757 4826 1362 2917 496 6553 3630 4094 6285 5195 3213 2882 0 1837 683 2602 4994 5035 1525 1263 1990 2361 4267 6584 405 1694 2539 5617 5856 3187 3560 4749 5465 5485 5931 25 1982 5320 566 3330 4814 2411 6419 3689 6087 2406 270 2888 4954 3343 2831 2723 4487 5396 2790 1403 2476 4627 237 5261 2142 
53 3000 5698 7678 3347 3004 5548 6482 7391 6275 5382 3524 4007 3118 5107 6139 5838 3548 5250 3517 1004 1847 7396 2440 5396 5142 1231 4810 3618 6268 1706 6996 5375 6369 6861 5944 7598 542 6581 6924 4861 4139 4726 477 4753 1863 8195 5410 5931 7601 6293 5050 2317 1837 0 1351 4429 6614 6116 465 2759 567 1730 5992 8085 2179 3480 3056 7295 7477 4756 3852 6311 6582 7108 6319 1820 3762 6147 2382 2864 6427 4072 8034 5448 6873 3125 2102 2746 5847 4382 1496 4548 5716 5786 4539 1777 1390 4615 1982 6985 3976 
54 3000 4743 7030 2323 2410 4203 6134 6398 6295 4210 2714 2676 1772 3850 5413 5394 2204 5531 2320 1394 1726 6451 2038 4233 4644 1655 4349 3976 6465 2687 6622 4068 5458 5979 5350 6883 1893 6365 5970 3558 3419 5126 892 3509 514 7233 4282 4649 6952 5824 3772 2961 683 1351 0 3125 5677 5660 948 1922 1670 2379 4937 7267 1088 2357 2972 6293 6538 3421 3958 5433 6099 6167 6393 658 2644 5891 1110 3466 5497 3094 7101 4350 6654 2896 882 3118 5538 3944 2616 3240 5136 5854 3458 1678 2334 4951 911 5929 2750 
55 3000 2687 5454 1707 2815 1300 5473 3944 6461 1478 2298 541 1703 833 3898 4653 1031 6389 1114 3991 3548 4128 3162 1535 3979 4104 3886 5341 6990 5259 5807 945 3381 3900 4223 5146 4960 5979 3678 433 2716 6294 3951 636 2620 4790 1714 1535 5381 4918 685 5064 2602 4429 3125 0 3478 4824 4069 2331 4580 4688 2492 5210 2327 1361 3973 3822 4220 1644 4876 3463 5101 3888 6664 2617 1265 5501 2047 5363 3352 1793 4749 1884 6212 3674 2333 4790 5098 3706 5349 125 4103 6206 1459 3571 4953 6035 2506 3343 724 
56 3000 934 2161 3353 3691 3953 3122 840 4731 2040 3095 3955 4971 2774 1238 2571 4326 5449 3508 5759 4941 781 4303 1975 2461 5693 2705 5329 5515 6565 3180 3214 283 445 1892 1774 7032 3776 320 3301 2576 5727 6200 2844 5312 1582 1769 2835 2101 2494 2989 5928 4994 6614 5677 3478 0 2531 6442 3858 6472 5903 1009 1732 4589 3365 4333 785 864 5024 4604 451 2489 493 4994 5019 3093 3456 4660 5904 189 2583 1425 1594 3881 4045 4811 5335 3163 2959 6825 3472 1989 4760 2295 5003 6399 5459 4776 867 3245 
57 3000 2509 1790 3711 3250 5776 665 3192 2207 3823 3071 5110 5746 4450 1303 279 5271 3121 4229 5120 4269 2911 3710 3758 1017 4940 1319 3547 3010 5421 1009 5019 2314 2301 682 1940 6375 1276 2740 4865 2359 3547 5830 4314 5496 3507 3526 4892 1729 182 4643 4602 5035 6116 5660 4824 2531 0 6125 3784 5772 4828 3109 2718 4675 3950 3141 3201 2925 6461 2837 2117 473 2743 2471 5059 3805 925 4972 4363 2438 3136 3234 3336 1443 3002 4974 3930 687 1741 5757 4881 728 2296 3366 4339 5386 3309 4799 3399 4252 
58 3000 5515 7624 3120 2930 5149 6531 7198 6445 5101 3381 3625 2687 4779 6050 5850 3152 5495 3216 1147 1888 7223 2415 5119 5130 1420 4808 3872 6494 2113 7039 5014 6208 6713 5903 7518 983 6676 6746 4503 4037 5003 304 4432 1462 8017 5150 5588 7546 6299 4709 2637 1525 465 948 4069 6442 6125 0 2592 969 2034 5767 7966 1903 3212 3157 7097 7307 4314 4030 6162 6584 6936 6506 1504 3499 6226 2035 3181 6258 3870 7867 5202 6968 3180 1774 2990 5906 4384 1937 4185 5679 5968 4297 1821 1778 4872 1706 6763 3663 
59 3000 2939 5108 700 648 3631 4304 4632 4744 2778 797 2196 2214 2720 3494 3527 2024 4318 1218 1970 1293 4640 830 2775 2767 1980 2499 3069 5091 3061 4770 3165 3618 4120 3434 4966 3198 4613 4166 2691 1496 4106 2342 2360 1712 5437 2742 3569 5029 3940 2747 2749 1263 2759 1922 2331 3858 3784 2592 0 2670 2436 3253 5379 891 992 1722 4536 4722 3518 2716 3570 4207 4352 4893 1287 1201 4124 1229 3031 3672 1324 5280 2747 4893 1470 1191 2461 3745 2127 3223 2454 3224 4374 1851 1334 2799 3867 1025 4240 1643 
60 3000 5575 7392 3319 2794 5763 6097 7272 5791 5399 3382 4205 3427 5199 5901 5493 3777 4720 3588 713 1560 7250 2194 5406 4827 833 4487 3089 5748 1146 6617 5519 6215 6687 5654 7341 602 6156 6787 5006 3935 4181 812 4837 2145 8053 5395 6040 7316 5952 5165 1762 1990 567 1670 4580 6472 5772 969 2670 0 1189 5922 7870 2261 3503 2655 7181 7328 5081 3374 6141 6243 6962 5823 1978 3774 5737 2555 2307 6283 3994 7876 5413 6447 2770 2260 2230 5457 4060 976 4704 5423 5294 4508 1492 823 4080 2076 6905 4058 
61 3000 5070 6532 3136 2272 5962 5079 6734 4633 5190 2950 4427 3925 5153 5155 4551 4091 3531 3592 989 1148 6660 1687 5181 3955 725 3609 1900 4561 663 5601 5573 5629 6051 4811 6534 1722 5073 6223 5081 3329 2995 1775 4791 2718 7458 5119 6004 6460 5010 5169 604 2361 1730 2379 4688 5903 4828 2034 2436 1189 0 5516 7136 2448 3414 1699 6657 6729 5537 2238 5524 5301 6378 4652 2362 3637 4681 2872 1146 5714 3652 7254 5093 5360 1912 2592 1056 4435 3198 944 4814 4580 4129 4238 1118 558 2891 2323 6456 4049 
62 3000 637 3128 2648 3244 2959 3759 1497 5210 1033 2577 2987 4050 1766 1854 3063 3387 5692 2667 5218 4459 1641 3844 969 2701 5197 2838 5275 5934 6177 3924 2211 990 1450 2427 2763 6449 4385 1185 2295 2266 5862 5550 1856 4528 2351 778 1881 3063 3124 1981 5641 4267 5992 4937 2492 1009 3109 5767 3253 5922 5516 0 2726 3871 2580 4104 1382 1734 4016 4592 1138 3198 1395 5461 4290 2294 3993 3868 5709 920 1928 2276 628 4540 3788 4055 5113 3641 2957 6397 2478 2432 5144 1478 4515 5967 5586 4066 995 2340 
63 3000 2607 1170 4963 5085 5604 3021 1494 4736 3759 4585 5687 6687 4489 1982 2917 6050 5827 5195 7163 6310 1179 5676 3695 3249 7054 3583 6171 5571 7781 2788 4891 1868 1331 2403 813 8454 3617 1551 5019 3946 6264 7703 4575 6942 1098 3498 4440 1177 2576 4702 7043 6584 8085 7267 5210 1732 2718 7966 5379 7870 7136 2726 0 6180 5025 5461 1603 1099 6736 5437 1850 2382 1350 4997 6609 4766 3510 6303 6903 1872 4195 858 3326 3588 5224 6425 6395 3393 3961 8080 5201 2618 4945 3994 6377 7670 6024 6356 2114 4962 
64 3000 3656 5971 1237 1481 3553 5191 5319 5551 3205 1653 1997 1567 2943 4342 4418 1642 4989 1339 1667 1390 5365 1330 3221 3658 1803 3387 3581 5834 2967 5660 3260 4370 4890 4317 5810 2686 5484 4884 2749 2372 4692 1713 2584 820 6150 3247 3780 5892 4832 2904 2916 405 2179 1088 2327 4589 4675 1903 891 2261 2448 3871 6180 0 1309 2345 5215 5451 3106 3372 4344 5098 5080 5682 430 1596 4998 464 3319 4409 2006 6015 3299 5767 2170 306 2828 4624 3007 3030 2452 4110 5153 2396 1387 2645 4477 198 4866 1804 
65 3000 2436 4971 352 1457 2659 4552 4053 5302 1903 1020 1335 1803 1741 3327 3731 1344 5089 306 2842 2265 4127 1817 1916 2989 2901 2812 3982 5759 4022 4960 2172 3171 3704 3456 4750 3972 4973 3645 1702 1620 4956 3019 1378 1954 4895 1937 2593 4893 4079 1757 3742 1694 3480 2357 1361 3365 3950 3212 992 3503 3414 2580 5025 1309 0 2615 3945 4216 2729 3540 3174 4310 3847 5484 1717 287 4481 1296 4014 3193 865 4779 1995 5232 2321 1475 3435 4081 2544 4158 1480 3284 4997 1102 2298 3742 4702 1507 3572 653 
66 3000 3578 4832 2266 1158 5265 3442 5174 3327 4015 1755 3904 3873 4188 3486 2862 3745 2644 2890 2053 1284 5064 1014 3989 2257 1836 1910 1367 3512 2325 3962 4708 4052 4433 3114 4840 3255 3527 4652 4282 1838 2385 2853 3857 3032 5851 3869 4994 4760 3323 4268 1600 2539 3056 2972 3973 4333 3141 3157 1722 2655 1699 4104 5461 2345 2615 0 5110 5126 5241 1027 3927 3615 4789 3421 2556 2729 3091 2795 1604 4149 2458 5632 3795 3819 326 2628 1011 2802 1504 2640 4089 2884 2881 3065 1347 2252 2152 2355 4974 3253 
67 3000 1606 2425 3980 4422 4051 3742 123 5407 2344 3799 4337 5424 3037 1955 3276 4756 6198 4045 6470 5668 437 5034 2289 3233 6419 3486 6115 6210 7321 3719 3370 1069 901 2604 1992 7730 4397 486 3568 3329 6496 6867 3192 5898 972 2137 2870 2385 3137 3242 6700 5617 7295 6293 3822 785 3201 7097 4536 7181 6657 1382 1603 5215 3945 5110 0 507 5251 5389 1228 3082 463 5672 5640 3661 4123 5239 6686 963 3227 938 2007 4469 4817 5415 6114 3861 3745 7572 3792 2728 5473 2844 5729 7144 6230 5407 522 3722 
68 3000 1795 1954 4214 4541 4525 3414 407 5113 2746 3955 4721 5776 3461 1773 3037 5119 5996 4345 6615 5790 92 5151 2687 3107 6543 3394 6043 5930 7389 3339 3828 1112 704 2388 1518 7891 4064 571 3994 3414 6338 7064 3585 6167 729 2511 3352 1921 2838 3670 6726 5856 7477 6538 4220 864 2925 7307 4722 7328 6729 1734 1099 5451 4216 5126 507 0 5695 5309 1205 2745 371 5379 5880 3940 3830 5512 6670 1050 3446 563 2359 4110 4850 5669 6116 3604 3697 7658 4199 2546 5219 3132 5853 7234 6077 5638 1015 4057 
69 3000 4296 7068 3070 4119 1373 7106 5374 8015 2984 3748 1401 1654 2249 5536 6282 1502 7802 2424 4659 4494 5604 4295 3049 5591 4852 5471 6580 8488 5999 7449 1892 4960 5460 5867 6742 5294 7595 5185 1723 4278 7623 4312 2224 2936 6188 3262 2485 6996 6559 2035 6022 3187 4756 3421 1644 5024 6461 4314 3518 5081 5537 4016 6736 3106 2729 5241 5251 5695 0 6223 5060 6744 5390 8204 3190 2755 7112 2666 6418 4916 3375 6189 3450 7835 4979 2946 5900 6708 5248 5992 1604 5743 7723 3101 4493 5657 7381 3215 4740 2240 
70 3000 3998 4623 3188 2104 6146 2944 5432 2423 4703 2586 4861 4895 4987 3555 2582 4738 1617 3831 2886 2236 5261 2042 4665 2214 2628 1915 737 2507 2722 3459 5537 4321 4605 3035 4723 3946 2854 4908 5148 2417 1417 3729 4680 4050 6005 4510 5747 4560 3014 5093 1854 3560 3852 3958 4876 4604 2837 4030 2716 3374 2238 4592 5437 3372 3540 1027 5389 5309 6223 0 4163 3292 5009 2476 3576 3611 2498 3822 1535 4434 3221 5759 4401 3137 1246 3655 1201 2315 1656 3082 4986 2828 1938 3800 2289 2778 1162 3380 5349 4152 
71 3000 782 2015 3119 3348 4079 2730 1270 4305 2102 2787 3904 4857 2831 814 2138 4236 4999 3349 5428 4595 1138 3956 2034 2010 5348 2258 4891 5081 6184 2833 3321 196 550 1461 1684 6710 3378 745 3340 2214 5276 5910 2842 5096 1934 1807 3019 1946 2095 3045 5525 4749 6311 5433 3463 451 2117 6162 3570 6141 5524 1138 1850 4344 3174 3927 1228 1205 5060 4163 0 2121 863 4567 4774 2917 3038 4454 5483 321 2348 1738 1613 3500 3646 4582 4921 2731 2524 6453 3473 1545 4320 2159 4660 6031 5008 4524 1297 3140 
72 3000 2640 1365 4091 3693 5984 670 3055 2386 4002 3473 5420 6112 4665 1344 752 5611 3452 4579 5588 4735 2746 4169 3935 1458 5411 1776 3992 3216 5893 731 5220 2312 2189 877 1577 6846 1319 2651 5108 2752 3922 6290 4561 5918 3262 3699 5038 1312 291 4865 5071 5465 6582 6099 5101 2489 473 6584 4207 6243 5301 3198 2382 5098 4310 3615 3082 2745 6744 3292 2121 0 2619 2651 5489 4145 1130 5378 4822 2430 3473 2984 3504 1393 3473 5393 4398 1041 2202 6229 5149 1026 2563 3643 4805 5859 3696 5228 3347 4565 
73 3000 1424 2016 3843 4178 4256 3279 450 4948 2421 3587 4380 5422 3146 1518 2827 4769 5764 3981 6249 5428 288 4789 2360 2826 6181 3097 5741 5754 7039 3259 3540 750 443 2160 1591 7524 3934 210 3678 3056 6079 6694 3251 5798 1090 2174 3099 1970 2676 3358 6388 5485 7108 6167 3888 493 2743 6936 4352 6962 6378 1395 1350 5080 3847 4789 463 371 5390 5009 863 2619 0 5214 5509 3573 3663 5143 6346 680 3074 934 2014 4006 4507 5299 5784 3408 3381 7303 3872 2296 5022 2767 5491 6879 5815 5267 838 3700 
74 3000 4830 3873 5158 4245 7806 1986 5661 266 5995 4465 6802 7102 6507 3757 2429 6806 1327 5790 5362 4691 5372 4391 5938 2811 5101 2805 2786 578 5030 2244 7090 4763 4772 3105 4183 6375 1384 5211 6822 3947 1987 6206 6286 6428 5914 5724 7098 3844 2542 6669 4167 5931 6319 6393 6664 4994 2471 6506 4893 5823 4652 5461 4997 5682 5484 3421 5672 5379 8204 2476 4567 2651 5214 0 5950 5451 1550 6099 3697 4888 4871 5636 5555 1483 3525 5983 3596 1836 2961 5395 6751 3045 540 5306 4748 5158 1919 5728 5860 5981 
75 3000 4085 6389 1666 1827 3785 5558 5745 5832 3596 2068 2227 1563 3288 4764 4798 1807 5183 1711 1472 1437 5794 1559 3615 4041 1663 3759 3704 6068 2810 6035 3562 4800 5320 4722 6233 2345 5824 5313 3048 2782 4839 1344 2936 478 6577 3652 4111 6310 5219 3230 2885 25 1820 658 2617 5019 5059 1504 1287 1978 2362 4290 6609 430 1717 2556 5640 5880 3190 3576 4774 5489 5509 5950 0 2005 5342 577 3336 4838 2436 6444 3712 6110 2425 284 2898 4977 3366 2824 2738 4512 5415 2813 1412 2471 4640 262 5285 2162 
76 3000 2168 4750 503 1576 2540 4423 3771 5259 1626 1033 1355 1993 1521 3111 3598 1466 5126 445 3105 2492 3851 2003 1635 2872 3151 2724 4094 5752 4257 4812 1993 2906 3441 3281 4516 4251 4872 3369 1553 1527 5029 3303 1164 2236 4615 1650 2368 4672 3925 1563 3938 1982 3762 2644 1265 3093 3805 3499 1201 3774 3637 2294 4766 1596 287 2729 3661 3940 2755 3611 2917 4145 3573 5451 2005 0 4383 1577 4184 2924 672 4502 1707 5123 2421 1762 3595 3980 2492 4405 1374 3120 4977 817 2530 3986 4770 1794 3285 544 
77 3000 3376 2447 4198 3519 6540 518 4111 1285 4633 3513 5728 6232 5216 2224 930 5825 2349 4778 5144 4337 3822 3863 4572 1522 4926 1670 3122 2101 5210 982 5795 3234 3222 1583 2702 6333 493 3664 5593 2862 2864 5922 5043 5804 4381 4346 5723 2405 992 5397 4349 5320 6147 5891 5501 3456 925 6226 4124 5737 4681 3993 3510 4998 4481 3091 4123 3830 7112 2498 3038 1130 3663 1550 5342 4383 0 5351 4017 3359 3739 4104 4164 769 3046 5304 3685 404 1998 5565 5572 1562 1434 4068 4405 5235 2661 5092 4324 4875 
78 3000 3728 6176 1350 1864 3208 5515 5348 5960 3104 1904 1649 1103 2744 4533 4724 1239 5439 1218 2029 1847 5424 1783 3129 3962 2198 3712 4044 6268 3358 5970 2993 4459 4990 4568 5986 2913 5841 4941 2479 2627 5152 1904 2400 660 6192 3188 3555 6097 5121 2675 3360 566 2382 1110 2047 4660 4972 2035 1229 2555 2872 3868 6303 464 1296 2795 5239 5512 2666 3822 4454 5378 5143 6099 577 1577 5351 0 3776 4486 2109 6075 3268 6120 2605 297 3291 4969 3352 3390 2167 4371 5574 2394 1839 3025 4935 549 4855 1640 
79 3000 5177 6142 3688 2633 6662 4475 6744 3721 5586 3297 5192 4871 5692 4967 4102 4927 2479 4249 2107 1929 6613 2201 5564 3654 1828 3324 927 3528 1343 4987 6176 5621 5969 4505 6219 2779 4341 6219 5716 3443 1893 2919 5344 3745 7386 5456 6521 6076 4542 5747 546 3330 2864 3466 5363 5904 4363 3181 3031 2307 1146 5709 6903 3319 4014 1604 6686 6670 6418 1535 5483 4822 6346 3697 3336 4184 4017 3776 0 5722 4017 7155 5390 4613 1924 3523 603 3850 2977 1705 5486 4286 3205 4626 1938 1530 1831 3237 6570 4668 
80 3000 757 2210 3173 3502 3879 3047 1025 4627 1935 2906 3818 4818 2671 1135 2460 4178 5309 3343 5570 4751 969 4113 1869 2309 5504 2542 5157 5402 6376 3134 3131 126 548 1783 1843 6843 3697 509 3193 2387 5574 6014 2721 5137 1770 1654 2784 2147 2413 2886 5742 4814 6427 5497 3352 189 2438 6258 3672 6283 5714 920 1872 4409 3193 4149 963 1050 4916 4434 321 2430 680 4888 4838 2924 3359 4486 5722 0 2402 1609 1471 3814 3859 4633 5152 3053 2785 6635 3351 1863 4639 2133 4814 6210 5304 4594 978 3092 
81 3000 1650 4106 771 1404 2976 3760 3327 4668 1569 722 1990 2656 1766 2462 2934 2137 4652 1110 3291 2555 3360 1965 1550 2220 3280 2099 3785 5205 4303 4142 2323 2365 2890 2609 3891 4521 4224 2880 1976 923 4624 3640 1471 2747 4148 1467 2541 4028 3254 1880 3855 2411 4072 3094 1793 2583 3136 3870 1324 3994 3652 1928 4195 2006 865 2458 3227 3446 3375 3221 2348 3473 3074 4871 2436 672 3739 2109 4017 2402 0 4008 1443 4470 2133 2235 3415 3335 1915 4501 1880 2448 4417 609 2606 4071 4356 2192 2916 1135 
82 3000 2358 1958 4777 5086 4980 3651 814 5371 3270 4510 5257 6325 3972 2204 3383 5664 6347 4905 7164 6334 651 5694 3214 3546 7086 3850 6497 6201 7912 3498 4307 1664 1203 2771 1542 8443 4282 1134 4504 3953 6726 7623 4115 6730 278 3049 3796 1946 3123 4178 7232 6419 8034 7101 4749 1425 3234 7867 5280 7876 7254 2276 858 6015 4779 5632 938 563 6189 5759 1738 2984 934 5636 6444 4502 4104 6075 7155 1609 4008 0 2904 4292 5363 6233 6611 3921 4177 8187 4722 2952 5524 3693 6398 7766 6472 6201 1453 4610 
83 3000 881 3628 2102 2829 2497 4000 2124 5315 502 2145 2367 3421 1218 2188 3240 2760 5638 2056 4718 3998 2266 3406 434 2745 4719 2807 5045 5988 5746 4234 1732 1510 2018 2666 3292 5920 4594 1803 1728 1993 5737 4997 1250 3928 2978 198 1559 3558 3384 1432 5271 3689 5448 4350 1884 1594 3336 5202 2747 5413 5093 628 3326 3299 1995 3795 2007 2359 3450 4401 1613 3504 2014 5555 3712 1707 4164 3268 5390 1471 1443 2904 0 4779 3470 3468 4788 3785 2834 5944 1880 2618 5188 908 4049 5515 5461 3496 1589 1715 
84 3000 3949 2435 4956 4287 7207 782 4437 1250 5264 4275 6460 6993 5880 2701 1565 6574 2628 5526 5872 5080 4118 4622 5200 2251 5647 2428 3694 2057 5858 800 6453 3694 3580 2120 2782 7037 292 4044 6280 3612 3231 6664 5729 6573 4570 4968 6335 2415 1416 6069 4988 6087 6873 6654 6212 3881 1443 6968 4893 6447 5360 4540 3588 5767 5232 3819 4469 4110 7835 3137 3500 1393 4006 1483 6110 5123 769 6120 4613 3814 4470 4292 4779 0 3794 6073 4338 1156 2767 6219 6277 2164 1638 4765 5147 5908 3075 5860 4740 5604 
85 3000 3271 4645 1969 867 4961 3358 4884 3409 3689 1434 3626 3661 3869 3243 2722 3492 2851 2603 2124 1292 4785 867 3662 2068 1937 1723 1674 3664 2558 3871 4393 3765 4162 2913 4629 3373 3502 4365 3974 1523 2645 2877 3540 2903 5576 3543 4671 4571 3182 3952 1883 2406 3125 2896 3674 4045 3002 3180 1470 2770 1912 3788 5224 2170 2321 326 4817 4850 4979 1246 3646 3473 4507 3525 2425 2421 3046 2605 1924 3859 2133 5363 3470 3794 0 2465 1326 2728 1301 2855 3788 2681 2991 2740 1361 2451 2401 2204 4668 2951 
86 3000 3877 6246 1463 1788 3504 5494 5522 5854 3334 1935 1945 1347 3009 4612 4719 1535 5271 1445 1734 1600 5582 1615 3355 3958 1909 3690 3835 6127 3065 5962 3277 4599 5125 4605 6075 2629 5790 5100 2763 2658 4957 1625 2659 529 6359 3400 3829 6167 5129 2948 3094 270 2102 882 2333 4811 4974 1774 1191 2260 2592 4055 6425 306 1475 2628 5415 5669 2946 3655 4582 5393 5299 5983 284 1762 5304 297 3523 4633 2235 6233 3468 6073 2465 0 3057 4930 3312 3093 2454 4400 5452 2577 1586 2731 4748 288 5048 1888 
87 3000 4590 5685 3103 2035 6090 4111 6176 3577 4983 2695 4642 4394 5097 4438 3659 4401 2507 3679 1852 1461 6055 1633 4961 3151 1573 2812 882 3522 1525 4631 5589 5053 5418 4010 5735 2778 4054 5652 5135 2848 2024 2703 4752 3335 6836 4853 5923 5617 4111 5156 673 2888 2746 3118 4790 5335 3930 2990 2461 2230 1056 5113 6395 2828 3435 1011 6114 6116 5900 1201 4921 4398 5784 3596 2898 3595 3685 3291 603 5152 3415 6611 4788 4338 1326 3057 0 3472 2441 1882 4911 3785 3073 4024 1486 1581 1882 2769 5985 4088 
88 3000 3016 2407 3801 3150 6144 643 3859 1578 4249 3118 5324 5837 4821 1925 593 5424 2436 4377 4843 4020 3587 3522 4188 1118 4636 1272 2987 2352 4991 1165 5401 2927 2964 1271 2602 6056 892 3391 5193 2461 2883 5604 4643 5435 4194 3964 5343 2354 816 5001 4144 4954 5847 5538 5098 3163 687 5906 3745 5457 4435 3641 3393 4624 4081 2802 3861 3604 6708 2315 2731 1041 3408 1836 4977 3980 404 4969 3850 3053 3335 3921 3785 1156 2728 4930 3472 0 1618 5340 5169 1212 1616 3667 4089 4993 2655 4724 4027 4470 
89 3000 2350 3344 2235 1539 4878 2192 3794 2767 3198 1539 3847 4249 3611 1997 1465 3883 2813 2848 3392 2534 3643 1969 3151 768 3226 428 2372 3291 3829 2679 4189 2675 2994 1614 3336 4661 2489 3268 3883 992 2912 4088 3358 3820 4410 2968 4287 3270 1915 3755 3082 3343 4382 3944 3706 2959 1741 4384 2127 4060 3198 2957 3961 3007 2544 1504 3745 3697 5248 1656 2524 2202 3381 2961 3366 2492 1998 3352 2977 2785 1915 4177 2834 2767 1301 3312 2441 1618 0 4141 3795 1383 2502 2394 2605 3745 2636 3111 3693 3020 
90 3000 5976 7472 3916 3159 6581 5982 7651 5406 6001 3820 5023 4340 5894 6098 5481 4629 4183 4294 1364 1946 7587 2553 5998 4897 1256 4551 2610 5233 365 6503 6268 6554 6985 5754 7478 1196 5936 7145 5762 4248 3581 1787 5530 3064 8387 5955 6745 7400 5939 5886 1238 2831 1496 2616 5349 6825 5757 1937 3223 976 944 6397 8080 3030 4158 2640 7572 7658 5992 3082 6453 6229 7303 5395 2824 4405 5565 3390 1705 6635 4501 8187 5944 6219 2855 3093 1882 5340 4141 0 5475 5524 4893 5066 1896 430 3535 2866 7352 4763 
91 3000 2701 5472 1824 2931 1179 5534 3914 6546 1453 2404 620 1785 773 3931 4715 1121 6492 1237 4116 3674 4107 3284 1512 4051 4230 3966 5457 7083 5385 5860 828 3385 3898 4273 5157 5080 6047 3663 322 2804 6403 4070 631 2733 4756 1703 1432 5400 4972 604 5188 2723 4548 3240 125 3472 4881 4185 2454 4704 4814 2478 5201 2452 1480 4089 3792 4199 1604 4986 3473 5149 3872 6751 2738 1374 5572 2167 5486 3351 1880 4722 1880 6277 3788 2454 4911 5169 3795 5475 0 4158 6297 1515 3697 5079 6144 2629 3305 837 
92 3000 1814 1968 3070 2754 5048 1392 2743 2788 3100 2468 4404 5086 3721 777 631 4585 3470 3553 4741 3878 2512 3277 3036 634 4591 976 3565 3544 5209 1706 4291 1737 1860 231 1956 6023 1976 2245 4138 1744 3792 5391 3587 4928 3208 2805 4177 1893 815 3914 4442 4487 5716 5136 4103 1989 728 5679 3224 5423 4580 2432 2618 4110 3284 2884 2728 2546 5743 2828 1545 1026 2296 3045 4512 3120 1562 4371 4286 1863 2448 2952 2618 2164 2681 4400 3785 1212 1383 5524 4158 0 2776 2644 3948 5128 3531 4249 2842 3547 
93 3000 4507 3871 4665 3726 7374 1935 5473 516 5611 3976 6322 6587 6089 3526 2196 6309 990 5303 4825 4150 5203 3856 5556 2452 4565 2395 2284 801 4527 2300 6672 4513 4579 2871 4136 5851 1449 4999 6383 3494 1610 5667 5853 5893 5799 5350 6714 3832 2400 6244 3659 5396 5786 5854 6206 4760 2296 5968 4374 5294 4129 5144 4945 5153 4997 2881 5473 5219 7723 1938 4320 2563 5022 540 5415 4977 1434 5574 3205 4639 4417 5524 5188 1638 2991 5452 3073 1616 2502 4893 6297 2776 0 4879 4207 4642 1488 5195 5617 5513 
94 3000 1386 4076 1194 2008 2499 4019 2954 5089 962 1330 1802 2698 1217 2473 3201 2085 5184 1213 3818 3122 3042 2553 946 2553 3830 2502 4383 5676 4882 4348 1795 2126 2663 2765 3806 5012 4539 2561 1526 1421 5191 4089 981 3053 3800 890 1948 4000 3459 1364 4458 2790 4539 3458 1459 2295 3366 4297 1851 4508 4238 1478 3994 2396 1102 3065 2844 3132 3101 3800 2159 3643 2767 5306 2813 817 4068 2394 4626 2133 609 3693 908 4765 2740 2577 4024 3667 2394 5066 1515 2644 4879 0 3170 4639 4920 2592 2471 987 
95 3000 4124 5914 2033 1312 4850 4718 5815 4666 4109 1940 3326 2932 4040 4409 4061 3017 3852 2473 793 70 5778 704 4104 3367 690 3033 2312 4794 1727 5229 4454 4742 5204 4177 5853 2082 4855 5321 3962 2448 3458 1517 3677 1851 6581 4059 4891 5838 4516 4052 1532 1403 1777 1678 3571 5003 4339 1821 1334 1492 1118 4515 6377 1387 2298 1347 5729 5853 4493 2289 4660 4805 5491 4748 1412 2530 4405 1839 1938 4814 2606 6398 4049 5147 1361 1586 1486 4089 2605 1896 3697 3948 4207 3170 0 1469 3276 1299 5481 2930 
96 3000 5547 7084 3494 2729 6198 5637 7224 5151 5576 3390 4643 4012 5481 5688 5108 4264 3993 3887 998 1517 7163 2123 5573 4506 849 4159 2380 5036 352 6158 5866 6129 6564 5359 7079 1249 5622 6719 5362 3823 3423 1574 5117 2750 7964 5527 6333 7011 5568 5478 1002 2476 1390 2334 4953 6399 5386 1778 2799 823 558 5967 7670 2645 3742 2252 7144 7234 5657 2778 6031 5859 6879 5158 2471 3986 5235 3025 1530 6210 4071 7766 5515 5908 2451 2731 1581 4993 3745 430 5079 5128 4642 4639 1469 0 3346 2490 6922 4354 
97 3000 4967 5061 4350 3264 7300 3176 6257 1993 5796 3741 6022 6022 6121 4305 3110 5891 648 4993 3734 3234 6042 3153 5755 2997 3455 2773 1000 1698 3174 3629 6678 5184 5386 3701 5249 4591 2843 5743 6300 3512 276 4586 5823 5105 6734 5585 6861 5009 3462 6235 2344 4627 4615 4951 6035 5459 3309 4872 3867 4080 2891 5586 6024 4477 4702 2152 6230 6077 7381 1162 5008 3696 5815 1919 4640 4770 2661 4935 1831 5304 4356 6472 5461 3075 2401 4748 1882 2655 2636 3535 6144 3531 1488 4920 3276 3346 0 4466 6259 5311 
98 3000 3843 6127 1427 1574 3715 5301 5511 5605 3404 1807 2156 1633 3135 4504 4539 1777 4994 1535 1502 1312 5553 1345 3419 3781 1656 3501 3548 5861 2818 5777 3443 4553 5071 4460 5974 2491 5575 5072 2930 2519 4672 1514 2778 713 6339 3445 3970 6048 4958 3092 2813 237 1982 911 2506 4776 4799 1706 1025 2076 2323 4066 6356 198 1507 2355 5407 5638 3215 3380 4524 5228 5267 5728 262 1794 5092 549 3237 4594 2192 6201 3496 5860 2204 288 2769 4724 3111 2866 2629 4249 5195 2592 1299 2490 4466 0 5061 1998 
99 3000 1396 2853 3644 4192 3529 3986 643 5598 1871 3541 3866 4974 2542 2103 3434 4300 6282 3646 6198 5424 935 4800 1822 3273 6168 3487 6061 6378 7118 4024 2854 1104 1185 2756 2429 7438 4641 719 3070 3150 6531 6545 2719 5515 1454 1694 2348 2806 3361 2743 6543 5261 6985 5929 3343 867 3399 6763 4240 6905 6456 995 2114 4866 3572 4974 522 1015 4740 5349 1297 3347 838 5860 5285 3285 4324 4855 6570 978 2916 1453 1589 4740 4668 5048 5985 4027 3693 7352 3305 2842 5617 2471 5481 6922 6259 5061 0 3294 
100 3000 2361 5062 990 2095 2013 4886 3838 5786 1476 1577 858 1725 1140 3448 4060 1098 5671 470 3425 2901 3965 2470 1508 3355 3507 3231 4620 6291 4645 5252 1525 3096 3632 3691 4793 4489 5360 3491 1048 2041 5569 3503 780 2284 4692 1600 1986 4985 4361 1124 4392 2142 3976 2750 724 3245 4252 3663 1643 4058 4049 2340 4962 1804 653 3253 3722 4057 2240 4152 3140 4565 3700 5981 2162 544 4875 1640 4668 3092 1135 4610 1715 5604 2951 1888 4088 4470 3020 4763 837 3547 5513 987 2930 4354 5311 1998 3294 0 
