FILE: 1711EuclS.txt
100 100 0 
1 3000 0 4613 6315 5968 5727 1534 4167 4737 955 5983 5395 4864 5362 6126 5970 490 6635 5459 1414 3655 6243 5611 6129 6273 2787 4535 6394 1036 2370 5315 6074 6433 5834 2623 4402 4352 2755 5283 2161 4774 6487 3891 1963 3554 2171 6901 3078 5398 3823 4514 2435 2922 2913 3488 3879 4314 7568 4947 5868 624 6101 3269 5031 5988 7237 4609 4405 904 4743 6685 3565 2865 5725 4503 5456 2091 845 6458 4569 1904 5416 1424 3113 4628 5081 2086 4009 6622 5583 829 6380 5226 3049 2606 5250 5730 4171 6627 3545 6180 
2 3000 4613 0 3715 4196 3692 3933 4708 946 5351 5508 6255 7453 5561 4527 2005 4876 6115 1089 4012 3760 5618 6646 1634 3668 6088 7435 5874 3838 5154 4226 1803 5137 2663 2444 4113 614 5143 2627 3326 2705 4271 1911 2956 3947 2949 6601 1534 2778 3749 4231 3727 5788 2083 3663 1313 1459 6179 6721 2002 4560 6209 5893 3066 1492 5865 6986 7256 5224 2896 5822 2508 1751 3206 4591 6392 5729 4642 3811 4615 5204 3194 5024 4072 5776 7947 2564 1739 4920 7812 5441 3907 3758 3189 4875 5499 6447 462 4246 4131 5358 
3 3000 6315 3715 0 1009 750 4892 3349 2776 6571 2724 4219 6372 3316 1282 2103 6765 3068 2946 6526 3013 2666 4594 3124 48 6090 6618 2905 6090 5263 1743 2603 1856 1090 3790 2563 3243 4961 1186 4172 1555 633 2619 5625 3231 4158 3570 4240 1032 2848 2560 4069 5588 3622 3111 3022 2538 2609 5227 1995 5896 3597 5449 1289 3127 2347 5881 6454 6424 1573 2622 2761 4395 613 2924 4360 6161 5822 142 2887 5660 900 7378 3708 4205 6961 4568 2602 1422 6333 6976 214 1397 3322 4798 3330 4220 3675 538 3375 2359 
4 3000 5968 4196 1009 0 511 4466 2507 3258 6085 1720 3222 5437 2318 339 2919 6441 2120 3623 6393 2404 1684 3591 3929 1015 5351 5715 1934 5907 4595 835 3423 967 1861 3640 1792 3642 4247 1587 3810 1574 636 2685 5596 2585 3899 2629 4374 1450 2228 1749 3584 4832 3567 2542 3230 2822 1997 4264 2788 5481 2591 4650 1192 3907 1673 4954 5556 5942 1454 1717 2584 4488 1091 2056 3361 5511 5372 1079 2008 5045 1002 7156 3081 3263 6028 4463 2741 756 5355 6549 859 741 2920 4122 2339 3212 4050 855 2692 1378 
5 3000 5727 3692 750 511 0 4261 2599 2751 5919 2146 3531 5632 2635 850 2432 6190 2603 3113 6056 2298 2146 3916 3434 731 5354 5871 2402 5590 4543 1021 2933 1477 1380 3296 1814 3147 4228 1076 3566 1127 767 2254 5218 2508 3605 3112 3938 939 2129 1809 3407 4848 3187 2410 2767 2340 2490 4501 2297 5273 3002 4702 761 3408 2173 5139 5706 5773 1049 2219 2239 4065 601 2176 3675 5448 5184 871 2141 4956 498 6859 2993 3472 6220 4108 2290 1232 5617 6351 707 648 2690 4074 2637 3561 3560 902 2644 1846 
6 3000 1534 3933 4892 4466 4261 0 2668 3770 1694 4460 4015 4024 3877 4609 4866 2023 5120 4552 2437 2122 4717 4279 5233 4853 2240 3837 4875 1881 1401 3788 5069 4900 4544 1533 2867 3507 1613 3946 752 3391 5009 2688 2272 2020 1003 5408 2542 4042 2292 2979 902 2083 1897 1957 2878 3210 6034 3783 4745 1014 4630 2325 3603 5102 5703 3656 3674 1546 3327 5155 2221 2390 4325 2980 4094 1798 931 5034 3045 1288 3994 2879 1590 3264 4390 1522 2846 5101 4622 2090 4936 3727 1573 1375 3767 4338 3471 5163 2018 4647 
7 3000 4167 4708 3349 2507 2599 2668 0 4013 3984 1842 1594 3090 1214 2479 4473 4656 2472 4716 5048 967 2114 1963 5280 3330 2880 3284 2239 4495 2238 1672 4890 2522 3635 2786 810 4101 1835 3020 2333 2473 3143 2801 4600 841 2671 2740 4010 3008 958 790 1835 2352 2982 1103 3399 3330 3538 2089 4322 3573 1975 2146 2368 5196 3234 2591 3115 3855 2269 2577 2207 3998 3011 459 1719 3146 3399 3465 517 2758 2657 5545 1094 1078 3667 3482 2984 2889 3226 4538 3279 1953 1719 1783 1106 1851 4345 3357 722 2113 
8 3000 4737 946 2776 3258 2751 3770 4013 0 5349 4629 5502 6917 4756 3591 1306 5076 5217 792 4410 3111 4722 5900 1466 2729 5767 6957 4981 4127 4821 3338 1337 4206 1747 2239 3343 519 4734 1682 3068 1809 3325 1266 3373 3325 2771 5710 1843 1832 3066 3450 3355 5405 1885 3048 892 689 5236 6081 1247 4559 5366 5454 2153 1341 4924 6433 6777 5210 2012 4905 1908 2055 2260 3834 5643 5510 4595 2877 3849 4968 2255 5392 3544 5091 7442 2657 1071 3976 7200 5542 2965 2855 2690 4478 4703 5667 941 3304 3517 4454 
9 3000 955 5351 6571 6085 5919 1694 3984 5349 0 5826 4988 4099 5110 6195 6512 1167 6439 6108 2353 3688 6098 5147 6787 6533 2004 3722 6215 1989 1868 5355 6675 6416 6236 3128 4386 5018 2301 5640 2442 5084 6654 4353 2887 3533 2611 6643 3838 5736 3863 4478 2511 2263 3467 3543 4463 4844 7501 4363 6396 794 5807 2635 5285 6651 7184 3907 3609 147 5013 6559 3913 3637 6012 4380 5026 1292 771 6713 4448 1321 5676 2117 3045 4227 4252 2787 4498 6675 4860 609 6606 5356 3250 2240 4997 5329 4895 6818 3472 6082 
10 3000 5983 5508 2724 1720 2146 4460 1842 4629 5826 0 1677 4080 876 1452 4561 6473 683 5143 6756 2427 277 1989 5541 2733 4568 4453 425 6216 4049 1292 5055 1043 3522 4214 1693 4905 3627 3104 4007 2820 2216 3702 6172 2461 4263 1108 5268 3004 2294 1560 3581 4042 4291 2607 4328 4051 1752 2849 4420 5401 872 3759 2495 5501 1492 3642 4318 5697 2618 749 3312 5319 2744 1480 1797 4934 5234 2778 1414 4583 2528 7334 2871 2017 4660 5010 3830 1570 3837 6379 2554 1788 3209 3610 963 1573 5258 2437 2442 437 
11 3000 5395 6255 4219 3222 3531 4015 1594 5502 4988 1677 0 2430 903 3027 5769 5866 1916 6155 6452 2557 1896 401 6664 4217 3341 2843 1820 5895 3119 2515 6228 2716 4811 4370 2159 5643 2689 4268 3837 3811 3801 4344 6116 2432 4211 1866 5603 4213 2528 2056 3301 2863 4575 2697 4959 4837 3286 1197 5620 4773 1043 2511 3596 6596 3093 2025 2726 4884 3594 2301 3779 5588 4078 1669 145 3870 4564 4300 1653 3668 3776 6816 2583 767 2999 5033 4517 3233 2165 5589 4081 2982 3308 2794 893 340 5911 4028 2291 2114 
12 3000 4864 7453 6372 5437 5632 4024 3090 6917 4099 4080 2430 0 3228 5308 7536 5229 4338 7673 6214 3835 4316 2233 8282 6359 2096 527 4250 5705 2638 4632 7928 5096 6726 5115 3898 6888 2434 6107 4295 5546 6059 5652 6285 3606 4726 4214 6365 6098 3917 3861 3791 1978 5436 3874 6163 6229 5714 1234 7386 4293 3455 1698 5458 8185 5523 499 536 4060 5349 4731 5010 6266 6089 3466 2338 2809 4062 6476 3494 2980 5741 6206 3386 2173 591 5476 5846 5590 810 4681 6272 5003 4267 2699 3169 2648 7029 6284 3413 4510 
13 3000 5362 5561 3316 2318 2635 3877 1214 4756 5110 876 903 3228 0 2129 4920 5848 1353 5366 6262 2049 1140 1281 5844 3314 3730 3585 1163 5709 3282 1626 5391 1867 3938 3912 1463 4948 2850 3420 3537 3004 2902 3669 5789 2000 3855 1541 5078 3353 1966 1337 3049 3210 4059 2218 4298 4114 2613 2006 4772 4758 764 2910 2755 5783 2366 2778 3447 4989 2787 1600 3163 5094 3192 1038 1044 4139 4573 3396 993 3829 2904 6751 2309 1141 3814 4652 3827 2366 3051 5685 3177 2108 2850 2870 112 942 5252 3129 1919 1290 
14 3000 6126 4527 1282 339 850 4609 2479 3591 6195 1452 3027 5308 2129 0 3251 6605 1800 3963 6611 2508 1383 3382 4264 1295 5353 5612 1625 6114 4637 847 3756 628 2193 3872 1834 3968 4271 1925 3980 1880 775 2975 5844 2667 4099 2307 4660 1789 2333 1768 3715 4828 3822 2660 3536 3141 1686 4113 3122 5619 2324 4623 1498 4244 1354 4834 5458 6053 1743 1383 2825 4767 1428 2020 3162 5556 5499 1328 1965 5109 1336 7348 3162 3140 5899 4699 3041 500 5181 6678 1103 946 3090 4165 2164 2988 4372 1001 2753 1077 
15 3000 5970 2005 2103 2919 2432 4866 4473 1306 6512 4561 5769 7536 4920 3251 0 6333 5035 973 5713 3724 4577 6168 1022 2067 6676 7657 4834 5415 5742 3322 505 3874 1058 3385 3693 1807 5578 1501 4126 2000 2733 2183 4679 3961 3900 5544 3149 1571 3624 3764 4300 6256 3063 3720 2093 1668 4713 6553 150 5735 5394 6240 2172 1026 4445 7038 7479 6368 2208 4635 2744 3360 1831 4176 5915 6517 5745 2150 4170 5974 2038 6690 4300 5517 8096 3915 2020 3504 7693 6756 2318 2821 3549 5344 4896 5863 2188 2628 4151 4278 
16 3000 490 4876 6765 6441 6190 2023 4656 5076 1167 6473 5866 5229 5848 6605 6333 0 7124 5773 1272 4142 6733 6072 6433 6722 3135 4872 6884 1090 2808 5798 6410 6919 6249 3031 4890 4664 3207 5713 2631 5217 6952 4298 2063 4043 2608 7388 3347 5831 4309 5002 2923 3323 3299 3973 4239 4692 8057 5380 6237 1095 6585 3681 5484 6291 7725 5002 4752 1176 5195 7175 4007 3127 6170 4993 5923 2424 1302 6907 5060 2313 5868 985 3603 5098 5409 2420 4405 7102 5969 754 6835 5700 3521 3072 5736 6202 4449 7088 4035 6670 
17 3000 6635 6115 3068 2120 2603 5120 2472 5217 6439 683 1916 4338 1353 1800 5035 7124 0 5685 7434 3108 499 2125 6037 3086 5075 4760 259 6892 4629 1892 5537 1219 3979 4896 2376 5520 4199 3630 4684 3412 2486 4347 6855 3134 4945 509 5936 3515 2976 2243 4248 4558 4967 3288 4968 4666 1378 3111 4901 6045 884 4250 3065 6008 1232 3942 4642 6315 3219 492 3982 5993 3203 2144 2000 5492 5871 3094 2079 5173 3038 7997 3529 2444 4896 5693 4467 1723 3974 7004 2874 2361 3892 4207 1461 1698 5886 2686 3105 767 
18 3000 5459 1089 2946 3623 3113 4552 4716 792 6108 5143 6155 7673 5366 3963 973 5773 5685 0 5015 3847 5203 6555 681 2904 6559 7728 5463 4783 5613 3857 714 4591 1855 3019 4004 1109 5521 2055 3857 2363 3555 2039 3960 4069 3550 6189 2455 2177 3787 4100 4147 6193 2659 3798 1675 1453 5527 6799 1013 5315 5927 6235 2651 550 5238 7185 7548 5971 2579 5328 2679 2676 2547 4499 6298 6300 5361 3017 4507 5759 2649 6016 4315 5792 8206 3373 1846 4284 7927 6274 3155 3355 3472 5266 5323 6296 1382 3484 4262 4918 
19 3000 1414 4012 6526 6393 6056 2437 5048 4410 2353 6756 6452 6214 6262 6611 5713 1272 7434 5015 0 4331 6994 6716 5635 6479 4168 5914 7180 556 3627 5873 5700 7021 5834 2760 5080 3936 3958 5384 2749 4981 6822 3921 1057 4301 2527 7766 2572 5523 4475 5208 3212 4242 2904 4152 3682 4179 8189 6170 5641 1923 7024 4566 5305 5491 7848 5922 5777 2316 5012 7401 3818 2356 5913 5299 6532 3488 2153 6664 5361 3233 5661 1013 3953 5702 6465 1958 3976 7111 6901 2027 6633 5668 3579 3758 6154 6773 3636 6923 4350 6877 
20 3000 3655 3760 3013 2404 2298 2122 967 3111 3688 2427 2557 3835 2049 2508 3724 4142 3108 3847 4331 0 2663 2930 4447 2982 3101 3933 2853 3794 2250 1673 4098 2777 3020 1862 755 3158 1967 2377 1585 1782 2994 1868 3764 240 1839 3469 3055 2409 175 879 1221 2621 2028 179 2447 2422 3918 2974 3576 3122 2803 2546 1811 4352 3584 3342 3755 3545 1617 3075 1251 3055 2540 1016 2684 3150 2994 3148 1069 2659 2176 4950 695 2017 4382 2613 2056 2992 4088 4172 3005 1690 803 1787 1956 2800 3386 3175 427 2556 
21 3000 6243 5618 2666 1684 2146 4717 2114 4722 6098 277 1896 4316 1140 1383 4577 6733 499 5203 6994 2663 0 2182 5572 2679 4845 4700 259 6457 4326 1393 5077 882 3527 4421 1917 5022 3904 3151 4247 2916 2119 3848 6389 2709 4490 988 5444 3041 2522 1787 3832 4319 4482 2842 4468 4167 1477 3082 4440 5665 991 4034 2573 5538 1227 3886 4569 5968 2721 471 3491 5504 2748 1740 2007 5212 5500 2707 1673 4859 2563 7587 3130 2281 4892 5224 3967 1415 4041 6649 2482 1867 3434 3886 1231 1756 5386 2333 2698 306 
22 3000 5611 6646 4594 3591 3916 4279 1963 5900 5147 1989 401 2233 1281 3382 6168 6072 2125 6555 6716 2930 2182 0 7066 4593 3400 2688 2070 6160 3287 2904 6628 3033 5206 4720 2557 6034 2869 4667 4151 4212 4158 4734 6424 2792 4537 1982 5964 4611 2909 2455 3608 2954 4937 3064 5346 5233 3504 1046 6019 4986 1243 2588 3996 6997 3339 1883 2592 5051 3995 2551 4162 5941 4468 2065 257 3977 4771 4671 2051 3826 4171 7035 2907 1019 2777 5360 4909 3558 1861 5753 4450 3376 3665 3004 1283 430 6297 4384 2643 2425 
23 3000 6129 1634 3124 3929 3434 5233 5280 1466 6787 5541 6664 8282 5844 4264 1022 6433 6037 681 5635 4447 5572 7066 0 3088 7224 8355 5830 5428 6278 4278 521 4889 2075 3700 4537 1777 6173 2442 4535 2853 3755 2687 4577 4675 4231 6546 3098 2537 4374 4623 4812 6848 3341 4411 2355 2101 5733 7370 1143 5994 6358 6878 3091 143 5467 7790 8176 6651 3070 5647 3318 3320 2838 5030 6809 6976 6042 3166 5032 6435 3013 6643 4947 6348 8823 4043 2496 4526 8504 6947 3338 3773 4120 5921 5810 6783 2002 3646 4869 5276 
24 3000 6273 3668 48 1015 731 4853 3330 2729 6533 2733 4217 6359 3314 1295 2067 6722 3086 2904 6479 2982 2679 4593 3088 0 6063 6602 2920 6044 5233 1733 2568 1876 1048 3745 2541 3195 4933 1137 4131 1510 666 2572 5577 3201 4115 3589 4192 983 2818 2540 4032 5562 3576 3079 2973 2489 2646 5218 1957 5856 3605 5426 1249 3090 2380 5868 6437 6386 1531 2644 2717 4347 566 2908 4358 6129 5783 185 2872 5627 859 7332 3676 4195 6948 4522 2554 1450 6327 6936 252 1377 3283 4768 3327 4222 3627 582 3347 2373 
25 3000 2787 6088 6090 5351 5354 2240 2880 5767 2004 4568 3341 2096 3730 5353 6676 3135 5075 6559 4168 3101 4845 3400 7224 6063 0 1748 4893 3687 946 4526 6973 5386 6096 3643 3563 5600 1134 5453 2761 4853 5981 4545 4374 2871 3152 5160 4770 5498 3255 3602 2412 530 4005 3040 4908 5125 6320 2480 6537 2248 4304 833 4912 7105 6044 1919 1619 1964 4706 5315 3938 4626 5641 3339 3339 713 2023 6220 3398 988 5276 4110 2428 2651 2297 3762 4732 5769 2858 2593 6059 4713 3128 1338 3627 3672 5631 6183 2716 4918 
26 3000 4535 7435 6618 5715 5871 3837 3284 6957 3722 4453 2843 527 3585 5612 7657 4872 4760 7728 5914 3933 4700 2688 8355 6602 1748 0 4654 5425 2435 4894 8027 5446 6897 5044 4093 6888 2315 6266 4193 5688 6346 5692 6064 3696 4618 4668 6267 6270 4035 4072 3722 1754 5381 3949 6167 6276 6127 1653 7509 3991 3883 1555 5634 8252 5920 818 179 3696 5501 5131 5049 6152 6296 3694 2765 2450 3764 6729 3731 2697 5940 5839 3413 2478 556 5330 5886 5924 1319 4286 6532 5231 4274 2586 3515 3089 6998 6569 3505 4875 
27 3000 6394 5874 2905 1934 2402 4875 2239 4981 6215 425 1820 4250 1163 1625 4834 6884 259 5463 7180 2853 259 2070 5830 2920 4893 4654 0 6639 4418 1648 5334 1086 3782 4637 2118 5276 3990 3411 4431 3173 2345 4095 6597 2883 4688 729 5679 3300 2719 1985 4000 4372 4708 3032 4717 4422 1475 3017 4698 5808 837 4073 2832 5797 1274 3836 4530 6089 2978 482 3724 5734 3004 1896 1918 5291 5637 2941 1831 4958 2823 7751 3285 2285 4818 5434 4217 1612 3930 6776 2718 2125 3635 3989 1267 1639 5639 2553 2859 556 
28 3000 1036 3838 6090 5907 5590 1881 4495 4127 1989 6216 5895 5705 5709 6114 5415 1090 6892 4783 556 3794 6457 6160 5428 6044 3687 5425 6639 0 3098 5360 5445 6507 5452 2301 4547 3681 3416 4970 2209 4537 6357 3513 973 3757 2016 7218 2329 5103 3942 4673 2660 3728 2489 3616 3342 3825 7672 5625 5332 1442 6470 4042 4847 5284 7332 5399 5282 1926 4553 6868 3351 2108 5479 4753 5976 3027 1663 6229 4816 2730 5212 1298 3400 5146 5979 1543 3587 6615 6378 1789 6186 5176 3057 3211 5601 6216 3428 6467 3801 6346 
29 3000 2370 5154 5263 4595 4543 1401 2238 4821 1868 4049 3119 2638 3282 4637 5742 2808 4629 5613 3627 2250 4326 3287 6278 5233 946 2435 4418 3098 0 3793 6031 4753 5196 2712 2807 4658 436 4555 1832 3957 5210 3602 3647 2034 2237 4800 3875 4611 2415 2869 1466 682 3071 2165 3963 4180 5772 2577 5604 1753 3955 947 4046 6159 5472 2303 2272 1765 3823 4795 3000 3745 4782 2677 3159 919 1525 5398 2741 551 4420 3786 1557 2358 2988 2903 3788 5084 3281 2470 5250 3917 2192 473 3171 3460 4700 5402 1906 4348 
30 3000 5315 4226 1743 835 1021 3788 1672 3338 5355 1292 2515 4632 1626 847 3322 5798 1892 3857 5873 1673 1393 2904 4278 1733 4526 4894 1648 5360 3793 0 3805 1148 2317 3180 987 3628 3432 1836 3189 1529 1471 2470 5165 1823 3346 2375 4104 1751 1500 927 2889 4004 3185 1831 3083 2774 2318 3484 3177 4794 2080 3817 1205 4230 1976 4144 4733 5213 1330 1653 2177 4182 1565 1221 2659 4712 4667 1843 1174 4261 1287 6569 2317 2463 5222 4004 2581 1320 4596 5845 1640 505 2308 3320 1622 2563 3994 1687 1906 1150 
31 3000 6074 1803 2603 3423 2933 5069 4890 1337 6675 5055 6228 7928 5391 3756 505 6410 5537 714 5700 4098 5077 6628 521 2568 6973 8027 5334 5445 6031 3805 0 4379 1563 3552 4125 1766 5895 1973 4346 2430 3235 2431 4649 4331 4080 6046 3130 2055 4010 4204 4572 6573 3208 4078 2212 1867 5212 6977 636 5888 5882 6579 2636 547 4948 7433 7848 6535 2644 5139 3036 3349 2334 4614 6373 6770 5917 2645 4612 6227 2528 6695 4639 5946 8480 3993 2251 4008 8115 6878 2818 3302 3846 5652 5362 6333 2083 3124 4524 4778 
32 3000 6433 5137 1856 967 1477 4900 2522 4206 6416 1043 2716 5096 1867 628 3874 6919 1219 4591 7021 2777 882 3033 4889 1876 5386 5446 1086 6507 4753 1148 4379 0 2815 4322 2038 4569 4357 2549 4327 2461 1267 3522 6306 2895 4494 1716 5193 2416 2610 1938 3998 4856 4310 2946 4105 3732 1170 3871 3747 5894 1872 4612 2083 4871 828 4643 5303 6278 2304 768 3302 5286 2055 2075 2838 5666 5756 1877 2011 5256 1957 7708 3373 2975 5681 5148 3605 533 4879 6930 1657 1450 3452 4288 1931 2615 4966 1470 2943 608 
33 3000 5834 2663 1090 1861 1380 4544 3635 1747 6236 3522 4811 6726 3938 2193 1058 6249 3979 1855 5834 3020 3527 5206 2075 1048 6096 6897 3782 5452 5196 2317 1563 2815 0 3217 2829 2245 4968 644 3793 1243 1704 1952 4863 3260 3671 4488 3390 627 2889 2878 3835 5635 2969 3060 2177 1672 3683 5676 932 5499 4368 5566 1267 2064 3404 6227 6723 6089 1405 3576 2323 3571 779 3287 4957 6040 5466 1166 3271 5508 1035 6750 3669 4633 7301 3908 1865 2456 6812 6565 1299 1830 3056 4760 3924 4879 2678 1628 3438 3226 
34 3000 2623 2444 3790 3640 3296 1533 2786 2239 3128 4214 4370 5115 3912 3872 3385 3031 4896 3019 2760 1862 4421 4720 3700 3745 3643 5044 4637 2301 2712 3180 3552 4322 3217 0 2529 1980 2731 2691 881 2236 4062 1268 1985 1944 531 5294 1272 2817 1954 2664 1325 3357 366 1698 1348 1717 5492 4547 3273 2349 4662 3490 2548 3569 5150 4673 4868 2986 2254 4783 1059 1223 3181 2875 4487 3304 2365 3930 2925 2771 2910 3588 1850 3736 5572 827 1389 4369 5566 3381 3885 2926 1067 2460 3818 4637 1988 4167 2078 4257 
35 3000 4402 4113 2563 1792 1814 2867 810 3343 4386 1693 2159 3898 1463 1834 3693 4890 2376 4004 5080 755 1917 2557 4537 2541 3563 4093 2118 4547 2807 987 4125 2038 2829 2529 0 3499 2455 2221 2339 1696 2417 2210 4478 856 2573 2765 3638 2203 605 136 1966 3048 2633 932 2837 2681 3166 2861 3542 3856 2172 2889 1562 4461 2835 3400 3923 4246 1485 2321 1703 3668 2202 494 2301 3726 3717 2685 506 3274 1847 5705 1340 1823 4477 3317 2374 2297 4001 4892 2510 1166 1516 2334 1391 2334 3792 2620 921 1800 
36 3000 4352 614 3243 3642 3147 3507 4101 519 5018 4905 5643 6888 4948 3968 1807 4664 5520 1109 3936 3158 5022 6034 1777 3195 5600 6888 5276 3681 4658 3628 1766 4569 2245 1980 3499 0 4616 2105 2850 2118 3767 1300 2889 3352 2506 6002 1364 2260 3142 3617 3207 5273 1614 3068 725 854 5636 6127 1759 4224 5597 5357 2488 1638 5316 6415 6709 4884 2302 5239 1910 1583 2698 3978 5780 5285 4281 3351 4001 4750 2648 4929 3501 5172 7392 2266 1126 4379 7226 5169 3424 3169 2621 4352 4885 5833 433 3762 3538 4767 
37 3000 2755 5143 4961 4247 4228 1613 1835 4734 2301 3627 2689 2434 2850 4271 5578 3207 4199 5521 3958 1967 3904 2869 6173 4933 1134 2315 3990 3416 436 3432 5895 4357 4968 2731 2455 4616 0 4323 1878 3724 4871 3486 3886 1736 2305 4364 3953 4366 2121 2505 1417 678 3074 1908 3904 4072 5358 2213 5436 2132 3519 760 3778 6059 5062 2045 2141 2195 3574 4374 2860 3843 4506 2283 2733 1312 1910 5092 2346 988 4142 4178 1298 1925 2851 3041 3677 4706 3008 2900 4935 3592 2053 271 2739 3029 4699 5070 1585 3936 
38 3000 5283 2627 1186 1587 1076 3946 3020 1682 5640 3104 4268 6107 3420 1925 1501 5713 3630 2055 5384 2377 3151 4667 2442 1137 5453 6266 3411 4970 4555 1836 1973 2549 644 2691 2221 2105 4323 0 3199 599 1663 1463 4457 2617 3112 4135 3054 157 2248 2282 3209 4990 2484 2416 1836 1356 3554 5081 1352 4919 3916 4923 673 2396 3244 5608 6091 5493 765 3276 1731 3212 598 2694 4414 5405 4874 1313 2683 4876 595 6266 3025 4040 6678 3433 1425 2294 6220 5992 1342 1331 2430 4117 3394 4362 2529 1674 2796 2863 
39 3000 2161 3326 4172 3810 3566 752 2333 3068 2442 4007 3837 4295 3537 3980 4126 2631 4684 3857 2749 1585 4247 4151 4535 4131 2761 4193 4431 2209 1832 3189 4346 4327 3793 881 2339 2850 1878 3199 0 2653 4325 1944 2279 1554 431 5022 2074 3299 1735 2464 550 2484 1244 1406 2183 2480 5483 3836 4002 1726 4301 2638 2883 4407 5146 3873 4019 2295 2600 4660 1470 1970 3594 2552 3937 2443 1675 4314 2614 1904 3272 3381 1257 3136 4730 1230 2107 4479 4797 2806 4227 3068 890 1607 3432 4136 2870 4468 1618 4139 
40 3000 4774 2705 1555 1574 1127 3391 2473 1809 5084 2820 3811 5546 3004 1880 2000 5217 3412 2363 4981 1782 2916 4212 2853 1510 4853 5688 3173 4537 3957 1529 2430 2461 1243 2236 1696 2118 3724 599 2653 0 1866 1127 4109 2022 2609 3902 2811 660 1659 1774 2626 4391 2085 1816 1656 1272 3565 4554 1849 4380 3573 4328 382 2785 3235 5047 5513 4937 217 3121 1210 2938 952 2184 3956 4811 4323 1696 2182 4285 682 5823 2426 3519 6112 3023 1168 2330 5693 5458 1651 1052 1850 3518 2964 3937 2506 1946 2204 2653 
41 3000 6487 4271 633 636 767 5009 3143 3325 6654 2216 3801 6059 2902 775 2733 6952 2486 3555 6822 2994 2119 4158 3755 666 5981 6346 2345 6357 5210 1471 3235 1267 1704 4062 2417 3767 4871 1663 4325 1866 0 2988 5973 3187 4372 2980 4659 1507 2820 2381 4143 5463 3944 3121 3464 3006 1980 4875 2622 6024 3085 5286 1518 3756 1714 5579 6188 6509 1811 2024 3006 4796 1068 2692 3937 6124 5927 620 2645 5649 1190 7627 3681 3886 6650 4871 3006 796 5951 7099 418 1304 3443 4738 2933 3763 4193 227 3304 1818 
42 3000 3891 1911 2619 2685 2254 2688 2801 1266 4353 3702 4344 5652 3669 2975 2183 4298 4347 2039 3921 1868 3848 4734 2687 2572 4545 5692 4095 3513 3602 2470 2431 3522 1952 1268 2210 1300 3486 1463 1944 1127 2988 0 3005 2072 1748 4810 1688 1603 1843 2332 2140 4161 1024 1791 631 586 4658 4841 2057 3591 4343 4196 1498 2574 4322 5170 5512 4208 1233 4121 642 1811 2006 2682 4480 4343 3583 2754 2708 3800 1798 4810 2278 3874 6176 1972 194 3442 5951 4641 2745 2072 1434 3235 3601 4540 1583 3055 2262 3620 
43 3000 1963 2956 5625 5596 5218 2272 4600 3373 2887 6172 6116 6285 5789 5844 4679 2063 6855 3960 1057 3764 6389 6424 4577 5577 4374 6064 6597 973 3647 5165 4649 6306 4863 1985 4478 2889 3886 4457 2279 4109 5973 3005 0 3788 1933 7232 1529 4603 3882 4612 2816 4319 2032 3587 2689 3193 7477 6031 4612 2222 6551 4588 4457 4434 7134 5927 5908 2803 4169 6762 3018 1320 5012 4774 6215 3772 2410 5759 4830 3388 4790 2067 3536 5406 6621 1165 3032 6337 6894 2753 5748 4898 2966 3643 5687 6415 2580 6053 3879 6236 
44 3000 3554 3947 3231 2585 2508 2020 841 3325 3533 2461 2432 3606 2000 2667 3961 4043 3134 4069 4301 240 2709 2792 4675 3201 2871 3696 2883 3757 2034 1823 4331 2895 3260 1944 856 3352 1736 2617 1554 2022 3187 2072 3788 0 1855 3468 3172 2647 384 961 1125 2386 2145 284 2634 2635 4016 2774 3814 3001 2763 2306 2045 4578 3687 3116 3518 3393 1855 3139 1442 3157 2770 998 2553 2941 2860 3364 1059 2461 2405 4878 496 1846 4150 2654 2263 3142 3879 4035 3215 1887 877 1567 1900 2693 3562 3374 193 2628 
45 3000 2171 2949 4158 3899 3605 1003 2671 2771 2611 4263 4211 4726 3855 4099 3900 2608 4945 3550 2527 1839 4490 4537 4231 4115 3152 4618 4688 2016 2237 3346 4080 4494 3671 531 2573 2506 2305 3112 431 2609 4372 1748 1933 1855 0 5308 1648 3226 1969 2704 967 2900 893 1661 1879 2234 5662 4256 3784 1843 4618 3065 2883 4100 5321 4304 4446 2468 2591 4884 1398 1540 3561 2843 4317 2783 1844 4300 2901 2255 3263 3258 1629 3528 5157 823 1888 4600 5226 2896 4234 3164 1058 2035 3754 4500 2488 4497 1948 4359 
46 3000 6901 6601 3570 2629 3112 5408 2740 5710 6643 1108 1866 4214 1541 2307 5544 7388 509 6189 7766 3469 988 1982 6546 3589 5160 4668 729 7218 4800 2375 6046 1716 4488 5294 2765 6002 4364 4135 5022 3902 2980 4810 7232 3468 5308 0 6371 4021 3351 2629 4559 4658 5386 3647 5435 5148 1638 3018 5410 6299 856 4327 3561 6516 1583 3858 4566 6524 3705 959 4416 6418 3712 2470 1916 5629 6115 3592 2410 5350 3545 8285 3826 2509 4748 6076 4936 2204 3767 7222 3373 2855 4266 4402 1654 1582 6361 3174 3416 1272 
47 3000 3078 1534 4240 4374 3938 2542 4010 1843 3838 5268 5603 6365 5078 4660 3149 3347 5936 2455 2572 3055 5444 5964 3098 4192 4770 6267 5679 2329 3875 4104 3130 5193 3390 1272 3638 1364 3953 3054 2074 2811 4659 1688 1529 3172 1648 6371 0 3208 3115 3772 2577 4545 1027 2906 1223 1724 6340 5820 3084 3053 5808 4713 3186 2955 6002 5932 6094 3715 2920 5755 1955 221 3638 4041 5725 4330 3154 4367 4084 3830 3470 3565 3120 4994 6804 1063 1653 5130 6835 3907 4387 3743 2299 3682 4992 5855 1102 4709 3322 5240 
48 3000 5398 2778 1032 1450 939 4042 3008 1832 5736 3004 4213 6098 3353 1789 1571 5831 3515 2177 5523 2409 3041 4611 2537 983 5498 6270 3300 5103 4611 1751 2055 2416 627 2817 2203 2260 4366 157 3299 660 1507 1603 4603 2647 3226 4021 3208 0 2272 2254 3287 5029 2620 2458 1991 1512 3406 5054 1425 5022 3827 4950 641 2498 3099 5600 6096 5588 792 3150 1837 3363 441 2665 4358 5470 4972 1161 2650 4945 477 6398 3070 4011 6674 3569 1573 2147 6191 6098 1185 1250 2510 4167 3332 4296 2685 1517 2822 2749 
49 3000 3823 3749 2848 2228 2129 2292 958 3066 3863 2294 2528 3917 1966 2333 3624 4309 2976 3787 4475 175 2522 2909 4374 2818 3255 4035 2719 3942 2415 1500 4010 2610 2889 1954 605 3142 2121 2248 1735 1659 2820 1843 3882 384 1969 3351 3115 2272 0 735 1391 2768 2093 335 2441 2380 3755 3015 3475 3294 2710 2678 1663 4283 3420 3422 3858 3721 1484 2926 1252 3127 2386 927 2659 3318 3168 2982 974 2831 2021 5108 864 2031 4473 2725 2027 2818 4139 4346 2836 1516 916 1949 1878 2754 3389 3002 549 2404 
50 3000 4514 4231 2560 1749 1809 2979 790 3450 4478 1560 2056 3861 1337 1768 3764 5002 2243 4100 5208 879 1787 2455 4623 2540 3602 4072 1985 4673 2869 927 4204 1938 2878 2664 136 3617 2505 2282 2464 1774 2381 2332 4612 961 2704 2629 3772 2254 735 0 2080 3082 2768 1057 2961 2793 3055 2800 3613 3962 2038 2908 1614 4550 2726 3364 3904 4340 1560 2196 1835 3804 2228 412 2198 3789 3819 2678 408 3347 1879 5825 1434 1758 4444 3451 2494 2219 3938 4991 2495 1163 1649 2397 1268 2220 3916 2589 1006 1677 
51 3000 2435 3727 4069 3584 3407 902 1835 3355 2511 3581 3301 3791 3049 3715 4300 2923 4248 4147 3212 1221 3832 3608 4812 4032 2412 3722 4000 2660 1466 2889 4572 3998 3835 1325 1966 3207 1417 3209 550 2626 4143 2140 2816 1125 967 4559 2577 3287 1391 2080 0 2066 1659 1057 2503 2715 5133 3289 4166 1904 3811 2171 2791 4692 4802 3355 3545 2366 2531 4264 1558 2491 3526 2104 3398 2221 1788 4210 2169 1681 3181 3754 741 2591 4248 1779 2324 4205 4265 2965 4097 2849 779 1148 2942 3606 3282 4306 1144 3752 
52 3000 2922 5788 5588 4832 4848 2083 2352 5405 2263 4042 2863 1978 3210 4828 6256 3323 4558 6193 4242 2621 4319 2954 6848 5562 530 1754 4372 3728 682 4004 6573 4856 5635 3357 3048 5273 678 4990 2484 4391 5463 4161 4319 2386 2900 4658 4545 5029 2768 3082 2066 0 3709 2574 4566 4746 5793 2103 6114 2331 3802 374 4431 6733 5515 1687 1592 2193 4236 4790 3537 4419 5153 2811 2872 1026 2099 5716 2869 1018 4788 4308 1968 2150 2308 3583 4352 5240 2664 2871 5551 4205 2729 927 3105 3198 5339 5668 2223 4389 
53 3000 2913 2083 3622 3567 3187 1897 2982 1885 3467 4291 4575 5436 4059 3822 3063 3299 4967 2659 2904 2028 4482 4937 3341 3576 4005 5381 4708 2489 3071 3185 3208 4310 2969 366 2633 1614 3074 2484 1244 2085 3944 1024 2032 2145 893 5386 1027 2620 2093 2768 1659 3709 0 1878 996 1400 5475 4823 2957 2681 4796 3830 2426 3208 5133 4987 5205 3327 2137 4819 1008 1036 3009 3021 4698 3671 2710 3760 3066 3137 2767 3786 2119 3974 5905 949 1109 4312 5864 3693 3734 2880 1275 2804 3971 4827 1630 4031 2298 4297 
54 3000 3488 3663 3111 2542 2410 1957 1103 3048 3543 2607 2697 3874 2218 2660 3720 3973 3288 3798 4152 179 2842 3064 4411 3079 3040 3949 3032 3616 2165 1831 4078 2946 3060 1698 932 3068 1908 2416 1406 1816 3121 1791 3587 284 1661 3647 2906 2458 335 1057 1057 2574 1878 0 2350 2359 4090 3058 3574 2962 2974 2524 1881 4311 3756 3387 3770 3399 1666 3253 1159 2900 2617 1188 2821 3051 2839 3248 1243 2549 2256 4774 612 2128 4412 2438 1983 3148 4161 4018 3114 1818 632 1711 2122 2949 3278 3296 470 2733 
55 3000 3879 1313 3022 3230 2767 2878 3399 892 4463 4328 4959 6163 4298 3536 2093 4239 4968 1675 3682 2447 4468 5346 2355 2973 4908 6167 4717 3342 3963 3083 2212 4105 2177 1348 2837 725 3904 1836 2183 1656 3464 631 2689 2634 1879 5435 1223 1991 2441 2961 2503 4566 996 2350 0 505 5222 5408 1998 3675 4974 4640 2039 2225 4890 5689 5988 4323 1801 4727 1195 1394 2426 3304 5094 4627 3706 3147 3331 4087 2283 4631 2776 4464 6668 1824 503 3985 6503 4673 3174 2663 1897 3642 4229 5163 955 3501 2819 4233 
56 3000 4314 1459 2538 2822 2340 3210 3330 689 4844 4051 4837 6229 4114 3141 1668 4692 4666 1453 4179 2422 4167 5233 2101 2489 5125 6276 4422 3825 4180 2774 1867 3732 1672 1717 2681 854 4072 1356 2480 1272 3006 586 3193 2635 2234 5148 1724 1512 2380 2793 2715 4746 1400 2359 505 0 4820 5393 1557 4067 4751 4782 1648 1987 4494 5744 6096 4701 1449 4390 1226 1899 1952 3168 4977 4904 4078 2660 3186 4361 1845 5118 2862 4408 6757 2292 394 3570 6511 5092 2698 2318 2020 3820 4056 5013 1233 3030 2827 3915 
57 3000 7568 6179 2609 1997 2490 6034 3538 5236 7501 1752 3286 5714 2613 1686 4713 8057 1378 5527 8189 3918 1477 3504 5733 2646 6320 6127 1475 7672 5772 2318 5212 1170 3683 5492 3166 5636 5358 3554 5483 3565 1980 4658 7477 4016 5662 1638 6340 3406 3755 3055 5133 5793 5475 4090 5222 4820 0 4484 4603 7016 2263 5511 3183 5736 342 5309 6004 7367 3428 1012 4468 6440 2994 3121 3376 6670 6867 2571 3054 6296 2988 8863 4478 3750 6275 6319 4728 1259 5348 8033 2394 2600 4615 5321 2708 3077 6047 2092 4043 1424 
58 3000 4947 6721 5227 4264 4501 3783 2089 6081 4363 2849 1197 1234 2006 4113 6553 5380 3111 6799 6170 2974 3082 1046 7370 5218 2480 1653 3017 5625 2577 3484 6977 3871 5676 4547 2861 6127 2213 5081 3836 4554 4875 4841 6031 2774 4256 3018 5820 5054 3015 2800 3289 2103 4823 3058 5408 5393 4484 0 6403 4330 2231 1729 4414 7284 4289 839 1548 4285 4345 3497 4217 5759 4995 2389 1113 3121 4103 5323 2405 3072 4662 6362 2704 1042 1811 5066 5030 4372 1139 4972 5113 3894 3567 2416 1955 1437 6328 5102 2589 3280 
59 3000 5868 2002 1995 2788 2297 4745 4322 1247 6396 4420 5620 7386 4772 3122 150 6237 4901 1013 5641 3576 4440 6019 1143 1957 6537 7509 4698 5332 5604 3177 636 3747 932 3273 3542 1759 5436 1352 4002 1849 2622 2057 4612 3814 3784 5410 3084 1425 3475 3613 4166 6114 2957 3574 1998 1557 4603 6403 0 5623 5251 6095 2023 1134 4331 6889 7331 6253 2057 4505 2608 3292 1698 4025 5765 6385 5628 2049 4019 5842 1895 6611 4156 5366 7947 3822 1900 3385 7542 6649 2209 2675 3412 5203 4747 5715 2155 2525 4004 4142 
60 3000 624 4560 5896 5481 5273 1014 3573 4559 794 5401 4773 4293 4758 5619 5735 1095 6045 5315 1923 3122 5665 4986 5994 5856 2248 3991 5808 1442 1753 4794 5888 5894 5499 2349 3856 4224 2132 4919 1726 4380 6024 3591 2222 3001 1843 6299 3053 5022 3294 3962 1904 2331 2681 2962 3675 4067 7016 4330 5623 0 5492 2668 4606 5857 6689 4017 3853 663 4326 6113 3187 2856 5321 3926 4832 1585 231 6038 3993 1314 4996 2048 2541 4006 4543 1997 3730 6110 4994 1080 5945 4742 2584 1982 4646 5108 4103 6175 2976 5615 
61 3000 6101 6209 3597 2591 3002 4630 1975 5366 5807 872 1043 3455 764 2324 5394 6585 884 5927 7024 2803 991 1243 6358 3605 4304 3883 837 6470 3955 2080 5882 1872 4368 4662 2172 5597 3519 3916 4301 3573 3085 4343 6551 2763 4618 856 5808 3827 2710 2038 3811 3802 4796 2974 4974 4751 2263 2231 5251 5492 0 3472 3278 6310 2098 3066 3769 5691 3361 1313 3873 5832 3594 1787 1118 4776 5300 3651 1736 4506 3355 7499 3070 1653 4012 5411 4490 2405 3099 6392 3426 2585 3606 3568 869 814 5923 3304 2683 1274 
62 3000 3269 5893 5449 4650 4702 2325 2146 5454 2635 3759 2511 1698 2910 4623 6240 3681 4250 6235 4566 2546 4034 2588 6878 5426 833 1555 4073 4042 947 3817 6579 4612 5566 3490 2889 5357 760 4923 2638 4328 5286 4196 4588 2306 3065 4327 4713 4950 2678 2908 2171 374 3830 2524 4640 4782 5511 1729 6095 2668 3472 0 4336 6769 5243 1357 1381 2561 4161 4503 3560 4601 5044 2604 2514 1399 2436 5573 2658 1368 4679 4666 1941 1819 2093 3790 4389 5017 2336 3244 5399 4055 2764 1031 2809 2844 5452 5496 2128 4122 
63 3000 5031 3066 1289 1192 761 3603 2368 2153 5285 2495 3596 5458 2755 1498 2172 5484 3065 2651 5305 1811 2573 3996 3091 1249 4912 5634 2832 4847 4046 1205 2636 2083 1267 2548 1562 2488 3778 673 2883 382 1518 1498 4457 2045 2883 3561 3186 641 1663 1614 2791 4431 2426 1881 2039 1648 3183 4414 2023 4606 3278 4336 0 3036 2853 4959 5461 5138 294 2756 1496 3308 739 2025 3742 4925 4534 1431 2013 4411 391 6124 2491 3372 6034 3352 1548 1948 5552 5686 1351 707 2034 3591 2726 3696 2882 1620 2212 2301 
64 3000 5988 1492 3127 3907 3408 5102 5196 1341 6651 5501 6596 8185 5783 4244 1026 6291 6008 550 5491 4352 5538 6997 143 3090 7105 8252 5797 5284 6159 4230 547 4871 2064 3569 4461 1638 6059 2396 4407 2785 3756 2574 4434 4578 4100 6516 2955 2498 4283 4550 4692 6733 3208 4311 2225 1987 5736 7284 1134 5857 6310 6769 3036 0 5465 7694 8072 6515 3003 5625 3209 3177 2816 4955 6741 6850 5907 3176 4958 6309 2976 6499 4841 6267 8723 3903 2382 4519 8417 6807 3342 3725 4008 5806 5747 6720 1859 3654 4771 5244 
65 3000 7237 5865 2347 1673 2173 5703 3234 4924 7184 1492 3093 5523 2366 1354 4445 7725 1232 5238 7848 3584 1227 3339 5467 2380 6044 5920 1274 7332 5472 1976 4948 828 3404 5150 2835 5316 5062 3244 5146 3235 1714 4322 7134 3687 5321 1583 6002 3099 3420 2726 4802 5515 5133 3756 4890 4494 342 4289 4331 6689 2098 5243 2853 5465 0 5103 5791 7050 3093 792 4126 6101 2695 2809 3192 6375 6542 2321 2743 5991 2671 8526 4154 3507 6092 5976 4394 955 5197 7711 2132 2260 4275 5017 2455 2909 5723 1849 3720 1127 
66 3000 4609 6986 5881 4954 5139 3656 2591 6433 3907 3642 2025 499 2778 4834 7038 5002 3942 7185 5922 3342 3886 1883 7790 5868 1919 818 3836 5399 2303 4144 7433 4643 6227 4673 3400 6415 2045 5608 3873 5047 5579 5170 5927 3116 4304 3858 5932 5600 3422 3364 3355 1687 4987 3387 5689 5744 5309 839 6889 4017 3066 1357 4959 7694 5103 0 708 3852 4850 4313 4529 5842 5592 2970 1949 2619 3785 5986 3000 2705 5243 5986 2914 1694 1081 5072 5364 5129 979 4505 5784 4509 3796 2300 2712 2276 6566 5804 2923 4066 
67 3000 4405 7256 6454 5556 5706 3674 3115 6777 3609 4318 2726 536 3447 5458 7479 4752 4642 7548 5777 3755 4569 2592 8176 6437 1619 179 4530 5282 2272 4733 7848 5303 6723 4868 3923 6709 2141 6091 4019 5513 6188 5512 5908 3518 4446 4566 6094 6096 3858 3904 3545 1592 5205 3770 5988 6096 6004 1548 7331 3853 3769 1381 5461 8072 5791 708 0 3578 5326 5004 4870 5980 6126 3529 2655 2327 3624 6565 3567 2551 5769 5723 3233 2330 716 5162 5706 5777 1346 4181 6370 5064 4095 2412 3374 2984 6820 6410 3327 4737 
68 3000 904 5224 6424 5942 5773 1546 3855 5210 147 5697 4884 4060 4989 6053 6368 1176 6315 5971 2316 3545 5968 5051 6651 6386 1964 3696 6089 1926 1765 5213 6535 6278 6089 2986 4246 4884 2195 5493 2295 4937 6509 4208 2803 3393 2468 6524 3715 5588 3721 4340 2366 2193 3327 3399 4323 4701 7367 4285 6253 663 5691 2561 5138 6515 7050 3852 3578 0 4866 6429 3766 3517 5865 4248 4925 1251 625 6566 4315 1225 5529 2146 2906 4121 4232 2660 4354 6534 4811 704 6459 5211 3103 2122 4876 5225 4767 6672 3335 5949 
69 3000 4743 2896 1573 1454 1049 3327 2269 2012 5013 2618 3594 5349 2787 1743 2208 5195 3219 2579 5012 1617 2721 3995 3070 1531 4706 5501 2978 4553 3823 1330 2644 2304 1405 2254 1485 2302 3574 765 2600 217 1811 1233 4169 1855 2591 3705 2920 792 1484 1560 2531 4236 2137 1666 1801 1449 3428 4345 2057 4326 3361 4161 294 3003 3093 4850 5326 4866 0 2942 1202 3035 998 1971 3739 4690 4258 1715 1968 4170 673 5830 2278 3309 5918 3060 1302 2209 5485 5406 1642 869 1765 3376 2746 3720 2679 1914 2032 2465 
70 3000 6685 5822 2622 1717 2219 5155 2577 4905 6559 749 2301 4731 1600 1383 4635 7175 492 5328 7401 3075 471 2551 5647 2644 5315 5131 482 6868 4795 1653 5139 768 3576 4783 2321 5239 4374 3276 4660 3121 2024 4121 6762 3139 4884 959 5755 3150 2926 2196 4264 4790 4819 3253 4727 4390 1012 3497 4505 6113 1313 4503 2756 5625 792 4313 5004 6429 2942 0 3816 5828 2809 2188 2400 5683 5952 2639 2121 5327 2681 8017 3573 2737 5300 5597 4224 1245 4411 7106 2422 2072 3826 4353 1696 2121 5621 2215 3140 526 
71 3000 3565 2508 2761 2584 2239 2221 2207 1908 3913 3312 3779 5010 3163 2825 2744 4007 3982 2679 3818 1251 3491 4162 3318 2717 3938 5049 3724 3351 3000 2177 3036 3302 2323 1059 1703 1910 2860 1731 1470 1210 3006 642 3018 1442 1398 4416 1955 1837 1252 1835 1558 3537 1008 1159 1195 1226 4468 4217 2608 3187 3873 3560 1496 3209 4126 4529 4870 3766 1202 3816 0 2013 2162 2143 3911 3779 3145 2903 2177 3238 1869 4628 1636 3268 5533 1879 837 3319 5319 4261 2843 1880 810 2615 3086 3996 2138 3116 1629 3297 
72 3000 2865 1751 4395 4488 4065 2390 3998 2055 3637 5319 5588 6266 5094 4767 3360 3127 5993 2676 2356 3055 5504 5941 3320 4347 4626 6152 5734 2108 3745 4182 3349 5286 3571 1223 3668 1583 3843 3212 1970 2938 4796 1811 1320 3157 1540 6418 221 3363 3127 3804 2491 4419 1036 2900 1394 1899 6440 5759 3292 2856 5832 4601 3308 3177 6101 5842 5980 3517 3035 5828 2013 0 3789 4055 5706 4167 2965 4524 4100 3675 3606 3346 3070 4960 6694 883 1795 5243 6756 3694 4536 3840 2279 3573 5005 5848 1323 4854 3298 5310 
73 3000 5725 3206 613 1091 601 4325 3011 2260 6012 2744 4078 6089 3192 1428 1831 6170 3203 2547 5913 2540 2748 4468 2838 566 5641 6296 3004 5479 4782 1565 2334 2055 779 3181 2202 2698 4506 598 3594 952 1068 2006 5012 2770 3561 3712 3638 441 2386 2228 3526 5153 3009 2617 2426 1952 2994 4995 1698 5321 3594 5044 739 2816 2695 5592 6126 5865 998 2809 2162 3789 0 2624 4222 5664 5256 751 2599 5151 365 6769 3226 3956 6672 3955 1994 1740 6124 6400 748 1104 2763 4325 3185 4127 3125 1077 2930 2447 
74 3000 4503 4591 2924 2056 2176 2980 459 3834 4380 1480 1669 3466 1038 2020 4176 4993 2144 4499 5299 1016 1740 2065 5030 2908 3339 3694 1896 4753 2677 1221 4614 2075 3287 2875 494 3978 2283 2694 2552 2184 2692 2682 4774 998 2843 2470 4041 2665 927 412 2104 2811 3021 1188 3304 3168 3121 2389 4025 3926 1787 2604 2025 4955 2809 2970 3529 4248 1971 2188 2143 4055 2624 0 1809 3590 3763 3036 67 3185 2281 5855 1390 1346 4051 3627 2852 2430 3527 4920 2844 1539 1819 2214 951 1858 4259 2908 962 1701 
75 3000 5456 6392 4360 3361 3675 4094 1719 5643 5026 1797 145 2338 1044 3162 5915 5923 2000 6298 6532 2684 2007 257 6809 4358 3339 2765 1918 5976 3159 2659 6373 2838 4957 4487 2301 5780 2733 4414 3937 3956 3937 4480 6215 2553 4317 1916 5725 4358 2659 2198 3398 2872 4698 2821 5094 4977 3376 1113 5765 4832 1118 2514 3742 6741 3192 1949 2655 4925 3739 2400 3911 5706 4222 1809 0 3887 4621 4440 1794 3704 3922 6878 2687 831 2900 5139 4655 3358 2040 5629 4221 3127 3428 2850 1037 339 6046 4164 2408 2234 
76 3000 2091 5729 6161 5511 5448 1798 3146 5510 1292 4934 3870 2809 4139 5556 6517 2424 5492 6300 3488 3150 5212 3977 6976 6129 713 2450 5291 3027 919 4712 6770 5666 6040 3304 3726 5285 1312 5405 2443 4811 6124 4343 3772 2941 2783 5629 4330 5470 3318 3789 2221 1026 3671 3051 4627 4904 6670 3121 6385 1585 4776 1399 4925 6850 6375 2619 2327 1251 4690 5683 3779 4167 5664 3590 3887 0 1372 6297 3654 543 5305 3397 2454 3136 2992 3285 4520 6002 3568 1886 6155 4828 2993 1391 4031 4208 5267 6314 2820 5248 
77 3000 845 4642 5822 5372 5184 931 3399 4595 771 5234 4564 4062 4573 5499 5745 1302 5871 5361 2153 2994 5500 4771 6042 5783 2023 3764 5637 1663 1525 4667 5917 5756 5466 2365 3717 4281 1910 4874 1675 4323 5927 3583 2410 2860 1844 6115 3154 4972 3168 3819 1788 2099 2710 2839 3706 4078 6867 4103 5628 231 5300 2436 4534 5907 6542 3785 3624 625 4258 5952 3145 2965 5256 3763 4621 1372 0 5964 3831 1083 4925 2268 2389 3797 4317 2091 3729 5986 4762 1178 5864 4637 2501 1770 4460 4901 4182 6085 2823 5459 
78 3000 6458 3811 142 1079 871 5034 3465 2877 6713 2778 4300 6476 3396 1328 2150 6907 3094 3017 6664 3148 2707 4671 3166 185 6220 6729 2941 6229 5398 1843 2645 1877 1166 3930 2685 3351 5092 1313 4314 1696 620 2754 5759 3364 4300 3592 4367 1161 2982 2678 4210 5716 3760 3248 3147 2660 2571 5323 2049 6038 3651 5573 1431 3176 2321 5986 6565 6566 1715 2639 2903 4524 751 3036 4440 6297 5964 0 2998 5797 1042 7518 3843 4306 7065 4706 2734 1417 6424 7118 224 1519 3463 4931 3414 4291 3784 479 3506 2402 
79 3000 4569 4615 2887 2008 2141 3045 517 3849 4448 1414 1653 3494 993 1965 4170 5060 2079 4507 5361 1069 1673 2051 5032 2872 3398 3731 1831 4816 2741 1174 4612 2011 3271 2925 506 4001 2346 2683 2614 2182 2645 2708 4830 1059 2901 2410 4084 2650 974 408 2169 2869 3066 1243 3331 3186 3054 2405 4019 3993 1736 2658 2013 4958 2743 3000 3567 4315 1968 2121 2177 4100 2599 67 1794 3654 3831 2998 0 3251 2259 5920 1456 1362 4081 3682 2875 2371 3541 4987 2804 1508 1872 2279 910 1832 4287 2862 1027 1634 
80 3000 1904 5204 5660 5045 4956 1288 2758 4968 1321 4583 3668 2980 3829 5109 5974 2313 5173 5759 3233 2659 4859 3826 6435 5627 988 2697 4958 2730 551 4261 6227 5256 5508 2771 3274 4750 988 4876 1904 4285 5649 3800 3388 2461 2255 5350 3830 4945 2831 3347 1681 1018 3137 2549 4087 4361 6296 3072 5842 1314 4506 1368 4411 6309 5991 2705 2551 1225 4170 5327 3238 3675 5151 3185 3704 543 1083 5797 3251 0 4795 3298 1967 2908 3253 2800 3976 5567 3682 1927 5662 4347 2456 974 3717 4008 4743 5833 2356 4871 
81 3000 5416 3194 900 1002 498 3994 2657 2255 5676 2528 3776 5741 2904 1336 2038 5868 3038 2649 5661 2176 2563 4171 3013 859 5276 5940 2823 5212 4420 1287 2528 1957 1035 2910 1847 2648 4142 595 3272 682 1190 1798 4790 2405 3263 3545 3470 477 2021 1879 3181 4788 2767 2256 2283 1845 2988 4662 1895 4996 3355 4679 391 2976 2671 5243 5769 5529 673 2681 1869 3606 365 2281 3922 5305 4925 1042 2259 4795 0 6495 2863 3620 6323 3704 1817 1731 5794 6077 974 795 2426 3962 2889 3845 3061 1264 2565 2272 
82 3000 1424 5024 7378 7156 6859 2879 5545 5392 2117 7334 6816 6206 6751 7348 6690 985 7997 6016 1013 4950 7587 7035 6643 7332 4110 5839 7751 1298 3786 6569 6695 7708 6750 3588 5705 4929 4178 6266 3381 5823 7627 4810 2067 4878 3258 8285 3565 6398 5108 5825 3754 4308 3786 4774 4631 5118 8863 6362 6611 2048 7499 4666 6124 6499 8526 5986 5723 2146 5830 8017 4628 3346 6769 5855 6878 3397 2268 7518 5920 3298 6495 0 4468 6050 6369 2841 4885 7848 6952 1589 7469 6419 4262 4030 6640 7150 4642 7744 4892 7502 
83 3000 3113 4072 3708 3081 2993 1590 1094 3544 3045 2871 2583 3386 2309 3162 4300 3603 3529 4315 3953 695 3130 2907 4947 3676 2428 3413 3285 3400 1557 2317 4639 3373 3669 1850 1340 3501 1298 3025 1257 2426 3681 2278 3536 496 1629 3826 3120 3070 864 1434 741 1968 2119 612 2776 2862 4478 2704 4156 2541 3070 1941 2491 4841 4154 2914 3233 2906 2278 3573 1636 3070 3226 1390 2687 2454 2389 3843 1456 1967 2863 4468 0 1902 3899 2453 2473 3635 3754 3558 3700 2379 883 1099 2200 2879 3658 3866 434 3073 
84 3000 4628 5776 4205 3263 3472 3264 1078 5091 4227 2017 767 2173 1141 3140 5517 5098 2444 5792 5702 2017 2281 1019 6348 4195 2651 2478 2285 5146 2358 2463 5946 2975 4633 3736 1823 5172 1925 4040 3136 3519 3886 3874 5406 1846 3528 2509 4994 4011 2031 1758 2591 2150 3974 2128 4464 4408 3750 1042 5366 4006 1653 1819 3372 6267 3507 1694 2330 4121 3309 2737 3268 4960 3956 1346 831 3136 3797 4306 1362 2908 3620 6050 1902 0 2765 4351 4058 3446 2180 4825 4100 2857 2698 2026 1056 1106 5402 4111 1679 2421 
85 3000 5081 7947 6961 6028 6220 4390 3667 7442 4252 4660 2999 591 3814 5899 8096 5409 4896 8206 6465 4382 4892 2777 8823 6948 2297 556 4818 5979 2988 5222 8480 5681 7301 5572 4477 7392 2851 6678 4730 6112 6650 6176 6621 4150 5157 4748 6804 6674 4473 4444 4248 2308 5905 4412 6668 6757 6275 1811 7947 4543 4012 2093 6034 8723 6092 1081 716 4232 5918 5300 5533 6694 6672 4051 2900 2992 4317 7065 4081 3253 6323 6369 3899 2765 0 5878 6370 6177 1091 4805 6862 5590 4772 3122 3756 3200 7515 6875 3957 5092 
86 3000 2086 2564 4568 4463 4108 1522 3482 2657 2787 5010 5033 5476 4652 4699 3915 2420 5693 3373 1958 2613 5224 5360 4043 4522 3762 5330 5434 1543 2903 4004 3993 5148 3908 827 3317 2266 3041 3433 1230 3023 4871 1972 1165 2654 823 6076 1063 3569 2725 3451 1779 3583 949 2438 1824 2292 6319 5066 3822 1997 5411 3790 3352 3903 5976 5072 5162 2660 3060 5597 1879 883 3955 3627 5139 3285 2091 4706 3682 2800 3704 2841 2453 4351 5878 0 2043 5195 6011 2903 4675 3752 1810 2777 4553 5319 2110 4967 2760 5071 
87 3000 4009 1739 2602 2741 2290 2846 2984 1071 4498 3830 4517 5846 3827 3041 2020 4405 4467 1846 3976 2056 3967 4909 2496 2554 4732 5886 4217 3587 3788 2581 2251 3605 1865 1389 2374 1126 3677 1425 2107 1168 3006 194 3032 2263 1888 4936 1653 1573 2027 2494 2324 4352 1109 1983 503 394 4728 5030 1900 3730 4490 4389 1548 2382 4394 5364 5706 4354 1302 4224 837 1795 1994 2852 4655 4520 3729 2734 2875 3976 1817 4885 2473 4058 6370 2043 0 3497 6142 4770 2740 2161 1626 3425 3762 4708 1433 3058 2453 3731 
88 3000 6622 4920 1422 756 1232 5101 2889 3976 6675 1570 3233 5590 2366 500 3504 7102 1723 4284 7111 2992 1415 3558 4526 1450 5769 5924 1612 6615 5084 1320 4008 533 2456 4369 2297 4379 4706 2294 4479 2330 796 3442 6337 3142 4600 2204 5130 2147 2818 2219 4205 5240 4312 3148 3985 3570 1259 4372 3385 6110 2405 5017 1948 4519 955 5129 5777 6534 2209 1245 3319 5243 1740 2430 3358 6002 5986 1417 2371 5567 1731 7848 3635 3446 6177 5195 3497 0 5398 7165 1211 1443 3590 4613 2421 3143 4792 974 3218 1138 
89 3000 5583 7812 6333 5355 5617 4622 3226 7200 4860 3837 2165 810 3051 5181 7693 5969 3974 7927 6901 4088 4041 1861 8504 6327 2858 1319 3930 6378 3281 4596 8115 4879 6812 5566 4001 7226 3008 6220 4797 5693 5951 5951 6894 3879 5226 3767 6835 6191 4139 3938 4265 2664 5864 4161 6503 6511 5348 1139 7542 4994 3099 2336 5552 8417 5197 979 1346 4811 5485 4411 5319 6756 6124 3527 2040 3568 4762 6424 3541 3682 5794 6952 3754 2180 1091 6011 6142 5398 0 5451 6210 5020 4634 3256 3018 2290 7408 6179 3690 4274 
90 3000 829 5441 6976 6549 6351 2090 4538 5542 609 6379 5589 4681 5685 6678 6756 754 7004 6274 2027 4172 6649 5753 6947 6936 2593 4286 6776 1789 2470 5845 6878 6930 6565 3381 4892 5169 2900 5992 2806 5458 7099 4641 2753 4035 2896 7222 3907 6098 4346 4991 2965 2871 3693 4018 4673 5092 8033 4972 6649 1080 6392 3244 5686 6807 7711 4505 4181 704 5406 7106 4261 3694 6400 4920 5629 1886 1178 7118 4987 1927 6077 1589 3558 4825 4805 2903 4770 7165 5451 0 7025 5812 3662 2823 5572 5929 4998 7253 3991 6620 
91 3000 6380 3907 214 859 707 4936 3279 2965 6606 2554 4081 6272 3177 1103 2318 6835 2874 3155 6633 3005 2482 4450 3338 252 6059 6532 2718 6186 5250 1640 2818 1657 1299 3885 2510 3424 4935 1342 4227 1651 418 2745 5748 3215 4234 3373 4387 1185 2836 2495 4097 5551 3734 3114 3174 2698 2394 5113 2209 5945 3426 5399 1351 3342 2132 5784 6370 6459 1642 2422 2843 4536 748 2844 4221 6155 5864 224 2804 5662 974 7469 3700 4100 6862 4675 2740 1211 6210 7025 0 1346 3363 4781 3197 4069 3854 338 3351 2177 
92 3000 5226 3758 1397 741 648 3727 1953 2855 5356 1788 2982 5003 2108 946 2821 5700 2361 3355 5668 1690 1867 3376 3773 1377 4713 5231 2125 5176 3917 505 3302 1450 1830 2926 1166 3169 3592 1331 3068 1052 1304 2072 4898 1887 3164 2855 3743 1250 1516 1163 2849 4205 2880 1818 2663 2318 2600 3894 2675 4742 2585 4055 707 3725 2260 4509 5064 5211 869 2072 1880 3840 1104 1539 3127 4828 4637 1519 1508 4347 795 6419 2379 2857 5590 3752 2161 1443 5020 5812 1346 0 2178 3446 2093 3050 3549 1486 2012 1601 
93 3000 3049 3189 3322 2920 2690 1573 1719 2690 3250 3209 3308 4267 2850 3090 3549 3521 3892 3472 3579 803 3434 3665 4120 3283 3128 4274 3635 3057 2192 2308 3846 3452 3056 1067 1516 2621 2053 2430 890 1850 3443 1434 2966 877 1058 4266 2299 2510 916 1649 779 2729 1275 632 1897 2020 4615 3567 3412 2584 3606 2764 2034 4008 4275 3796 4095 3103 1765 3826 810 2279 2763 1819 3428 2993 2501 3463 1872 2456 2426 4262 883 2698 4772 1810 1626 3590 4634 3662 3363 2178 0 1805 2755 3570 2775 3592 1022 3301 
94 3000 2606 4875 4798 4122 4074 1375 1783 4478 2240 3610 2794 2699 2870 4165 5344 3072 4207 5266 3758 1787 3886 3004 5921 4768 1338 2586 3989 3211 473 3320 5652 4288 4760 2460 2334 4352 271 4117 1607 3518 4738 3235 3643 1567 2035 4402 3682 4167 1949 2397 1148 927 2804 1711 3642 3820 5321 2416 5203 1982 3568 1031 3591 5806 5017 2300 2412 2122 3376 4353 2615 3573 4325 2214 2850 1391 1770 4931 2279 974 3962 4030 1099 2026 3122 2777 3425 4613 3256 2823 4781 3446 1805 0 2758 3132 4430 4931 1434 3897 
95 3000 5250 5499 3330 2339 2637 3767 1106 4703 4997 963 893 3169 112 2164 4896 5736 1461 5323 6154 1956 1231 1283 5810 3327 3627 3515 1267 5601 3171 1622 5362 1931 3924 3818 1391 4885 2739 3394 3432 2964 2933 3601 5687 1900 3754 1654 4992 3332 1878 1268 2942 3105 3971 2122 4229 4056 2708 1955 4747 4646 869 2809 2726 5747 2455 2712 3374 4876 2746 1696 3086 5005 3185 951 1037 4031 4460 3414 910 3717 2889 6640 2200 1056 3756 4553 3762 2421 3018 5572 3197 2093 2755 2758 0 973 5184 3160 1814 1365 
96 3000 5730 6447 4220 3212 3561 4338 1851 5667 5329 1573 340 2648 942 2988 5863 6202 1698 6296 6773 2800 1756 430 6783 4222 3672 3089 1639 6216 3460 2563 6333 2615 4879 4637 2334 5833 3029 4362 4136 3937 3763 4540 6415 2693 4500 1582 5855 4296 2754 2220 3606 3198 4827 2949 5163 5013 3077 1437 5715 5108 814 2844 3696 6720 2909 2276 2984 5225 3720 2121 3996 5848 4127 1858 339 4208 4901 4291 1832 4008 3845 7150 2879 1106 3200 5319 4708 3143 2290 5929 4069 3050 3570 3132 973 0 6118 3988 2564 2007 
97 3000 4171 462 3675 4050 3560 3471 4345 941 4895 5258 5911 7029 5252 4372 2188 4449 5886 1382 3636 3386 5386 6297 2002 3627 5631 6998 5639 3428 4700 3994 2083 4966 2678 1988 3792 433 4699 2529 2870 2506 4193 1583 2580 3562 2488 6361 1102 2685 3389 3916 3282 5339 1630 3278 955 1233 6047 6328 2155 4103 5923 5452 2882 1859 5723 6566 6820 4767 2679 5621 2138 1323 3125 4259 6046 5267 4182 3784 4287 4743 3061 4642 3658 5402 7515 2110 1433 4792 7408 4998 3854 3549 2775 4430 5184 6118 0 4192 3742 5140 
98 3000 6627 4246 538 855 902 5163 3357 3304 6818 2437 4028 6284 3129 1001 2628 7088 2686 3484 6923 3175 2333 4384 3646 582 6183 6569 2553 6467 5402 1687 3124 1470 1628 4167 2620 3762 5070 1674 4468 1946 227 3055 6053 3374 4497 3174 4709 1517 3002 2589 4306 5668 4031 3296 3501 3030 2092 5102 2525 6175 3304 5496 1620 3654 1849 5804 6410 6672 1914 2215 3116 4854 1077 2908 4164 6314 6085 479 2862 5833 1264 7744 3866 4111 6875 4967 3058 974 6179 7253 338 1486 3592 4931 3160 3988 4192 0 3496 2034 
99 3000 3545 4131 3375 2692 2644 2018 722 3517 3472 2442 2291 3413 1919 2753 4151 4035 3105 4262 4350 427 2698 2643 4869 3347 2716 3505 2859 3801 1906 1906 4524 2943 3438 2078 921 3538 1585 2796 1618 2204 3304 2262 3879 193 1948 3416 3322 2822 549 1006 1144 2223 2298 470 2819 2827 4043 2589 4004 2976 2683 2128 2212 4771 3720 2923 3327 3335 2032 3140 1629 3298 2930 962 2408 2820 2823 3506 1027 2356 2565 4892 434 1679 3957 2760 2453 3218 3690 3991 3351 2012 1022 1434 1814 2564 3742 3496 0 2638 
100 3000 6180 5358 2359 1378 1846 4647 2113 4454 6082 437 2114 4510 1290 1077 4278 6670 767 4918 6877 2556 306 2425 5276 2373 4918 4875 556 6346 4348 1150 4778 608 3226 4257 1800 4767 3936 2863 4139 2653 1818 3620 6236 2628 4359 1272 5240 2749 2404 1677 3752 4389 4297 2733 4233 3915 1424 3280 4142 5615 1274 4122 2301 5244 1127 4066 4737 5949 2465 526 3297 5310 2447 1701 2234 5248 5459 2402 1634 4871 2272 7502 3073 2421 5092 5071 3731 1138 4274 6620 2177 1601 3301 3897 1365 2007 5140 2034 2638 0 
