FILE: 2211EuclS.txt
100 100 0 
1 3000 0 3270 4575 6366 2916 5281 4129 6210 7319 3097 4476 2960 2707 6616 6344 5634 3830 6763 1184 4679 879 2988 6875 5850 2775 3399 3515 5252 922 6072 5805 3477 911 6698 6488 5018 2323 4261 5301 3565 5330 4095 7369 5140 4840 1712 6489 7063 4219 1630 4297 2302 1759 2647 5756 3078 4920 5877 3820 6563 5548 6226 6069 6162 6629 2562 3772 7325 6020 5674 499 4986 5200 5434 2543 4084 5718 621 4789 4256 4912 4123 1831 2553 4313 6583 2739 2895 3676 4022 6176 5326 6117 5508 5384 7262 6258 4668 5910 6368 
2 3000 3270 0 2186 3365 1970 3672 2657 3675 4133 504 1714 2542 2528 3536 3084 3391 2748 3642 4361 1610 3885 2681 3612 3375 1241 889 3452 3394 3565 3255 2747 3678 4080 4065 3362 4306 1132 1525 2755 847 4077 2124 4107 2470 2187 2722 3524 3809 2921 3124 1652 2834 2653 2584 3339 398 1786 2607 3823 3713 4433 3395 3493 2956 3453 743 2933 4161 3116 4078 2829 1727 4623 4789 1463 835 4663 3544 1532 2853 1650 3483 1602 2134 3669 3317 1721 684 2159 1557 2968 4544 3162 2256 3803 3993 3567 1850 3817 3169 
3 3000 4575 2186 0 2006 1785 5655 1135 5150 3207 2690 3432 2125 2326 4308 3258 5120 4912 2554 5759 2987 5387 2221 3624 1296 3412 3025 2624 1272 4426 1561 3747 2926 5484 2124 4058 2671 2375 715 4382 1356 2158 4174 3642 637 3858 3210 2070 3884 1379 3588 563 2888 4617 4728 4960 2580 1400 2727 2859 2041 2531 1713 1496 3490 3983 2710 1801 3151 1587 1990 4075 1979 3001 3094 3600 2231 2759 4565 1906 1256 1994 2187 2786 4277 2287 3059 3891 2850 4308 3525 3493 2813 4247 2156 1754 3823 1687 3468 1630 2451 
4 3000 6366 3365 2006 0 3760 5898 3055 4807 1256 3797 3720 4132 4328 3447 2185 5068 5636 605 7535 3136 7110 4228 2276 1395 4531 3910 4575 2493 6346 599 3252 4878 7254 1230 3192 4228 4051 2108 4338 2814 3490 4707 1907 1369 3980 5166 191 2519 3239 5559 2090 4886 6019 5865 4805 3728 1592 1884 4760 570 3804 535 1180 2658 2988 4082 3745 1171 434 3025 5874 1931 4524 4532 4790 2864 3986 6448 2056 3116 2014 4030 4534 5431 4075 1666 4985 4018 5036 4062 2652 4254 3690 1568 2966 2272 917 3648 2173 910 
5 3000 2916 1970 1785 3760 0 5571 1230 5631 4898 2313 3679 578 639 5276 4507 5360 4448 4266 4087 3484 3775 718 4973 2987 2778 2790 1482 2340 2655 3345 4548 1710 3824 3852 5063 2542 1220 1767 4722 1451 2579 4022 5196 2412 4153 1426 3841 5215 1372 1804 1722 1145 3424 3836 5308 2197 2664 3962 1857 3826 2872 3498 3227 4560 5081 1952 1101 4862 3356 2820 2427 3030 2824 3024 2831 2609 3080 2819 2865 1381 2994 1629 1349 3428 1833 4500 3180 2329 3932 3513 4569 2823 5010 3436 2523 5264 3452 3802 2993 4039 
6 3000 5281 3672 5655 5898 5571 0 6319 1766 5920 3261 2257 6110 6031 3271 4116 1058 1453 5803 5795 2802 5288 6241 4482 6574 2887 2794 7036 6926 6056 6120 2861 7222 5599 7001 3376 7978 4436 4940 1614 4467 7712 1552 5339 5684 1921 5819 6089 4467 6588 6121 5093 6167 3567 2674 1391 3380 4576 4115 7418 6432 8076 6209 6585 3593 3667 3658 6595 6037 5890 7640 5126 4038 8295 8461 2967 3426 8308 5849 3981 6514 3970 7145 4644 2733 7336 4727 2656 3247 1712 2145 3608 8213 2661 4330 7386 4890 6525 2279 7205 5180 
7 3000 4129 2657 1135 3055 1230 6319 0 6057 4293 3117 4206 1263 1514 5368 4372 5927 5367 3634 5288 3855 4996 1308 4755 1971 3732 3547 1520 1126 3772 2529 4749 1822 5031 2831 5126 1685 2316 1617 5220 1857 1445 4778 4771 1715 4665 2531 3084 5013 280 2843 1483 2068 4603 4923 5810 2995 2481 3834 1727 2962 1786 2667 2240 4568 5073 2921 690 4223 2621 1599 3647 3018 2014 2156 3846 3008 2013 3975 2909 195 3016 1058 2554 4492 1176 4194 4180 3207 4799 4180 4573 1897 5244 3264 1302 4958 2514 4282 1805 3580 
8 3000 6210 3675 5150 4807 5631 1766 6057 0 4531 3458 1962 6208 6203 1635 2732 745 2754 4564 6960 2202 6433 6348 2972 5774 3467 3001 7102 6389 6834 5166 1555 7341 6724 6009 1808 7738 4719 4481 942 4266 7308 2128 3831 4983 1495 6285 4992 2896 6337 6653 4631 6487 4689 3888 478 3548 3831 2922 7462 5374 7680 5219 5715 2201 2097 4002 6495 4668 4914 7106 5932 3229 8070 8196 3672 3068 7909 6696 3258 6239 3191 7028 5080 3756 7192 3358 3479 3561 2606 2263 2211 7924 1143 3319 6895 3334 5583 1828 6505 3964 
9 3000 7319 4133 3207 1256 4898 5920 4293 4531 0 4484 3972 5315 5495 2959 1817 4962 5966 659 8459 3403 8002 5419 1597 2619 5161 4471 5812 3740 7401 1843 3073 6115 8177 2195 2741 5476 5001 3159 4305 3768 4724 4992 862 2583 4095 6266 1287 1760 4487 6672 3180 6040 6731 6427 4655 4442 2398 1856 6008 1594 5026 1747 2375 2352 2469 4876 4981 158 1688 4235 6841 2443 5767 5765 5440 3452 5196 7470 2626 4363 2529 5283 5505 6023 5331 1195 5570 4714 5408 4414 2340 5490 3392 1923 4200 1371 2077 3845 3361 964 
10 3000 3097 504 2690 3797 2313 3261 3117 3458 4484 0 1518 2865 2811 3546 3272 3089 2259 4032 4123 1593 3624 2999 3807 3874 749 481 3789 3891 3517 3725 2737 3992 3846 4549 3402 4739 1264 2026 2518 1346 4549 1709 4378 2965 1967 2831 3964 3981 3373 3209 2155 3039 2249 2097 3080 121 2206 2842 4168 4173 4900 3861 3986 3064 3533 570 3337 4525 3574 4570 2700 2042 5050 5225 993 1045 5129 3450 1857 3312 1958 3888 1636 1651 4080 3582 1225 230 1682 1227 3078 4987 3099 2570 4291 4210 4049 1687 4321 3522 
11 3000 4476 1714 3432 3720 3679 2257 4206 1962 3972 1518 0 4254 4242 2176 2336 1721 1994 3720 5380 586 4858 4393 2834 4316 1713 1098 5157 4704 4995 3887 1384 5389 5120 4770 2094 5890 2767 2721 1043 2364 5541 1020 3589 3427 473 4347 3910 2933 4483 4728 2876 4528 3217 2640 1631 1599 2321 2118 5522 4229 5912 3985 4332 1940 2297 2080 4586 4062 3666 5422 4133 1808 6217 6362 1977 1210 6143 4896 1731 4395 1733 5128 3154 2328 5302 2844 1919 1652 1457 516 1956 6100 1642 2173 5181 3270 4285 196 4952 3109 
12 3000 2960 2542 2125 4132 578 6110 1263 6208 5315 2865 4254 0 258 5842 5040 5929 4944 4670 4086 4063 3839 139 5493 3202 3279 3345 925 2374 2520 3667 5121 1135 3840 4070 5626 2170 1697 2252 5297 2019 2374 4567 5669 2763 4728 1290 4193 5739 1285 1581 2182 806 3743 4246 5882 2751 3169 4493 1308 4131 2614 3815 3462 5115 5636 2463 812 5267 3712 2721 2503 3572 2419 2636 3302 3187 2800 2740 3413 1345 3540 1236 1687 3861 1442 4999 3652 2863 4450 4076 5123 2469 5586 3954 2437 5767 3716 4380 3062 4495 
13 3000 2707 2528 2326 4328 639 6031 1514 6203 5495 2811 4242 258 0 5905 5147 5894 4828 4855 3828 4086 3586 291 5612 3437 3173 3293 1037 2629 2263 3879 5168 1191 3584 4307 5695 2385 1596 2393 5281 2083 2624 4498 5821 2963 4714 1032 4397 5854 1543 1329 2336 568 3545 4083 5861 2702 3299 4602 1420 4348 2855 4028 3694 5197 5718 2373 1064 5452 3913 2979 2256 3670 2619 2841 3176 3218 3036 2482 3504 1602 3633 1456 1518 3710 1658 5134 3526 2789 4353 4034 5206 2688 5623 4074 2695 5899 3943 4377 3317 4655 
14 3000 6616 3536 4308 3447 5276 3271 5368 1635 2959 3546 2176 5842 5905 0 1262 2220 3846 3095 7553 1954 7032 5979 1367 4616 3882 3218 6650 5431 7060 3906 810 6925 7290 4678 260 6979 4668 3755 1785 3825 6421 2948 2210 3969 1941 6253 3617 1264 5640 6659 3885 6306 5388 4749 1886 3590 2907 1652 6970 4014 6786 3925 4499 835 490 4111 5926 3105 3650 6115 6241 2350 7310 7397 4152 2726 7004 6995 2470 5526 2355 6411 5127 4481 6544 1844 4089 3730 3467 2680 835 7114 638 2190 5951 1703 4311 1980 5398 2547 
15 3000 6344 3084 3258 2185 4507 4116 4372 2732 1817 3272 2336 5040 5147 1262 0 3145 4301 1849 7395 1839 6896 5169 534 3394 3817 3100 5764 4282 6634 2660 1258 6054 7118 3416 1009 5906 4162 2819 2503 3098 5292 3326 1264 2829 2358 5670 2355 728 4631 6086 2924 5614 5409 4945 2838 3274 1902 548 6052 2752 5648 2671 3260 536 807 3783 4987 1945 2405 4942 5912 1481 6231 6298 4104 2260 5859 6627 1660 4510 1528 5430 4662 4590 5541 627 4149 3493 3792 2831 524 6013 1589 1110 4801 952 3058 2175 4186 1285 
16 3000 5634 3391 5120 5068 5360 1058 5927 745 4962 3089 1721 5929 5894 2220 3145 0 2040 4906 6319 2137 5795 6066 3471 5892 2959 2610 6843 6386 6311 5357 1890 7063 6094 6226 2340 7612 4347 4419 751 4084 7251 1547 4333 5044 1265 5865 5258 3438 6205 6213 4573 6123 4044 3211 334 3193 3897 3218 7214 5622 7622 5429 5867 2611 2633 3592 6299 5087 5114 7106 5392 3315 7938 8083 3129 2924 7853 6149 3300 6116 3261 6844 4657 3124 7021 3768 2895 3150 1969 1861 2624 7820 1625 3517 6874 3867 5771 1654 6580 4288 
17 3000 3830 2748 4912 5636 4448 1453 5367 2754 5966 2259 1994 4944 4828 3846 4301 2040 0 5692 4358 2566 3845 5066 4773 6013 1669 1887 5859 6141 4623 5718 3184 6014 4155 6589 3855 6955 3246 4216 2083 3595 6805 977 5564 5094 1967 4483 5822 4838 5616 4755 4358 4886 2115 1226 2278 2378 4119 4112 6244 6108 7153 5833 6083 3855 4112 2497 5527 6054 5521 6826 3694 3705 7255 7442 1656 2829 7380 4405 3584 5561 3622 6070 3359 1295 6270 4834 1312 2160 613 1577 3871 7215 3213 4133 6550 5209 6090 2133 6534 5091 
18 3000 6763 3642 2554 605 4266 5803 3634 4564 659 4032 3720 4670 4855 3095 1849 4906 5692 0 7917 3135 7473 4771 1819 1993 4739 4076 5153 3099 6803 1202 3033 5456 7635 1689 2851 4833 4440 2549 4204 3199 4093 4734 1328 1927 3914 5650 671 2041 3828 6051 2558 5405 6279 6043 4620 3978 1864 1690 5349 1035 4404 1121 1764 2367 2614 4380 4323 597 1031 3620 6278 2034 5129 5135 5011 3032 4582 6886 2197 3704 2121 4625 4937 5624 4674 1253 5171 4260 5110 4118 2358 4858 3424 1561 3569 1741 1480 3618 2758 622 
19 3000 1184 4361 5759 7535 4087 5795 5288 6960 8459 4123 5380 4086 3828 7553 7395 6319 4358 7917 0 5659 527 4098 7930 7034 3671 4354 4540 6413 1682 7252 6750 4456 282 7882 7449 6059 3485 5435 6097 4725 6435 4834 8468 6322 5693 2802 7662 8104 5362 2617 5475 3368 2274 3133 6488 4123 6064 6952 4806 7743 6629 7406 7253 7170 7614 3628 4889 8472 7195 6807 1683 6088 6210 6446 3403 5148 6785 1384 5893 5407 6011 5197 3005 3203 5377 7676 3510 3904 4357 4892 7185 6365 7014 6616 6522 8330 7441 5576 7079 7502 
20 3000 4679 1610 2987 3136 3484 2802 3855 2202 3403 1593 586 4063 4086 1954 1839 2137 2566 3135 5659 0 5146 4202 2360 3784 2011 1306 4934 4250 5105 3320 1149 5186 5389 4203 1810 5538 2736 2296 1395 2077 5132 1600 3067 2916 896 4330 3326 2492 4135 4729 2449 4434 3589 3107 1973 1636 1782 1559 5285 3651 5504 3413 3785 1520 1956 2157 4299 3488 3094 4970 4292 1237 5869 5999 2295 879 5735 5043 1183 4038 1168 4828 3181 2751 4991 2301 2314 1784 2005 1014 1536 5729 1552 1586 4742 2790 3723 522 4450 2527 
21 3000 879 3885 5387 7110 3775 5288 4996 6433 8002 3624 4858 3839 3586 7032 6896 5795 3845 7473 527 5146 0 3868 7431 6674 3151 3840 4384 6115 1631 6852 6230 4333 315 7510 6931 5892 3064 5021 5569 4295 6210 4307 7985 5929 5166 2589 7243 7600 5093 2477 5071 3177 1750 2619 5962 3630 5613 6462 4679 7341 6428 7005 6883 6660 7100 3145 4651 8019 6782 6549 1349 5611 6067 6302 2880 4657 6596 1302 5417 5127 5533 5001 2606 2676 5190 7191 2982 3402 3831 4367 6675 6200 6489 6141 6259 7835 7058 5054 6765 7041 
22 3000 2988 2681 2221 4228 718 6241 1308 6348 5419 2999 4393 139 291 5979 5169 6066 5066 4771 4098 4202 3868 0 5620 3266 3403 3480 795 2402 2508 3753 5259 997 3858 4132 5762 2094 1822 2374 5435 2156 2342 4699 5785 2858 4867 1296 4285 5866 1301 1556 2301 769 3830 4352 6020 2886 3294 4622 1180 4212 2566 3899 3529 5249 5770 2591 791 5369 3805 2714 2542 3704 2331 2552 3421 3326 2745 2741 3546 1372 3673 1164 1788 3971 1367 5121 3771 2994 4577 4212 5257 2397 5724 4080 2435 5889 3789 4519 3094 4608 
23 3000 6875 3612 3624 2276 4973 4482 4755 2972 1597 3807 2834 5493 5612 1367 534 3471 4773 1819 7930 2360 7431 5620 0 3592 4348 3631 6185 4561 7153 2816 1637 6479 7652 3484 1164 6230 4680 3250 2887 3588 5578 3804 862 3138 2812 6170 2421 261 5004 6587 3342 6093 5939 5459 3149 3808 2328 1027 6458 2816 5924 2798 3423 920 880 4315 5391 1746 2572 5189 6441 1972 6551 6602 4635 2791 6127 7152 2159 4881 2027 5811 5182 5111 5910 618 4673 4028 4283 3338 904 6317 1855 1539 5073 436 3188 2664 4389 1377 
24 3000 5850 3375 1296 1395 2987 6574 1971 5774 2619 3874 4316 3202 3437 4616 3394 5892 6013 1993 7034 3784 6674 3266 3592 0 4616 4142 3435 1140 5640 799 4249 3728 6761 869 4356 2866 3671 1852 5141 2594 2105 5188 3302 918 4681 4403 1332 3847 2077 4754 1738 4004 5897 5955 5678 3773 2002 2967 3553 1075 2410 873 277 3785 4198 3967 2632 2510 1024 1630 5352 2576 3150 3146 4827 3204 2590 5804 2601 1966 2631 2801 4078 5504 2807 2974 5096 4057 5400 4522 3783 2871 4731 2473 1580 3644 580 4303 797 2222 
25 3000 2775 1241 3412 4531 2778 2887 3732 3467 5161 749 1713 3279 3173 3882 3817 2959 1669 4739 3671 2011 3151 3403 4348 4616 0 717 4198 4581 3368 4473 3079 4364 3408 5298 3780 5292 1581 2766 2540 2057 5176 1426 4986 3711 2064 2945 4701 4496 3972 3270 2889 3280 1595 1348 3032 843 2939 3441 4583 4918 5516 4608 4733 3532 3955 828 3860 5212 4319 5241 2467 2720 5589 5779 287 1711 5740 3232 2545 3925 2633 4402 1757 903 4602 4194 479 562 1183 1246 3547 5557 3354 3237 4956 4768 4798 1908 5041 4207 
26 3000 3399 889 3025 3910 2790 2794 3547 3001 4471 481 1098 3345 3293 3218 3100 2610 1887 4076 4354 1306 3840 3480 3631 4142 717 0 4268 4261 3897 3909 2408 4473 4086 4762 3099 5189 1737 2329 2059 1723 4966 1242 4273 3224 1521 3283 4086 3782 3809 3652 2470 3514 2312 1967 2611 593 2331 2727 4646 4332 5323 4036 4228 2824 3260 1000 3801 4528 3734 4954 3040 2043 5504 5674 1004 1048 5553 3802 1880 3742 1956 4351 2078 1553 4541 3481 1099 560 1284 751 2839 5431 2725 2549 4683 4051 4260 1283 4646 3525 
27 3000 3515 3452 2624 4575 1482 7036 1520 7102 5812 3789 5157 925 1037 6650 5764 6843 5859 5153 4540 4934 4384 795 6185 3435 4198 4268 0 2399 2872 4044 5958 303 4326 4265 6423 1518 2617 2944 6200 2862 2002 5492 6264 3229 5630 1814 4602 6438 1360 1924 2843 1221 4550 5117 6787 3674 3863 5217 384 4464 2125 4179 3711 5891 6409 3387 830 5743 4141 2494 3120 4330 1684 1918 4210 4055 2258 3155 4188 1476 4310 738 2553 4747 873 5651 4561 3788 5373 4995 5898 1824 6433 4658 2259 6420 4000 5275 3078 5074 
28 3000 5252 3394 1272 2493 2340 6926 1126 6389 3740 3891 4704 2374 2629 5431 4282 6386 6141 3099 6413 4250 6115 2402 4561 1140 4581 4261 2399 0 4892 1897 4941 2677 6155 1893 5174 1735 3321 1986 5645 2547 1017 5435 4375 1462 5127 3654 2455 4821 1106 3954 1833 3170 5623 5852 6218 3775 2572 3793 2465 2215 1366 1997 1411 4597 5059 3818 1662 3638 2081 720 4766 3174 2031 2052 4739 3503 1577 5100 3131 1029 3204 1712 3623 5407 1691 3953 5052 4027 5544 4791 4598 1770 5439 3241 520 4670 1718 4737 694 3235 
29 3000 922 3565 4426 6346 2655 6056 3772 6834 7401 3517 4995 2520 2263 7060 6634 6311 4623 6803 1682 5105 1631 2508 7153 5640 3368 3897 2872 4892 0 5978 6253 2775 1498 6507 6906 4390 2473 4254 5903 3648 4808 4764 7556 5037 5401 1243 6447 7362 3804 963 4257 1746 2625 3486 6399 3469 5028 6131 3126 6465 4981 6132 5882 6521 7014 2949 3294 7387 5964 5217 930 5201 4531 4767 3181 4401 5127 330 5007 3865 5136 3551 1971 3328 3723 6793 3435 3350 4394 4589 6534 4695 6612 5699 4941 7513 6105 5179 5577 6478 
30 3000 6072 3255 1561 599 3345 6120 2529 5166 1843 3725 3887 3667 3879 3906 2660 5357 5718 1202 7252 3320 6852 3753 2816 799 4473 3909 4044 1897 5978 0 3617 4345 6973 882 3647 3633 3790 1838 4612 2591 2891 4829 2502 941 4201 4769 566 3067 2692 5149 1780 4444 5884 5820 5117 3641 1598 2280 4208 490 3206 154 607 3089 3467 3931 3217 1745 256 2429 5574 2083 3927 3933 4713 2892 3388 6104 2160 2572 2154 3469 4250 5376 3503 2198 4942 3932 5107 4168 3085 3655 4081 1851 2367 2849 416 3843 1586 1439 
31 3000 5805 2747 3747 3252 4548 2861 4749 1555 3073 2737 1384 5121 5168 810 1258 1890 3184 3033 6750 1149 6230 5259 1637 4249 3079 2408 5958 4941 6253 3617 0 6224 6485 4454 710 6400 3878 3133 1253 3104 5898 2240 2482 3500 1222 5469 3438 1664 5027 5871 3274 5547 4602 4000 1591 2784 2369 1369 6292 3819 6269 3666 4175 732 934 3304 5267 3197 3363 5647 5431 1771 6732 6837 3351 1958 6494 6186 1847 4918 1753 5772 4329 3708 5918 1878 3304 2919 2746 1897 746 6558 499 1778 5456 2061 4033 1190 4998 2423 
32 3000 3477 3678 2926 4878 1710 7222 1822 7341 6115 3992 5389 1135 1191 6925 6054 7063 6014 5456 4456 5186 4333 997 6479 3728 4364 4473 303 2677 2775 4345 6224 0 4254 4553 6700 1643 2788 3235 6431 3122 2212 5686 6566 3533 5863 1812 4903 6732 1657 1855 3136 1237 4617 5224 7017 3880 4155 5506 351 4763 2295 4479 4005 6173 6691 3565 1133 6045 4444 2729 3112 4614 1757 1993 4359 4307 2407 3074 4468 1775 4591 982 2674 4870 1079 5949 4707 3978 5544 5208 6180 1941 6696 4950 2508 6718 4295 5513 3349 5375 
33 3000 911 4080 5484 7254 3824 5599 5031 6724 8177 3846 5120 3840 3584 7290 7118 6094 4155 7635 282 5389 315 3858 7652 6761 3408 4086 4326 6155 1498 6973 6485 4254 0 7608 7183 5843 3203 5154 5853 4443 6199 4597 8187 6044 5440 2565 7381 7828 5111 2404 5195 3140 2052 2928 6255 3845 5781 6673 4604 7464 6401 7127 6979 6898 7345 3348 4648 8189 6915 6561 1409 5807 6003 6239 3143 4869 6561 1183 5611 5153 5730 4970 2724 2971 5153 7395 3262 3629 4127 4635 6912 6150 6756 6334 6274 8051 7165 5315 6817 7219 
34 3000 6698 4065 2124 1230 3852 7001 2831 6009 2195 4549 4770 4070 4307 4678 3416 6226 6589 1689 7882 4203 7510 4132 3484 869 5298 4762 4265 1893 6507 882 4454 4553 7608 0 4422 3534 4480 2581 5484 3341 2732 5709 2999 1619 5081 5271 1067 3718 2918 5623 2491 4873 6657 6646 5979 4458 2474 3095 4356 669 2975 796 629 3883 4217 4708 3479 2055 1113 2179 6198 2965 3783 3737 5528 3760 3114 6666 3042 2813 3036 3602 4907 6198 3584 2885 5773 4748 5977 5046 3877 3481 4905 2710 2229 3430 501 4725 1309 2137 
35 3000 6488 3362 4058 3192 5063 3376 5126 1808 2741 3402 2094 5626 5695 260 1009 2340 3855 2851 7449 1810 6931 5762 1164 4356 3780 3099 6423 5174 6906 3647 710 6700 7183 4422 0 6730 4493 3516 1834 3612 6166 2930 2023 3712 1912 6071 3363 1099 5397 6479 3644 6107 5312 4707 2011 3439 2658 1392 6740 3760 6530 3667 4239 577 293 3963 5692 2884 3390 5857 6102 2109 7060 7145 4055 2542 6748 6851 2237 5281 2119 6172 4961 4418 6303 1604 4014 3594 3443 2607 576 6862 716 1932 5694 1534 4052 1900 5137 2295 
36 3000 5018 4306 2671 4228 2542 7978 1685 7738 5476 4739 5890 2170 2385 6979 5906 7612 6955 4833 6059 5538 5892 2094 6230 2866 5292 5189 1518 1735 4390 3633 6400 1643 5843 3534 6730 0 3761 3272 6906 3534 809 6430 6099 3091 6351 3307 4190 6492 1407 3442 3127 2716 5912 6376 7496 4618 4071 5387 1300 3936 707 3731 3129 6160 6649 4464 1441 5372 3811 1387 4603 4642 332 486 5366 4694 771 4674 4553 1500 4651 934 3844 5970 728 5635 5712 4801 6411 5849 6163 307 6898 4818 1306 6371 3437 5968 2224 4941 
37 3000 2323 1132 2375 4051 1220 4436 2316 4719 5001 1264 2767 1697 1596 4668 4162 4347 3246 4440 3485 2736 3064 1822 4680 3671 1581 1737 2617 3321 2473 3790 3878 2788 3203 4480 4493 3761 0 1957 3781 1242 3742 2910 5096 2877 3225 1594 4180 4891 2519 1993 2011 1776 2302 2625 4345 1170 2604 3657 3001 4278 4057 3942 3859 4073 4577 778 2320 5004 3718 3904 1839 2729 4045 4245 1613 1955 4272 2491 2535 2497 2664 2849 508 2210 3053 4326 1962 1205 2757 2488 4085 4039 4285 3234 3608 5040 4013 2925 3894 4056 
38 3000 4261 1525 715 2108 1767 4940 1617 4481 3159 2026 2721 2252 2393 3755 2819 4419 4216 2549 5435 2296 5021 2374 3250 1852 2766 2329 2944 1986 4254 1838 3133 3235 5154 2581 3516 3272 1957 0 3687 760 2835 3461 3429 963 3155 3107 2228 3501 1894 3514 154 2912 4076 4102 4270 1923 922 2272 3239 2324 3207 1989 1986 2966 3479 2129 2180 3137 1761 2703 3767 1407 3604 3720 2975 1516 3438 4344 1292 1784 1400 2656 2430 3651 2791 2746 3245 2205 3609 2810 2972 3445 3629 1716 2459 3514 2094 2765 2317 2274 
39 3000 5301 2755 4382 4338 4722 1614 5220 942 4305 2518 1043 5297 5281 1785 2503 751 2083 4204 6097 1395 5569 5435 2887 5141 2540 2059 6200 5645 5903 4612 1253 6431 5853 5484 1834 6906 3781 3687 0 3394 6522 1278 3736 4295 569 5343 4528 2895 5499 5711 3841 5552 3843 3098 591 2611 3146 2513 6565 4887 6894 4687 5118 1985 2114 3059 5621 4423 4371 6365 5007 2564 7235 7373 2758 2212 7125 5773 2550 5407 2509 6161 4138 2908 6332 3112 2591 2619 1791 1322 1999 7106 1147 2779 6137 3306 5025 938 5830 3582 
40 3000 3565 847 1356 2814 1451 4467 1857 4266 3768 1346 2364 2019 2083 3825 3098 4084 3595 3199 4725 2077 4295 2156 3588 2594 2057 1723 2862 2547 3648 2591 3104 3122 4443 3341 3612 3534 1242 760 3394 0 3250 2934 3915 1722 2831 2588 2949 3819 2130 3005 857 2519 3316 3374 3986 1231 1380 2562 3209 3073 3612 2740 2741 3116 3636 1373 2229 3766 2497 3232 3079 1618 3858 4010 2246 1199 3843 3703 1439 2050 1570 2767 1739 2923 2939 3168 2535 1495 3002 2324 3125 3755 3573 2076 2959 3912 2855 2456 2983 2833 
41 3000 5330 4077 2158 3490 2579 7712 1445 7308 4724 4549 5541 2374 2624 6421 5292 7251 6805 4093 6435 5132 6210 2342 5578 2105 5176 4966 2002 1017 4808 2891 5898 2212 6199 2732 6166 809 3742 2835 6522 3250 0 6185 5384 2463 5985 3634 3437 5838 1223 3845 2682 3069 6002 6361 7105 4428 3533 4793 1910 3162 372 2977 2357 5590 6061 4366 1561 4614 3087 580 4878 4127 1054 1042 5291 4331 603 5064 4064 1253 4148 1271 3929 5933 1134 4970 5625 4648 6230 5567 5592 766 6398 4235 524 5687 2663 5596 1422 4251 
42 3000 4095 2124 4174 4707 4022 1552 4778 2128 4992 1709 1020 4567 4498 2948 3326 1547 977 4734 4834 1600 4307 4699 3804 5188 1426 1242 5492 5435 4764 4829 2240 5686 4597 5709 2930 6430 2910 3461 1278 2934 6185 0 4588 4276 1019 4364 4895 3878 5044 4696 3611 4667 2571 1825 1664 1828 3236 3137 5873 5198 6546 4937 5233 2890 3174 2134 5043 5082 4621 6141 3845 2777 6745 6913 1583 1984 6777 4603 2673 4974 2697 5593 3164 1635 5783 3856 1355 1708 521 666 2906 6668 2331 3180 5879 4240 5215 1155 5764 4127 
43 3000 7369 4107 3642 1907 5196 5339 4771 3831 862 4378 3589 5669 5821 2210 1264 4333 5564 1328 8468 3067 7985 5785 862 3302 4986 4273 6264 4375 7556 2502 2482 6566 8187 2999 2023 6099 5096 3429 3736 3915 5384 4588 0 3067 3621 6492 1998 955 4994 6906 3487 6339 6581 6170 4012 4359 2549 1545 6498 2359 5706 2439 3085 1752 1733 4840 5444 1020 2296 4932 6911 2383 6404 6425 5273 3333 5891 7588 2579 4868 2458 5804 5605 5798 5875 795 5350 4607 5047 4075 1737 6144 2718 1863 4863 529 2807 3434 4079 1191 
44 3000 5140 2470 637 1369 2412 5684 1715 4983 2583 2965 3427 2763 2963 3969 2829 5044 5094 1927 6322 2916 5929 2858 3138 918 3711 3224 3229 1462 5037 941 3500 3533 6044 1619 3712 3091 2877 963 4295 1722 2463 4276 3067 0 3811 3832 1433 3400 1927 4216 873 3525 5038 5054 4849 2867 1154 2331 3440 1430 2823 1095 1024 3135 3598 3092 2400 2521 949 2152 4641 1754 3412 3470 3930 2291 3038 5163 1745 1802 1796 2736 3324 4604 2810 2546 4189 3154 4481 3611 3136 3185 3995 1779 1982 3292 1138 3428 1535 1881 
45 3000 4840 2187 3858 3980 4153 1921 4665 1495 4095 1967 473 4728 4714 1941 2358 1265 1967 3914 5693 896 5166 4867 2812 4681 2064 1521 5630 5127 5401 4201 1222 5863 5440 5081 1912 6351 3225 3155 569 2831 5985 1019 3621 3811 0 4797 4171 2871 4944 5171 3309 4992 3476 2809 1158 2055 2678 2248 5996 4511 6356 4288 4678 1892 2155 2518 5056 4199 3969 5847 4521 2122 6679 6820 2306 1659 6587 5287 2079 4854 2058 5597 3596 2554 5770 2924 2188 2082 1531 818 1908 6556 1342 2412 5612 3246 4608 390 5344 3293 
46 3000 1712 2722 3210 5166 1426 5819 2531 6285 6266 2831 4347 1290 1032 6253 5670 5865 4483 5650 2802 4330 2589 1296 6170 4403 2945 3283 1814 3654 1243 4769 5469 1812 2565 5271 6071 3307 1594 3107 5343 2588 3634 4364 6492 3832 4797 0 5255 6395 2575 416 3091 593 2850 3542 5891 2749 3943 5142 2140 5252 3840 4922 4648 5629 6140 2284 2087 6241 4770 4009 1306 4198 3497 3729 2854 3529 4006 1450 4012 2630 4144 2412 1208 3243 2601 5756 3180 2726 4106 4029 5640 3615 5880 4665 3726 6500 4878 4511 4336 5372 
47 3000 6489 3524 2070 191 3841 6089 3084 4992 1287 3964 3910 4193 4397 3617 2355 5258 5822 671 7662 3326 7243 4285 2421 1332 4701 4086 4602 2455 6447 566 3438 4903 7381 1067 3363 4190 4180 2228 4528 2949 3437 4895 1998 1433 4171 5255 0 2658 3255 5644 2199 4958 6177 6037 4994 3892 1761 2069 4773 398 3741 459 1094 2835 3153 4235 3773 1182 485 2954 5995 2118 4479 4478 4957 3042 3915 6557 2240 3133 2200 4035 4658 5601 4070 1818 5157 4182 5221 4248 2828 4203 3872 1759 2913 2391 809 3838 2088 1072 
48 3000 7063 3809 3884 2519 5215 4467 5013 2896 1760 3981 2933 5739 5854 1264 728 3438 4838 2041 8104 2492 7600 5866 261 3847 4496 3782 6438 4821 7362 3067 1664 6732 7828 3718 1099 6492 4891 3501 2895 3819 5838 3878 955 3400 2871 6395 2658 0 5263 6812 3595 6330 6081 5571 3110 3988 2578 1256 6714 3051 6184 3045 3674 993 805 4501 5647 1914 2825 5447 6636 2201 6812 6863 4782 2981 6386 7353 2383 5140 2251 6070 5390 5236 6170 873 4804 4199 4368 3445 977 6578 1813 1786 5333 438 3433 2756 4644 1627 
49 3000 4219 2921 1379 3239 1372 6588 280 6337 4487 3373 4483 1285 1543 5640 4631 6205 5616 3828 5362 4135 5093 1301 5004 2077 3972 3809 1360 1106 3804 2692 5027 1657 5111 2918 5397 1407 2519 1894 5499 2130 1223 5044 4994 1927 4944 2575 3255 5263 0 2857 1757 2070 4785 5139 6090 3251 2747 4095 1520 3105 1546 2824 2353 4836 5340 3154 563 4410 2804 1459 3746 3291 1735 1880 4076 3287 1768 4025 3185 125 3291 811 2718 4713 910 4436 4414 3455 5054 4451 4841 1625 5522 3524 1166 5197 2639 4561 1800 3805 
50 3000 1630 3124 3588 5559 1804 6121 2843 6653 6672 3209 4728 1581 1329 6659 6086 6213 4755 6051 2617 4729 2477 1556 6587 4754 3270 3652 1924 3954 963 5149 5871 1855 2404 5623 6479 3442 1993 3514 5711 3005 3845 4696 6906 4216 5171 416 5644 6812 2857 0 3493 788 2999 3752 6251 3133 4356 5559 2202 5629 4021 5302 5006 6041 6552 2653 2336 6644 5159 4258 1321 4614 3598 3834 3156 3937 4171 1232 4428 2924 4560 2590 1574 3488 2765 6172 3469 3092 4412 4392 6053 3748 6276 5081 3984 6917 5244 4895 4643 5782 
51 3000 4297 1652 563 2090 1722 5093 1483 4631 3180 2155 2876 2182 2336 3885 2924 4573 4358 2558 5475 2449 5071 2301 3342 1738 2889 2470 2843 1833 4257 1780 3274 3136 5195 2491 3644 3127 2011 154 3841 857 2682 3611 3487 873 3309 3091 2199 3595 1757 3493 0 2867 4170 4221 4423 2049 1021 2378 3128 2269 3054 1933 1886 3089 3598 2231 2065 3151 1723 2549 3801 1535 3459 3572 3092 1671 3285 4359 1429 1645 1533 2529 2471 3770 2659 2824 3369 2328 3752 2961 3094 3297 3771 1815 2304 3593 2011 2919 2176 2319 
52 3000 2302 2834 2888 4886 1145 6167 2068 6487 6040 3039 4528 806 568 6306 5614 6123 4886 5405 3368 4434 3177 769 6093 4004 3280 3514 1221 3170 1746 4444 5547 1237 3140 4873 6107 2716 1776 2912 5552 2519 3069 4667 6339 3525 4992 593 4958 6330 2070 788 2867 0 3384 4023 6119 2942 3801 5073 1555 4915 3261 4594 4262 5629 6148 2537 1548 6002 4474 3471 1898 4133 2903 3136 3233 3588 3422 1994 3958 2140 4089 1830 1529 3691 2015 5636 3574 2975 4462 4265 5639 3024 5984 4561 3196 6395 4511 4677 3862 5185 
53 3000 1759 2653 4617 6019 3424 3567 4603 4689 6731 2249 3217 3743 3545 5388 5409 4044 2115 6279 2274 3589 1750 3830 5939 5897 1595 2312 4550 5623 2625 5884 4602 4617 2052 6657 5312 5912 2302 4076 3843 3316 6002 2571 6581 5038 3476 2850 6177 6081 4785 2999 4170 3384 0 898 4216 2301 4436 5036 4916 6353 6295 6029 6056 5106 5507 1953 4498 6774 5761 6199 1743 4287 6161 6380 1308 3280 6500 2365 4105 4777 4202 4978 2078 935 5184 5788 1298 2020 2084 2707 5122 6208 4815 4812 5902 6362 6168 3412 6185 5770 
54 3000 2647 2584 4728 5865 3836 2674 4923 3888 6427 2097 2640 4246 4083 4749 4945 3211 1226 6043 3133 3107 2619 4352 5459 5955 1348 1967 5117 5852 3486 5820 4000 5224 2928 6646 4707 6376 2625 4102 3098 3374 6361 1825 6170 5054 2809 3542 6037 5571 5139 3752 4221 4023 898 0 3410 2188 4275 4639 5495 6263 6681 5955 6078 4579 4929 2034 4937 6489 5663 6483 2575 4010 6650 6856 1128 3013 6898 3243 3847 5110 3923 5453 2565 450 5659 5392 880 1900 1307 2126 4595 6659 4146 4510 6192 5892 6146 2825 6348 5488 
55 3000 5756 3339 4960 4805 5308 1391 5810 478 4655 3080 1631 5882 5861 1886 2838 334 2278 4620 6488 1973 5962 6020 3149 5678 3032 2611 6787 6218 6399 5117 1591 7017 6255 5979 2011 7496 4345 4270 591 3986 7105 1664 4012 4849 1158 5891 4994 3110 6090 6251 4423 6119 4216 3410 0 3177 3696 2940 7153 5364 7477 5183 5641 2302 2304 3608 6213 4783 4870 6937 5490 3103 7825 7962 3225 2803 7708 6252 3104 5997 3055 6753 4684 3285 6924 3463 3019 3165 2132 1862 2315 7695 1297 3268 6713 3541 5532 1530 6382 4006 
56 3000 3078 398 2580 3728 2197 3380 2995 3548 4442 121 1599 2751 2702 3590 3274 3193 2378 3978 4123 1636 3630 2886 3808 3773 843 593 3674 3775 3469 3641 2784 3880 3845 4458 3439 4618 1170 1923 2611 1231 4428 1828 4359 2867 2055 2749 3892 3988 3251 3133 2049 2942 2301 2188 3177 0 2139 2831 4053 4094 4779 3779 3890 3085 3562 523 3217 4480 3495 4452 2669 2006 4929 5104 1072 1026 5008 3412 1818 3191 1924 3768 1563 1739 3960 3564 1322 291 1803 1332 3099 4866 3158 2537 4173 4206 3959 1762 4211 3479 
57 3000 4920 1786 1400 1592 2664 4576 2481 3831 2398 2206 2321 3169 3299 2907 1902 3897 4119 1864 6064 1782 5613 3294 2328 2002 2939 2331 3863 2572 5028 1598 2369 4155 5781 2474 2658 4071 2604 922 3146 1380 3533 3236 2549 1154 2678 3943 1761 2578 2747 4356 1021 3801 4436 4275 3696 2139 0 1357 4149 2003 3903 1715 2011 2092 2592 2518 3085 2408 1407 3282 4443 603 4402 4492 3198 1298 4126 5082 599 2629 642 3537 3109 3840 3656 1835 3395 2428 3509 2572 2096 4210 2868 794 3087 2600 1979 2301 2686 1453 
58 3000 5877 2607 2727 1884 3962 4115 3834 2922 1856 2842 2118 4493 4602 1652 548 3218 4112 1690 6952 1559 6462 4622 1027 2967 3441 2727 5217 3793 6131 2280 1369 5506 6673 3095 1392 5387 3657 2272 2513 2562 4793 3137 1545 2331 2248 5142 2069 1256 4095 5559 2378 5073 5036 4639 2940 2831 1357 0 5507 2452 5154 2316 2861 818 1267 3325 4443 1953 2024 4468 5434 945 5714 5788 3727 1804 5369 6136 1131 3975 999 4891 4161 4258 5006 755 3809 3069 3563 2573 817 5503 1809 571 4313 1387 2692 1988 3746 1069 
59 3000 3820 3823 2859 4760 1857 7418 1727 7462 6008 4168 5522 1308 1420 6970 6052 7214 6244 5349 4806 5285 4679 1180 6458 3553 4583 4646 384 2465 3126 4208 6292 351 4604 4356 6740 1300 3001 3239 6565 3209 1910 5873 6498 3440 5996 2140 4773 6714 1520 2202 3128 1555 4916 5495 7153 4053 4149 5507 0 4607 1967 4337 3831 6200 6716 3771 1066 5931 4325 2447 3445 4638 1406 1642 4595 4406 2068 3424 4503 1644 4622 754 2933 5129 799 5910 4945 4171 5757 5370 6207 1594 6772 4943 2245 6677 4128 5637 3117 5307 
60 3000 6563 3713 2041 570 3826 6432 2962 5374 1594 4173 4229 4131 4348 4014 2752 5622 6108 1035 7743 3651 7341 4212 2816 1075 4918 4332 4464 2215 6465 490 3819 4763 7464 669 3760 3936 4278 2324 4887 3073 3162 5198 2359 1430 4511 5252 398 3051 3105 5629 2269 4915 6353 6263 5364 4094 2003 2452 4607 0 3447 336 807 3227 3551 4402 3645 1469 599 2651 6065 2424 4213 4196 5165 3300 3610 6593 2527 2988 2502 3859 4740 5822 3876 2215 5383 4385 5502 4544 3221 3927 4259 2108 2640 2773 499 4168 1772 1470 
61 3000 5548 4433 2531 3804 2872 8076 1786 7680 5026 4900 5912 2614 2855 6786 5648 7622 7153 4404 6629 5504 6428 2566 5924 2410 5516 5323 2125 1366 4981 3206 6269 2295 6401 2975 6530 707 4057 3207 6894 3612 372 6546 5706 2823 6356 3840 3741 6184 1546 4021 3054 3261 6295 6681 7477 4779 3903 5154 1967 3447 0 3283 2651 5954 6422 4700 1811 4910 3412 799 5109 4498 845 762 5622 4701 231 5250 4436 1591 4519 1432 4217 6258 1258 5314 5960 4993 6583 5932 5956 528 6769 4598 851 6022 2952 5967 1680 4588 
62 3000 6226 3395 1713 535 3498 6209 2667 5219 1747 3861 3985 3815 4028 3925 2671 5429 5833 1121 7406 3413 7005 3899 2798 873 4608 4036 4179 1997 6132 154 3666 4479 7127 796 3667 3731 3942 1989 4687 2740 2977 4937 2439 1095 4288 4922 459 3045 2824 5302 1933 4594 6029 5955 5183 3779 1715 2316 4337 336 3283 0 645 3116 3478 4076 3354 1641 319 2498 5729 2177 4020 4019 4851 3013 3460 6259 2264 2704 2251 3595 4403 5511 3623 2183 5076 4070 5224 4278 3112 3743 4123 1914 2453 2807 390 3934 1639 1422 
63 3000 6069 3493 1496 1180 3227 6585 2240 5715 2375 3986 4332 3462 3694 4499 3260 5867 6083 1764 7253 3785 6883 3529 3423 277 4733 4228 3711 1411 5882 607 4175 4005 6979 629 4239 3129 3859 1986 5118 2741 2357 5233 3085 1024 4678 4648 1094 3674 2353 5006 1886 4262 6056 6078 5641 3890 2011 2861 3831 807 2651 645 0 3676 4067 4114 2906 2259 856 1860 5569 2558 3407 3394 4954 3258 2822 6039 2603 2241 2620 3079 4281 5628 3084 2806 5211 4177 5470 4567 3673 3123 4649 2398 1834 3449 308 4307 994 2046 
64 3000 6162 2956 3490 2658 4560 3593 4568 2201 2352 3064 1940 5115 5197 835 536 2611 3855 2367 7170 1520 6660 5249 920 3785 3532 2824 5891 4597 6521 3089 732 6173 6898 3883 577 6160 4073 2966 1985 3116 5590 2890 1752 3135 1892 5629 2835 993 4836 6041 3089 5629 5106 4579 2302 3085 2092 818 6200 3227 5954 3116 3676 0 520 3606 5146 2482 2832 5280 5753 1562 6490 6573 3816 2121 6171 6488 1705 4720 1581 5618 4557 4250 5744 1163 3822 3273 3376 2452 16 6289 1058 1356 5117 1354 3498 1762 4564 1780 
65 3000 6629 3453 3983 2988 5081 3667 5073 2097 2469 3533 2297 5636 5718 490 807 2633 4112 2614 7614 1956 7100 5770 880 4198 3955 3260 6409 5059 7014 3467 934 6691 7345 4217 293 6649 4577 3479 2114 3636 6061 3174 1733 3598 2155 6140 3153 805 5340 6552 3598 6148 5507 4929 2304 3562 2592 1267 6716 3551 6422 3478 4067 520 0 4085 5659 2615 3212 5730 6231 2078 6978 7054 4234 2622 6636 6972 2225 5222 2100 6126 5056 4625 6249 1361 4212 3734 3681 2814 512 6770 1008 1831 5579 1240 3866 2107 4987 2081 
66 3000 2562 743 2710 4082 1952 3658 2921 4002 4876 570 2080 2463 2373 4111 3783 3592 2497 4380 3628 2157 3145 2591 4315 3967 828 1000 3387 3818 2949 3931 3304 3565 3348 4708 3963 4464 778 2129 3059 1373 4366 2134 4840 3092 2518 2284 4235 4501 3154 2653 2231 2537 1953 2034 3608 523 2518 3325 3771 4402 4700 4076 4114 3606 4085 0 3031 4904 3811 4457 2146 2466 4761 4951 927 1524 4923 2888 2272 3112 2387 3573 1078 1589 3774 4048 1259 443 1986 1745 3620 4730 3669 2996 4168 4707 4217 2253 4319 3912 
67 3000 3772 2933 1801 3745 1101 6595 690 6495 4981 3337 4586 812 1064 5926 4987 6299 5527 4323 4889 4299 4651 791 5391 2632 3860 3801 830 1662 3294 3217 5267 1133 4648 3479 5692 1441 2320 2180 5621 2229 1561 5043 5444 2400 5056 2087 3773 5647 563 2336 2065 1548 4498 4937 6213 3217 3085 4443 1066 3645 1811 3354 2906 5146 5659 3031 0 4912 3311 1924 3316 3584 1729 1924 3926 3426 2006 3532 3456 666 3572 550 2421 4529 744 4846 4273 3383 4994 4490 5152 1722 5753 3878 1647 5613 3188 4684 2356 4252 
68 3000 7325 4161 3151 1171 4862 6037 4223 4668 158 4525 4062 5267 5452 3105 1945 5087 6054 597 8472 3488 8019 5369 1746 2510 5212 4528 5743 3638 7387 1745 3197 6045 8189 2055 2884 5372 5004 3137 4423 3766 4614 5082 1020 2521 4199 6241 1182 1914 4410 6644 3151 6002 6774 6489 4783 4480 2408 1953 5931 1469 4910 1641 2259 2482 2615 4904 4912 0 1606 4117 6844 2491 5660 5653 5489 3501 5077 7463 2670 4287 2578 5202 5505 6081 5244 1319 5627 4755 5490 4495 2470 5380 3527 1979 4090 1528 1958 3939 3240 1004 
69 3000 6020 3116 1587 434 3356 5890 2621 4914 1688 3574 3666 3712 3913 3650 2405 5114 5521 1031 7195 3094 6782 3805 2572 1024 4319 3734 4141 2081 5964 256 3363 4444 6915 1113 3390 3811 3718 1761 4371 2497 3087 4621 2296 949 3969 4770 485 2825 2804 5159 1723 4474 5761 5663 4870 3495 1407 2024 4325 599 3412 319 856 2832 3212 3811 3311 1606 0 2645 5524 1858 4112 4129 4566 2705 3600 6077 1947 2681 1932 3596 4190 5222 3642 1954 4784 3787 4913 3962 2828 3848 3826 1602 2567 2621 670 3615 1819 1198 
70 3000 5674 4078 1990 3025 2820 7640 1599 7106 4235 4570 5422 2721 2979 6115 4942 7106 6826 3620 6807 4970 6549 2714 5189 1630 5241 4954 2494 720 5217 2429 5647 2729 6561 2179 5857 1387 3904 2703 6365 3232 580 6141 4932 2152 5847 4009 2954 5447 1459 4258 2549 3471 6199 6483 6937 4452 3282 4468 2447 2651 799 2498 1860 5280 5730 4457 1924 4117 2645 0 5204 3885 1609 1558 5383 4220 961 5456 3848 1439 3917 1756 4154 6044 1652 4574 5705 4693 6235 5502 5280 1303 6144 3927 297 5265 2158 5457 882 3834 
71 3000 499 2829 4075 5874 2427 5126 3647 5932 6841 2700 4133 2503 2256 6241 5912 5392 3694 6278 1683 4292 1349 2542 6441 5352 2467 3040 3120 4766 930 5574 5431 3112 1409 6198 6102 4603 1839 3767 5007 3079 4878 3845 6911 4641 4521 1306 5995 6636 3746 1321 3801 1898 1743 2575 5490 2669 4443 5434 3445 6065 5109 5729 5569 5753 6231 2146 3316 6844 5524 5204 0 4530 4801 5033 2265 3654 5285 766 4334 3779 4459 3694 1341 2399 3888 6130 2508 2511 3466 3703 5766 4910 5766 5048 4912 6821 5758 4321 5419 5893 
72 3000 4986 1727 1979 1931 3030 4038 3018 3229 2443 2042 1808 3572 3670 2350 1481 3315 3705 2034 6088 1237 5611 3704 1972 2576 2720 2043 4330 3174 5201 2083 1771 4614 5807 2965 2109 4642 2729 1407 2564 1618 4127 2777 2383 1754 2122 4198 2118 2201 3291 4614 1535 4133 4287 4010 3103 2006 603 945 4638 2424 4498 2177 2558 1562 2078 2466 3584 2491 1858 3885 4530 0 4974 5073 2998 1009 4723 5217 196 3177 87 4062 3236 3595 4194 1600 3141 2273 3107 2130 1569 4792 2270 530 3687 2313 2486 1760 3281 1486 
73 3000 5200 4623 3001 4524 2824 8295 2014 8070 5767 5050 6217 2419 2619 7310 6231 7938 7255 5129 6210 5869 6067 2331 6551 3150 5589 5504 1684 2031 4531 3927 6732 1757 6003 3783 7060 332 4045 3604 7235 3858 1054 6745 6404 3412 6679 3497 4479 6812 1735 3598 3459 2903 6161 6650 7825 4929 4402 5714 1406 4213 845 4020 3407 6490 6978 4761 1729 5660 4112 1609 4801 4974 0 236 5655 5022 814 4826 4885 1830 4983 1197 4103 6250 992 5953 6002 5106 6717 6169 6493 316 7230 5146 1573 6685 3714 6296 2475 5253 
74 3000 5434 4789 3094 4532 3024 8461 2156 8196 5765 5225 6362 2636 2841 7397 6298 8083 7442 5135 6446 5999 6302 2552 6602 3146 5779 5674 1918 2052 4767 3933 6837 1993 6239 3737 7145 486 4245 3720 7373 4010 1042 6913 6425 3470 6820 3729 4478 6863 1880 3834 3572 3136 6380 6856 7962 5104 4492 5788 1642 4196 762 4019 3394 6573 7054 4951 1924 5653 4129 1558 5033 5073 236 0 5851 5161 671 5062 4991 1966 5085 1405 4317 6453 1199 5998 6197 5288 6897 6329 6575 285 7336 5223 1566 6722 3699 6436 2437 5287 
75 3000 2543 1463 3600 4790 2831 2967 3846 3672 5440 993 1977 3302 3176 4152 4104 3129 1656 5011 3403 2295 2880 3421 4635 4827 287 1004 4210 4739 3181 4713 3351 4359 3143 5528 4055 5366 1613 2975 2758 2246 5291 1583 5273 3930 2306 2854 4957 4782 4076 3156 3092 3233 1308 1128 3225 1072 3198 3727 4595 5165 5622 4851 4954 3816 4234 927 3926 5489 4566 5383 2265 2998 5655 5851 0 1988 5844 3026 2821 4037 2912 4461 1704 677 4664 4480 350 781 1255 1493 3831 5638 3613 3518 5095 5056 5030 2173 5222 4485 
76 3000 4084 835 2231 2864 2609 3426 3008 3068 3452 1045 1210 3187 3218 2726 2260 2924 2829 3032 5148 879 4657 3326 2791 3204 1711 1048 4055 3503 4401 2892 1958 4307 4869 3760 2542 4694 1955 1516 2212 1199 4331 1984 3333 2291 1659 3529 3042 2981 3287 3937 1671 3588 3280 3013 2803 1026 1298 1804 4406 3300 4701 3013 3258 2121 2622 1524 3426 3501 2705 4220 3654 1009 5022 5161 1988 0 4933 4377 835 3195 923 3960 2436 2591 4126 2538 2139 1275 2217 1320 2133 4896 2405 1531 3974 3183 3261 1274 3788 2496 
77 3000 5718 4663 2759 3986 3080 8308 2013 7909 5196 5129 6143 2800 3036 7004 5859 7853 7380 4582 6785 5735 6596 2745 6127 2590 5740 5553 2258 1577 5127 3388 6494 2407 6561 3114 6748 771 4272 3438 7125 3843 603 6777 5891 3038 6587 4006 3915 6386 1768 4171 3285 3422 6500 6898 7708 5008 4126 5369 2068 3610 231 3460 2822 6171 6636 4923 2006 5077 3600 961 5285 4723 814 671 5844 4933 0 5403 4663 1818 4745 1594 4421 6476 1408 5515 6182 5220 6811 6163 6173 513 6993 4815 1057 6217 3119 6198 1838 4783 
78 3000 621 3544 4565 6448 2819 5849 3975 6696 7470 3450 4896 2740 2482 6995 6627 6149 4405 6886 1384 5043 1302 2741 7152 5804 3232 3802 3155 5100 330 6104 6186 3074 1183 6666 6851 4674 2491 4344 5773 3703 5064 4603 7588 5163 5287 1450 6557 7353 4025 1232 4359 1994 2365 3243 6252 3412 5082 6136 3424 6593 5250 6259 6039 6488 6972 2888 3532 7463 6077 5456 766 5217 4826 5062 3026 4377 5403 0 5022 4079 5149 3818 1983 3116 3995 6816 3258 3268 4211 4469 6501 4980 6527 5726 5175 7522 6251 5084 5779 6536 
79 3000 4789 1532 1906 2056 2865 3981 2909 3258 2626 1857 1731 3413 3504 2470 1660 3300 3584 2197 5893 1183 5417 3546 2159 2601 2545 1880 4188 3131 5007 2160 1847 4468 5611 3042 2237 4553 2535 1292 2550 1439 4064 2673 2579 1745 2079 4012 2240 2383 3185 4428 1429 3958 4105 3847 3104 1818 599 1131 4503 2527 4436 2264 2603 1705 2225 2272 3456 2670 1947 3848 4334 196 4885 4991 2821 835 4663 5022 0 3074 132 3945 3041 3427 4083 1796 2974 2087 2981 2016 1712 4712 2345 724 3639 2505 2554 1704 3280 1665 
80 3000 4256 2853 1256 3116 1381 6514 195 6239 4363 3312 4395 1345 1602 5526 4510 6116 5561 3704 5407 4038 5127 1372 4881 1966 3925 3742 1476 1029 3865 2572 4918 1775 5153 2813 5281 1500 2497 1784 5407 2050 1253 4974 4868 1802 4854 2630 3133 5140 125 2924 1645 2140 4777 5110 5997 3191 2629 3975 1644 2988 1591 2704 2241 4720 5222 3112 666 4287 2681 1439 3779 3177 1830 1966 4037 3195 1818 4079 3074 0 3178 936 2719 4680 1031 4312 4372 3401 4994 4374 4725 1705 5414 3404 1142 5072 2525 4469 1721 3679 
81 3000 4912 1650 1994 2014 2994 3970 3016 3191 2529 1958 1733 3540 3633 2355 1528 3261 3622 2121 6011 1168 5533 3673 2027 2631 2633 1956 4310 3204 5136 2154 1753 4591 5730 3036 2119 4651 2664 1400 2509 1570 4148 2697 2458 1796 2058 4144 2200 2251 3291 4560 1533 4089 4202 3923 3055 1924 642 999 4622 2502 4519 2251 2620 1581 2100 2387 3572 2578 1932 3917 4459 87 4983 5085 2912 923 4745 5149 132 3178 0 4056 3169 3507 4191 1671 3054 2189 3023 2048 1588 4805 2252 613 3714 2376 2555 1691 3327 1573 
82 3000 4123 3483 2187 4030 1629 7145 1058 7028 5283 3888 5128 1236 1456 6411 5430 6844 6070 4625 5197 4828 5001 1164 5811 2801 4402 4351 738 1712 3551 3469 5772 982 4970 3602 6172 934 2849 2656 6161 2767 1271 5593 5804 2736 5597 2412 4035 6070 811 2590 2529 1830 4978 5453 6753 3768 3537 4891 754 3859 1432 3595 3079 5618 6126 3573 550 5202 3596 1756 3694 4062 1197 1405 4461 3960 1594 3818 3945 936 4056 0 2912 5053 206 5246 4809 3931 5541 5039 5623 1233 6262 4321 1526 6008 3377 5223 2372 4615 
83 3000 1831 1602 2786 4534 1349 4644 2554 5080 5505 1636 3154 1687 1518 5127 4662 4657 3359 4937 3005 3181 2606 1788 5182 4078 1757 2078 2553 3623 1971 4250 4329 2674 2724 4907 4961 3844 508 2430 4138 1739 3929 3164 5605 3324 3596 1208 4658 5390 2718 1574 2471 1529 2078 2565 4684 1563 3109 4161 2933 4740 4217 4403 4281 4557 5056 1078 2421 5505 4190 4154 1341 3236 4103 4317 1704 2436 4421 1983 3041 2719 3169 2912 0 2196 3118 4833 2047 1519 2935 2822 4569 4136 4718 3743 3856 5545 4453 3323 4234 4562 
84 3000 2553 2134 4277 5431 3428 2733 4492 3756 6023 1651 2328 3861 3710 4481 4590 3124 1295 5624 3203 2751 2676 3971 5111 5504 903 1553 4747 5407 3328 5376 3708 4870 2971 6198 4418 5970 2210 3651 2908 2923 5933 1635 5798 4604 2554 3243 5601 5236 4713 3488 3770 3691 935 450 3285 1739 3840 4258 5129 5822 6258 5511 5628 4250 4625 1589 4529 6081 5222 6044 2399 3595 6250 6453 677 2591 6476 3116 3427 4680 3507 5053 2196 0 5258 5013 453 1450 1155 1812 4266 6249 3897 4102 5754 5541 5699 2519 5898 5078 
85 3000 4313 3669 2287 4075 1833 7336 1176 7192 5331 4080 5302 1442 1658 6544 5541 7021 6270 4674 5377 4991 5190 1367 5910 2807 4602 4541 873 1691 3723 3503 5918 1079 5153 3584 6303 728 3053 2791 6332 2939 1134 5783 5875 2810 5770 2601 4070 6170 910 2765 2659 2015 5184 5659 6924 3960 3656 5006 799 3876 1258 3623 3084 5744 6249 3774 744 5244 3642 1652 3888 4194 992 1199 4664 4126 1408 3995 4083 1031 4191 206 3118 5258 0 5338 5012 4127 5738 5223 5749 1029 6410 4435 1446 6095 3387 5394 2326 4691 
86 3000 6583 3317 3059 1666 4500 4727 4194 3358 1195 3582 2844 4999 5134 1844 627 3768 4834 1253 7676 2301 7191 5121 618 2974 4194 3481 5651 3953 6793 2198 1878 5949 7395 2885 1604 5635 4326 2746 3112 3168 4970 3856 795 2546 2924 5756 1818 873 4436 6172 2824 5636 5788 5392 3463 3564 1835 755 5910 2215 5314 2183 2806 1163 1361 4048 4846 1319 1954 4574 6130 1600 5953 5998 4480 2538 5515 6816 1796 4312 1671 5246 4833 5013 5338 0 4564 3811 4298 3315 1151 5714 2215 1094 4463 769 2573 2701 3771 761 
87 3000 2739 1721 3891 4985 3180 2656 4180 3479 5570 1225 1919 3652 3526 4089 4149 2895 1312 5171 3510 2314 2982 3771 4673 5096 479 1099 4561 5052 3435 4942 3304 4707 3262 5773 4014 5712 1962 3245 2591 2535 5625 1355 5350 4189 2188 3180 5157 4804 4414 3469 3369 3574 1298 880 3019 1322 3395 3809 4945 5383 5960 5076 5211 3822 4212 1259 4273 5627 4784 5705 2508 3141 6002 6197 350 2139 6182 3258 2974 4372 3054 4809 2047 453 5012 4564 0 1041 960 1409 3838 5982 3522 3648 5419 5101 5273 2114 5518 4624 
88 3000 2895 684 2850 4018 2329 3247 3207 3561 4714 230 1652 2863 2789 3730 3493 3150 2160 4260 3904 1784 3402 2994 4028 4057 562 560 3788 4027 3350 3932 2919 3978 3629 4748 3594 4801 1205 2205 2619 1495 4648 1708 4607 3154 2082 2726 4182 4199 3455 3092 2328 2975 2020 1900 3165 291 2428 3069 4171 4385 4993 4070 4177 3273 3734 443 3383 4755 3787 4693 2511 2273 5106 5288 781 1275 5220 3268 2087 3401 2189 3931 1519 1450 4127 3811 1041 0 1610 1303 3287 5057 3263 2801 4411 4434 4249 1831 4479 3752 
89 3000 3676 2159 4308 5036 3932 1712 4799 2606 5408 1682 1457 4450 4353 3467 3792 1969 613 5110 4357 2005 3831 4577 4283 5400 1183 1284 5373 5544 4394 5107 2746 5544 4127 5977 3443 6411 2757 3609 1791 3002 6230 521 5047 4481 1531 4106 5221 4368 5054 4412 3752 4462 2084 1307 2132 1803 3509 3563 5757 5502 6583 5224 5470 3376 3681 1986 4994 5490 4913 6235 3466 3107 6717 6897 1255 2217 6811 4211 2981 4994 3023 5541 2935 1155 5738 4298 960 1610 0 995 3392 6664 2852 3549 5962 4719 5478 1618 5927 4515 
90 3000 4022 1557 3525 4062 3513 2145 4180 2263 4414 1227 516 4076 4034 2680 2831 1861 1577 4118 4892 1014 4367 4212 3338 4522 1246 751 4995 4791 4589 4168 1897 5208 4635 5046 2607 5849 2488 2810 1322 2324 5567 666 4075 3611 818 4029 4248 3445 4451 4392 2961 4265 2707 2126 1862 1332 2572 2573 5370 4544 5932 4278 4567 2452 2814 1745 4490 4495 3962 5502 3703 2130 6169 6329 1493 1320 6163 4469 2016 4374 2048 5039 2822 1812 5223 3315 1409 1303 995 0 2468 6077 2122 2557 5244 3773 4551 707 5105 3520 
91 3000 6176 2968 3493 2652 4569 3608 4573 2211 2340 3078 1956 5123 5206 835 524 2624 3871 2358 7185 1536 6675 5257 904 3783 3547 2839 5898 4598 6534 3085 746 6180 6912 3877 576 6163 4085 2972 1999 3125 5592 2906 1737 3136 1908 5640 2828 977 4841 6053 3094 5639 5122 4595 2315 3099 2096 817 6207 3221 5956 3112 3673 16 512 3620 5152 2470 2828 5280 5766 1569 6493 6575 3831 2133 6173 6501 1712 4725 1588 5623 4569 4266 5749 1151 3838 3287 3392 2468 0 6291 1068 1357 5118 1338 3494 1779 4563 1772 
92 3000 5326 4544 2813 4254 2823 8213 1897 7924 5490 4987 6100 2469 2688 7114 6013 7820 7215 4858 6365 5729 6200 2397 6317 2871 5557 5431 1824 1770 4695 3655 6558 1941 6150 3481 6862 307 4039 3445 7106 3755 766 6668 6144 3185 6556 3615 4203 6578 1625 3748 3297 3024 6208 6659 7695 4866 4210 5503 1594 3927 528 3743 3123 6289 6770 4730 1722 5380 3848 1303 4910 4792 316 285 5638 4896 513 4980 4712 1705 4805 1233 4136 6249 1029 5714 5982 5057 6664 6077 6291 0 7057 4939 1290 6438 3428 6171 2176 5003 
93 3000 6117 3162 4247 3690 5010 2661 5244 1143 3392 3099 1642 5586 5623 638 1589 1625 3213 3424 7014 1552 6489 5724 1855 4731 3354 2725 6433 5439 6612 4081 499 6696 6756 4905 716 6898 4285 3629 1147 3573 6398 2331 2718 3995 1342 5880 3872 1813 5522 6276 3771 5984 4815 4146 1297 3158 2868 1809 6772 4259 6769 4123 4649 1058 1008 3669 5753 3527 3826 6144 5766 2270 7230 7336 3613 2405 6993 6527 2345 5414 2252 6262 4718 3897 6410 2215 3522 3263 2852 2122 1068 7057 0 2258 5955 2243 4496 1448 5487 2830 
94 3000 5508 2256 2156 1568 3436 4330 3264 3319 1923 2570 2173 3954 4074 2190 1110 3517 4133 1561 6616 1586 6141 4080 1539 2473 3237 2549 4658 3241 5699 1851 1778 4950 6334 2710 1932 4818 3234 1716 2779 2076 4235 3180 1863 1779 2412 4665 1759 1786 3524 5081 1815 4561 4812 4510 3268 2537 794 571 4943 2108 4598 1914 2398 1356 1831 2996 3878 1979 1602 3927 5048 530 5146 5223 3518 1531 4815 5726 724 3404 613 4321 3743 4102 4435 1094 3648 2801 3549 2557 1357 4939 2258 0 3761 1837 2267 2087 3234 978 
95 3000 5384 3803 1754 2966 2523 7386 1302 6895 4200 4291 5181 2437 2695 5951 4801 6874 6550 3569 6522 4742 6259 2435 5073 1580 4956 4683 2259 520 4941 2367 5456 2508 6274 2229 5694 1306 3608 2459 6137 2959 524 5879 4863 1982 5612 3726 2913 5333 1166 3984 2304 3196 5902 6192 6713 4173 3087 4313 2245 2640 851 2453 1834 5117 5579 4168 1647 4090 2567 297 4912 3687 1573 1566 5095 3974 1057 5175 3639 1142 3714 1526 3856 5754 1446 4463 5419 4411 5962 5244 5118 1290 5955 3761 0 5172 2140 5222 923 3737 
96 3000 7262 3993 3823 2272 5264 4890 4958 3334 1371 4210 3270 5767 5899 1703 952 3867 5209 1741 8330 2790 7835 5889 436 3644 4768 4051 6420 4670 7513 2849 2061 6718 8051 3430 1534 6371 5040 3514 3306 3912 5687 4240 529 3292 3246 6500 2391 438 5197 6917 3593 6395 6362 5892 3541 4206 2600 1387 6677 2773 6022 2807 3449 1354 1240 4707 5613 1528 2621 5265 6821 2313 6685 6722 5056 3183 6217 7522 2505 5072 2376 6008 5545 5541 6095 769 5101 4434 4719 3773 1338 6438 2243 1837 5172 0 3189 3101 4435 1435 
97 3000 6258 3567 1687 917 3452 6525 2514 5583 2077 4049 4285 3716 3943 4311 3058 5771 6090 1480 7441 3723 7058 3789 3188 580 4798 4260 4000 1718 6105 416 4033 4295 7165 501 4052 3437 4013 2094 5025 2855 2663 5215 2807 1138 4608 4878 809 3433 2639 5244 2011 4511 6168 6146 5532 3959 1979 2692 4128 499 2952 390 308 3498 3866 4217 3188 1958 670 2158 5758 2486 3714 3699 5030 3261 3119 6251 2554 2525 2555 3377 4453 5699 3387 2573 5273 4249 5478 4551 3494 3428 4496 2267 2140 3189 0 4246 1284 1812 
98 3000 4668 1850 3468 3648 3802 2279 4282 1828 3845 1687 196 4380 4377 1980 2175 1654 2133 3618 5576 522 5054 4519 2664 4303 1908 1283 5275 4737 5179 3843 1190 5513 5315 4725 1900 5968 2925 2765 938 2456 5596 1155 3434 3428 390 4511 3838 2756 4561 4895 2919 4677 3412 2825 1530 1762 2301 1988 5637 4168 5967 3934 4307 1762 2107 2253 4684 3939 3615 5457 4321 1760 6296 6436 2173 1274 6198 5084 1704 4469 1691 5223 3323 2519 5394 2701 2114 1831 1618 707 1779 6171 1448 2087 5222 3101 4246 0 4959 3003 
99 3000 5910 3817 1630 2173 2993 7205 1805 6505 3361 4321 4952 3062 3317 5398 4186 6580 6534 2758 7079 4450 6765 3094 4389 797 5041 4646 3078 694 5577 1586 4998 3349 6817 1309 5137 2224 3894 2317 5830 2983 1422 5764 4079 1535 5344 4336 2088 4644 1800 4643 2176 3862 6185 6348 6382 4211 2686 3746 3117 1772 1680 1639 994 4564 4987 4319 2356 3240 1819 882 5419 3281 2475 2437 5222 3788 1838 5779 3280 1721 3327 2372 4234 5898 2326 3771 5518 4479 5927 5105 4563 2176 5487 3234 923 4435 1284 4959 0 3018 
100 3000 6368 3169 2451 910 4039 5180 3580 3964 964 3522 3109 4495 4655 2547 1285 4288 5091 622 7502 2527 7041 4608 1377 2222 4207 3525 5074 3235 6478 1439 2423 5375 7219 2137 2295 4941 4056 2274 3582 2833 4251 4127 1191 1881 3293 5372 1072 1627 3805 5782 2319 5185 5770 5488 4006 3479 1453 1069 5307 1470 4588 1422 2046 1780 2081 3912 4252 1004 1198 3834 5893 1486 5253 5287 4485 2496 4783 6536 1665 3679 1573 4615 4562 5078 4691 761 4624 3752 4515 3520 1772 5003 2830 978 3737 1435 1812 3003 3018 0 
