FILE: 2611EuclS.txt
100 100 0 
1 3000 0 3430 4952 4391 4510 5059 4693 3537 3877 3409 1219 3045 282 5174 3869 4538 2907 2777 2152 2819 2273 1881 3355 3939 3345 3884 4349 2273 1685 3827 3793 2347 4230 3220 1395 3859 755 1413 4322 1812 1090 2806 120 1590 4836 4744 2061 4003 461 3284 4271 3472 798 3387 2854 5390 3872 2859 876 3656 1563 3940 4160 3065 2521 5248 2933 2551 3052 1879 2727 4805 4003 1502 3785 3863 3472 2741 4163 3576 3642 4280 4245 3164 3314 1619 3497 3654 3622 2794 3278 1911 1812 4051 1472 630 2605 1931 2294 3319 
2 3000 3430 0 7910 1035 4930 8177 4002 1119 3669 5937 3468 448 3465 5290 7070 5028 938 4560 1832 5528 2154 2791 1065 6892 3297 660 7492 3304 3896 6371 2015 3856 7140 5999 3245 4987 3191 2138 7592 5221 3152 5697 3532 5011 7846 7482 5244 6385 3462 5872 3691 6601 3767 6174 2614 5457 2168 571 4169 1551 2018 4886 5098 5074 920 8279 4666 4950 2213 5174 3915 6271 3348 4844 2887 4559 6831 1517 3771 6011 6144 4734 3731 6595 1935 4179 2464 6053 778 1557 1480 5340 5192 6756 4499 3448 1357 1517 5385 332 
3 3000 4952 7910 0 8945 5113 666 6466 7465 5777 6432 4450 7464 4760 5659 1344 5025 7078 3655 6114 5921 7226 5181 7327 1027 5598 8503 879 4820 4019 1765 7140 4259 771 5933 6188 4150 4816 6293 1420 4050 5946 2222 4833 3694 215 771 2898 1975 4672 2120 6229 1529 4293 1746 5824 5795 7112 7378 4812 7317 6442 4394 4392 3164 7136 439 3631 3017 6304 4543 4419 3566 6246 4479 6428 4731 2206 6602 6010 2141 1976 5046 6155 3282 6730 5788 6493 2151 7740 7703 7009 3788 3351 1283 3525 4613 6646 6473 5079 7676 
4 3000 4391 1035 8945 0 5788 9207 4699 1854 4500 6592 4501 1482 4451 6077 8093 5892 1929 5576 2860 6245 2751 3819 1888 7927 4190 524 8520 4314 4931 7402 2698 4874 8175 6716 4003 5938 4208 3030 8609 6149 3969 6731 4498 5981 8881 8516 6261 7411 4462 6906 4444 7628 4780 7209 3553 6226 2839 1579 5076 2247 2892 5819 6023 6093 1878 9313 5676 5984 3110 6057 4910 7226 4119 5747 3661 5474 7829 2489 4557 7040 7175 5606 4495 7542 2765 4946 3272 7081 1465 2039 2317 6285 6180 7791 5522 4458 2364 2521 6204 1298 
5 3000 4510 4930 5113 5788 0 5693 1523 3933 1292 7844 3300 4563 4244 701 5164 118 4021 2074 3441 7229 5800 2834 3908 4442 1644 5579 5279 2281 2945 3399 3147 2189 4498 7562 5719 1014 3768 4817 5740 5543 5407 3765 4473 4958 5188 4380 4229 3141 4064 3279 1497 4687 3869 3744 2368 912 3031 4667 5220 3559 4886 784 723 2267 4693 5552 1966 2846 2718 5929 1789 1831 1737 5568 2162 658 5594 3455 1311 3072 3231 233 1424 6179 3024 6129 2518 3030 4322 5776 3477 5423 4794 3876 3814 3892 3678 4265 6525 4600 
6 3000 5059 8177 666 9207 5693 0 7001 7810 6280 6168 4709 7735 4896 6262 1210 5610 7381 4107 6418 5695 7324 5513 7664 1353 6063 8747 711 5207 4329 2301 7548 4662 1208 5657 6209 4710 5020 6443 999 3933 5992 2497 4939 3665 518 1426 3006 2555 4831 2562 6743 1594 4468 2131 6228 6405 7531 7630 4803 7693 6593 4954 4969 3645 7365 396 4102 3402 6697 4396 4863 4205 6736 4389 6887 5274 1936 6935 6526 2655 2490 5612 6670 2967 7119 5717 6920 2681 8064 7846 7370 3676 3341 1818 3704 4794 6957 6704 4881 7962 
7 3000 4693 4002 6466 4699 1523 7001 0 2899 854 8100 3626 3724 4475 1471 6317 1639 3209 3008 2985 7513 5372 2814 2936 5688 1353 4599 6511 2497 3481 4707 2009 2748 5792 7905 5645 2331 3949 4538 6908 6105 5361 4816 4696 5572 6515 5768 5053 4499 4316 4474 423 5813 4254 4936 1915 1574 1863 3896 5525 2473 4561 2093 2153 3387 4035 6905 2964 3819 1990 6398 2378 3351 742 6013 1151 1736 6600 2736 555 4345 4511 1487 450 7001 2101 6257 1588 4323 3282 5163 2536 6044 5495 5193 4467 4158 2993 3799 6928 3675 
8 3000 3537 1119 7465 1854 3933 7810 2899 0 2646 6504 3179 956 3481 4234 6785 4038 673 3915 1459 6023 2962 2298 183 6478 2350 1700 7159 2666 3485 5816 898 3238 6697 6484 3779 4130 3072 2553 7344 5340 3601 5315 3613 5014 7430 6954 5030 5775 3420 5361 2610 6289 3634 5720 1765 4390 1050 1198 4380 432 2485 3995 4191 4439 1495 7862 3993 4449 1290 5402 3193 5417 2276 5035 1815 3639 6685 883 2711 5439 5587 3754 2657 6628 915 4649 1418 5467 391 2516 488 5408 5126 6243 4275 3351 940 1716 5728 811 
9 3000 3877 3669 5777 4500 1292 6280 854 2646 0 7286 2781 3324 3649 1636 5533 1401 2784 2214 2346 6693 4756 2012 2630 4946 542 4309 5757 1649 2627 4011 1857 1899 5074 7077 4899 1754 3126 3851 6126 5252 4605 4015 3873 4717 5809 5111 4209 3840 3486 3726 481 5024 3408 4180 1231 1820 1745 3452 4694 2267 3893 1548 1686 2637 3523 6212 2190 3013 1477 5551 1540 2951 500 5167 875 1158 5776 2239 299 3637 3803 1132 421 6151 1743 5463 1228 3625 3036 4637 2200 5190 4641 4494 3613 3324 2480 3182 6089 3337 
10 3000 3409 5937 6432 6592 7844 6168 8100 6504 7286 0 4562 5715 3643 8528 5088 7858 5831 5912 5362 621 3842 5285 6325 5685 6754 6084 5572 5670 4906 6170 6995 5655 5970 518 2727 7074 4161 3951 5173 2587 2910 5034 3416 3156 6237 6630 4142 6469 3814 5724 7677 5015 3975 5558 6232 8745 7100 5462 2625 6748 4022 7200 7402 6024 5096 6514 6059 5385 6362 2081 6057 7775 7400 2359 7150 7187 4244 5884 7572 6091 6076 7622 7652 3204 6547 1884 6822 6183 6443 4553 6392 2820 3463 6145 4168 3982 5679 4797 1447 5989 
11 3000 1219 3468 4450 4501 3300 4709 3626 3179 2781 4562 0 3026 946 3973 3627 3324 2686 1607 1734 3954 3064 972 3016 3427 2278 4053 4031 1132 544 3016 3145 1128 3683 4316 2537 2645 536 2022 4173 2500 2219 2231 1174 2015 4380 4073 1851 3111 765 2484 3215 3144 628 2730 1956 4190 3182 2929 1939 3152 2152 2721 2942 1975 2690 4812 1762 1602 2299 2771 1512 3650 2992 2386 2868 2649 3512 2296 3077 2696 2802 3073 3177 3578 2663 2833 2679 2758 3389 3379 2790 2474 2031 3347 1098 593 2275 2028 3312 3253 
12 3000 3045 448 7464 1482 4563 7735 3724 956 3324 5715 3026 0 3062 4957 6635 4658 542 4118 1386 5275 2039 2345 837 6447 2921 1089 7053 2865 3448 5923 1799 3414 6694 5744 2994 4574 2763 1823 7162 4849 2866 5253 3142 4614 7402 7034 4813 5939 3048 5424 3389 6163 3341 5727 2219 5132 1950 259 3815 1359 1720 4482 4698 4630 618 7835 4225 4502 1850 4830 3483 5854 3039 4488 2586 4165 6413 1115 3450 5563 5696 4360 3422 6208 1626 3910 2151 5606 748 1560 1191 4957 4783 6308 4066 3025 929 1115 5077 282 
13 3000 282 3465 4760 4451 4244 4896 4475 3481 3649 3643 946 3062 0 4913 3720 4270 2874 2494 2058 3044 2474 1676 3302 3740 3123 3954 4188 2027 1403 3580 3673 2073 4026 3430 1669 3580 527 1547 4196 1865 1360 2586 229 1554 4651 4522 1889 3746 181 3035 4055 3303 529 3160 2668 5130 3743 2894 1052 3568 1697 3664 3883 2785 2573 5069 2650 2281 2901 2003 2458 4523 3798 1616 3601 3595 3380 2654 3938 3318 3390 4016 4025 3160 3188 1886 3335 3395 3596 2951 3190 1927 1728 3821 1248 353 2542 1950 2470 3328 
14 3000 5174 5290 5659 6077 701 6262 1471 4234 1636 8528 3973 4957 4913 0 5802 725 4418 2774 3948 7915 6344 3439 4237 5051 2108 5921 5887 2918 3637 3990 3383 2875 5084 8254 6347 1678 4425 5393 6369 6244 6038 4438 5142 5659 5750 4907 4926 3708 4735 3920 1637 5335 4554 4381 2840 216 3249 5088 5903 3829 5450 1464 1352 2943 5155 6095 2662 3538 3114 6627 2471 2195 1958 6264 2418 1355 6264 3876 1522 3687 3840 910 1582 6872 3355 6793 2828 3636 4625 6263 3812 6124 5495 4457 4515 4563 4116 4783 7220 4958 
15 3000 3869 7070 1344 8093 5164 1210 6317 6785 5533 5088 3627 6635 3720 5802 0 5100 6313 3318 5358 4579 6125 4495 6630 863 5240 7619 512 4270 3309 1889 6608 3764 1037 4589 4999 4150 3886 5266 593 2744 4784 1535 3750 2455 1152 1677 1839 2231 3668 1884 6011 514 3320 1421 5299 5972 6608 6513 3593 6707 5417 4386 4455 2940 6232 1477 3353 2530 5746 3223 4031 3979 5952 3191 6041 4651 880 5902 5804 2128 1988 5041 5944 1957 6157 4516 6017 2190 7013 6663 6366 2484 2131 1531 2571 3645 5900 5576 3742 6872 
16 3000 4538 5028 5025 5892 118 5610 1639 4038 1401 7858 3324 4658 4270 725 5100 0 4115 2053 3519 7242 5868 2890 4011 4368 1736 5678 5205 2327 2954 3320 3258 2205 4418 7570 5763 957 3800 4878 5673 5536 5449 3716 4498 4948 5104 4288 4202 3056 4090 3216 1615 4627 3885 3679 2455 927 3143 4758 5236 3667 4949 738 647 2219 4777 5464 1938 2812 2815 5929 1812 1717 1851 5571 2273 675 5544 3547 1427 2999 3157 300 1541 6147 3127 6156 2624 2955 4427 5855 3579 5411 4777 3795 3806 3917 3767 4339 6529 4698 
17 3000 2907 938 7078 1929 4021 7381 3209 673 2784 5831 2686 542 2874 4418 6313 4115 0 3647 964 5350 2347 1907 494 6071 2379 1599 6712 2385 3060 5491 1354 2946 6306 5811 3107 4049 2504 1880 6857 4718 2928 4886 2990 4423 7027 6615 4519 5488 2830 5007 2862 5828 3079 5333 1681 4594 1499 686 3734 970 1814 3950 4164 4165 885 7460 3747 4085 1308 4757 2984 5333 2511 4396 2063 3628 6153 580 2916 5125 5263 3818 2893 6034 1108 3977 1625 5163 723 1986 707 4800 4557 5893 3763 2779 437 1045 5066 632 
18 3000 2777 4560 3655 5576 2074 4107 3008 3915 2214 5912 1607 4118 2494 2774 3318 2053 3647 0 2736 5291 4618 1788 3800 2759 1955 5206 3553 1263 1092 1926 3497 704 2916 5586 4138 1171 2144 3565 3912 3501 3821 1807 2706 2907 3660 3069 2156 1861 2316 1546 2692 2810 2016 1983 2195 2980 3461 4104 3330 3712 3681 1330 1508 524 3963 4079 155 814 2684 3918 764 2043 2643 3577 2780 1449 3604 3105 2486 1543 1700 1890 2625 4113 3111 4335 2840 1561 4233 4838 3437 3364 2724 2384 1775 2154 3212 3350 4535 4277 
19 3000 2152 1832 6114 2860 3441 6418 2985 1459 2346 5362 1734 1386 2058 3948 5358 3519 964 2736 0 4827 2410 959 1289 5107 1840 2471 5751 1494 2095 4542 1652 2031 5343 5267 2733 3281 1619 1562 5907 3923 2482 3922 2213 3567 6062 5660 3580 4553 1979 4050 2578 4869 2176 4370 1115 4145 1745 1372 3022 1510 1577 3221 3447 3245 1287 6496 2847 3128 1034 4031 2130 4538 2242 3652 1882 2946 5229 598 2559 4180 4315 3218 2584 5179 1187 3478 1495 4221 1655 2336 1132 3974 3668 4936 2824 1899 541 836 4420 1569 
20 3000 2819 5528 5921 6245 7229 5695 7513 6023 6693 621 3954 5275 3044 7915 4579 7242 5350 5291 4827 0 3499 4700 5842 5135 6163 5728 5074 5068 4288 5579 6471 5041 5426 472 2284 6454 3566 3476 4710 1994 2423 4439 2820 2549 5732 6080 3540 5872 3212 5124 7090 4472 3360 4973 5660 8131 6571 5028 2014 6245 3561 6580 6782 5404 4658 6028 5438 4766 5810 1481 5444 7157 6820 1741 6584 6571 3760 5365 6981 5489 5479 7007 7064 2762 6015 1373 6268 5581 5988 4221 5883 2236 2865 5571 3548 3378 5171 4308 860 5553 
21 3000 2273 2154 7226 2751 5800 7324 5372 2962 4756 3842 3064 2039 2474 6344 6125 5868 2347 4618 2410 3499 0 3010 2810 6210 4243 2242 6613 3614 3608 6020 3691 3990 6498 3969 1330 5468 2556 1052 6549 3721 1409 5060 2393 3734 7110 6993 4334 6152 2584 5476 4976 5743 2975 5630 3525 6546 3831 1780 2648 3315 942 5463 5696 5032 1469 7520 4763 4648 3383 3506 4248 6627 4632 3265 4236 5248 5651 2667 4967 5729 5818 5571 4986 5130 3363 2245 3813 5798 2786 723 3038 3913 4018 6287 3722 2680 2410 1577 3537 2280 
22 3000 1881 2791 5181 3819 2834 5513 2814 2298 2012 5285 972 2345 1676 3439 4495 2890 1907 1788 959 4700 3010 0 2151 4185 1473 3428 4861 608 1188 3585 2177 1086 4411 5100 2914 2466 1149 1994 5062 3434 2610 3017 1890 2978 5138 4708 2788 3594 1530 3100 2391 3994 1561 3435 1005 3651 2210 2317 2729 2217 2075 2452 2685 2290 2179 5572 1907 2178 1327 3655 1256 3673 2123 3265 1935 2248 4455 1423 2291 3221 3357 2601 2367 4551 1699 3450 1713 3262 2559 3113 1870 3428 3003 3986 2050 1387 1471 1589 4145 2525 
23 3000 3355 1065 7327 1888 3908 7664 2936 183 2630 6325 3016 837 3302 4237 6630 4011 494 3800 1289 5842 2810 2151 0 6336 2301 1683 7009 2543 3336 5691 966 3116 6558 6302 3602 4060 2897 2374 7186 5159 3421 5167 3432 4837 7289 6827 4866 5659 3243 5229 2628 6135 3462 5582 1681 4399 1119 1065 4196 523 2308 3934 4136 4324 1340 7722 3883 4314 1223 5219 3089 5349 2287 4852 1825 3586 6518 729 2715 5316 5462 3722 2670 6450 886 4469 1409 5346 439 2389 431 5229 4952 6113 4111 3176 763 1534 5545 740 
24 3000 3939 6892 1027 7927 4442 1353 5688 6478 4946 5685 3427 6447 3740 5051 863 4368 6071 2759 5107 5135 6210 4185 6336 0 4714 7481 837 3858 3011 1070 6197 3310 302 5206 5203 3437 3788 5269 1348 3187 4952 1197 3820 2764 955 945 1900 1395 3648 1220 5414 674 3267 778 4877 5211 6178 6357 3853 6349 5416 3680 3721 2309 6111 1389 2760 2051 5349 3698 3512 3143 5395 3583 5536 3977 1665 5608 5200 1369 1212 4339 5343 2696 5771 4862 5567 1415 6743 6678 6031 2928 2415 670 2500 3586 5642 5448 4277 6664 
25 3000 3345 3297 5598 4190 1644 6063 1353 2350 542 6754 2278 2921 3123 2108 5240 1736 2379 1955 1840 6163 4243 1473 2301 4714 0 3951 5501 1157 2179 3845 1682 1505 4869 6553 4357 1807 2597 3320 5832 4769 4062 3706 3344 4249 5612 4974 3807 3717 2963 3501 937 4726 2907 3937 733 2305 1606 3023 4172 2021 3366 1652 1842 2434 3060 6027 1967 2709 1086 5049 1209 3082 741 4662 830 1289 5415 1811 818 3463 3626 1439 903 5724 1437 4924 996 3465 2730 4159 1874 4719 4196 4318 3170 2805 2035 2676 5575 2968 
26 3000 3884 660 8503 524 5579 8747 4599 1700 4309 6084 4053 1089 3954 5921 7619 5678 1599 5206 2471 5728 2242 3428 1683 7481 3951 0 8055 3954 4503 6995 2593 4501 7735 6200 3480 5648 3733 2511 8127 5631 3444 6284 3993 5474 8432 8097 5783 7020 3972 6489 4307 7162 4300 6776 3274 6082 2742 1126 4556 2126 2372 5546 5758 5716 1387 8864 5314 5569 2865 5533 4571 6932 3969 5226 3507 5218 7334 2178 4399 6639 6769 5385 4351 7028 2567 4423 3093 6684 1318 1539 2110 5771 5680 7370 5050 3976 2014 2044 5680 982 
27 3000 4349 7492 879 8520 5279 711 6511 7159 5757 5572 4031 7053 4188 5887 512 5205 6712 3553 5751 5074 6613 4861 7009 837 5501 8055 0 4590 3674 1900 6935 4060 851 5069 5502 4273 4324 5735 598 3255 5282 1849 4228 2962 672 1377 2298 2210 4126 2037 6228 893 3767 1577 5617 6046 6925 6941 4099 7059 5885 4515 4558 3126 6671 966 3566 2803 6078 3732 4293 3944 6196 3704 6316 4809 1332 6280 6016 2206 2049 5175 6158 2405 6495 5028 6323 2251 7402 7137 6727 2996 2635 1460 3006 4093 6291 6011 4243 7284 
28 3000 2273 3304 4820 4314 2281 5207 2497 2666 1649 5670 1132 2865 2027 2918 4270 2327 2385 1263 1494 5068 3614 608 2543 3858 1157 3954 4590 0 1045 3150 2344 572 4058 5441 3437 1858 1518 2588 4854 3612 3125 2745 2254 3092 4799 4289 2702 3117 1856 2705 2089 3758 1759 3087 1029 3134 2338 2866 3059 2496 2675 1850 2083 1785 2759 5228 1362 1808 1490 3902 650 3071 1889 3518 1835 1668 4347 1842 1946 2773 2921 2048 2049 4587 1913 3887 1750 2802 2974 3719 2197 3562 3049 3581 2030 1689 1951 2190 4443 3016 
29 3000 1685 3896 4019 4931 2945 4329 3481 3485 2627 4906 544 3448 1403 3637 3309 2954 3060 1092 2095 4288 3608 1188 3336 3011 2179 4503 3674 1045 0 2509 3318 771 3248 4617 3048 2194 1072 2563 3880 2648 2732 1832 1618 2095 3966 3594 1661 2583 1224 1989 3091 2807 945 2278 2037 3852 3331 3376 2290 3398 2692 2299 2509 1432 3166 4400 1248 1082 2454 2997 1178 3130 2919 2629 2880 2286 3317 2607 2926 2175 2289 2727 3042 3546 2856 3261 2771 2233 3735 3907 3057 2568 2017 2867 991 1061 2631 2511 3582 3656 
30 3000 3827 6371 1765 7402 3399 2301 4707 5816 4011 6170 3016 5923 3580 3990 1889 3320 5491 1926 4542 5579 6020 3585 5691 1070 3845 6995 1900 3150 2509 0 5423 2578 1099 5731 5195 2409 3477 5007 2415 3585 4908 1145 3718 3048 1808 1142 2057 351 3447 544 4464 1515 3057 628 4120 4146 5386 5871 3982 5632 5146 2653 2675 1416 5673 2202 1884 1428 4607 4099 2688 2089 4482 3890 4675 2976 2562 4978 4246 384 229 3311 4390 3474 5034 5045 4763 385 6117 6390 5346 3350 2717 485 2367 3340 5054 5021 4724 6110 
31 3000 3793 2015 7140 2698 3147 7548 2009 898 1857 6995 3145 1799 3673 3383 6608 3258 1354 3497 1652 6471 3691 2177 966 6197 1682 2593 6935 2344 3318 5423 0 2887 6386 6915 4315 3487 3190 3091 7188 5526 4091 5089 3845 5119 7129 6565 4958 5334 3571 5020 1747 6098 3697 5421 1319 3528 152 2011 4668 467 3059 3321 3495 4011 2239 7556 3545 4146 863 5668 2736 4752 1432 5285 986 2944 6625 1112 1872 5040 5197 2989 1801 6713 487 5112 686 5054 1274 3332 653 5552 5171 5878 4226 3464 1335 2244 6071 1699 
32 3000 2347 3856 4259 4874 2189 4662 2748 3238 1899 5655 1128 3414 2073 2875 3764 2205 2946 704 2031 5041 3990 1086 3116 3310 1505 4501 4060 572 771 2578 2887 0 3500 5380 3638 1532 1634 2941 4353 3416 3320 2230 2300 2855 4243 3718 2312 2546 1892 2140 2374 3250 1680 2534 1568 3091 2869 3400 3031 3061 3047 1594 1817 1219 3265 4671 820 1260 2045 3767 408 2637 2242 3397 2280 1532 3910 2412 2196 2201 2349 1966 2320 4252 2470 3959 2262 2230 3545 4167 2767 3328 2752 3013 1726 1720 2510 2662 4349 3575 
33 3000 4230 7140 771 8175 4498 1208 5792 6697 5074 5970 3683 6694 4026 5084 1037 4418 6306 2916 5343 5426 6498 4411 6558 302 4869 7735 851 4058 3248 1099 6386 3500 0 5488 5502 3507 4059 5549 1428 3485 5249 1462 4111 3066 744 666 2199 1381 3930 1370 5535 955 3547 976 5068 5235 6362 6609 4155 6554 5696 3751 3774 2441 6371 1170 2903 2251 5545 3995 3677 3099 5533 3884 5695 4067 1890 5832 5318 1447 1281 4410 5462 2944 5970 5165 5746 1475 6970 6958 6243 3225 2717 627 2782 3864 5875 5708 4569 6905 
34 3000 3220 5999 5933 6716 7562 5657 7905 6484 7077 518 4316 5744 3430 8254 4589 7570 5811 5586 5267 472 3969 5100 6302 5206 6553 6200 5069 5441 4617 5731 6915 5380 5488 0 2754 6755 3956 3940 4661 2171 2886 4605 3210 2758 5736 6151 3728 6038 3591 5302 7485 4534 3707 5113 6072 8470 7012 5497 2382 6699 4027 6893 7088 5663 5127 6006 5730 5017 6239 1687 5786 7397 7223 2008 7000 6904 3738 5813 7368 5671 5647 7344 7456 2691 6454 1837 6694 5763 6454 4691 6334 2387 3047 5685 3821 3753 5624 4768 1054 6023 
35 3000 1395 3245 6188 4003 5719 6209 5645 3779 4899 2727 2537 2994 1669 6347 4999 5763 3107 4138 2733 2284 1330 2914 3602 5203 4357 3480 5502 3437 3048 5195 4315 3638 5502 2754 0 5170 2008 1232 5372 2441 318 4131 1492 2550 6050 6057 3303 5386 1837 4656 5224 4668 2193 4720 3730 6561 4430 2745 1414 4038 1294 5224 5452 4453 2376 6442 4294 3945 3763 2184 3985 6178 4911 1971 4597 5097 4439 3204 5159 4959 5018 5486 5214 3834 3891 943 4227 5039 3716 2037 3693 2654 2868 5386 2828 1990 2983 2084 2215 3272 
36 3000 3859 4987 4150 5938 1014 4710 2331 4130 1754 7074 2645 4574 3580 1678 4150 957 4049 1171 3281 6454 5468 2466 4060 3437 1807 5648 4273 1858 2194 2409 3487 1532 3507 6755 5170 0 3164 4433 4727 4670 4851 2760 3802 4074 4212 3440 3278 2176 3399 2265 2149 3672 3139 2730 2384 1868 3404 4623 4476 3823 4527 244 342 1265 4568 4590 1034 1876 2840 5089 1220 1288 2255 4747 2569 605 4587 3469 1929 2069 2231 903 2071 5208 3228 5454 2803 2033 4498 5569 3644 4527 3878 2892 2946 3229 3646 4036 5705 4671 
37 3000 755 3191 4816 4208 3768 5020 3949 3072 3126 4161 536 2763 527 4425 3886 3800 2504 2144 1619 3566 2556 1149 2897 3788 2597 3733 4324 1518 1072 3477 3190 1634 4059 3956 2008 3164 0 1530 4402 2336 1689 2597 747 1948 4728 4495 2053 3597 387 2936 3528 3430 578 3135 2144 4642 3252 2629 1580 3119 1669 3226 3452 2505 2347 5156 2298 2091 2396 2516 1997 4187 3270 2127 3078 3127 3655 2215 3414 3176 3270 3537 3499 3560 2704 2369 2822 3243 3226 2919 2743 2365 2056 3775 1318 280 2134 1689 2996 3014 
38 3000 1413 2138 6293 3030 4817 6443 4538 2553 3851 3951 2022 1823 1547 5393 5266 4878 1880 3565 1562 3476 1052 1994 2374 5269 3320 2511 5735 2588 2563 5007 3091 2941 5549 3940 1232 4433 1530 0 5732 3120 1053 4094 1530 2990 6191 6013 3436 5125 1621 4466 4126 4849 2002 4649 2635 5600 3211 1592 2047 2806 150 4438 4671 3983 1223 6611 3711 3616 2594 3039 3212 5578 3796 2719 3445 4242 4885 1984 4088 4705 4801 4586 4125 4519 2681 2103 3052 4771 2515 1409 2463 3264 3225 5297 2768 1688 1756 852 3255 2105 
39 3000 4322 7592 1420 8609 5740 999 6908 7344 6126 5173 4173 7162 4196 6369 593 5673 6857 3912 5907 4710 6549 5062 7186 1348 5832 8127 598 4854 3880 2415 7188 4353 1428 4661 5372 4727 4402 5732 0 3015 5178 2126 4204 2826 1205 1975 2348 2744 4159 2463 6604 1106 3828 1996 5882 6536 7190 7031 3957 7277 5883 4965 5026 3528 6739 1368 3945 3123 6325 3453 4624 4491 6545 3484 6631 5236 970 6461 6396 2684 2537 5622 6536 1969 6733 4811 6602 2741 7563 7115 6932 2765 2531 2008 3097 4151 6449 6088 3908 7405 
40 3000 1812 5221 4050 6149 5543 3933 6105 5340 5252 2587 2500 4849 1865 6244 2744 5536 4718 3501 3923 1994 3721 3434 5159 3187 4769 5631 3255 3612 2648 3585 5526 3416 3485 2171 2441 4670 2336 3120 3015 0 2311 2447 1728 600 3878 4125 1557 3881 1954 3137 5701 2544 1878 2979 4439 6456 5588 4653 1085 5433 3260 4829 5010 3522 4303 4221 3635 2869 4727 517 3822 5235 5491 477 5362 4890 2051 4520 5552 3505 3488 5337 5659 1413 5039 1796 5142 3597 5435 4371 5055 261 877 3586 1730 2066 4403 3738 1140 5126 
41 3000 1090 3152 5946 3969 5407 5992 5361 3601 4605 2910 2219 2866 1360 6038 4784 5449 2928 3821 2482 2423 1409 2610 3421 4952 4062 3444 5282 3125 2732 4908 4091 3320 5249 2886 318 4851 1689 1053 5178 2311 0 3859 1193 2353 5815 5791 3051 5091 1524 4366 4939 4434 1887 4446 3448 6252 4201 2626 1242 3837 1146 4906 5134 4140 2254 6213 3976 3640 3505 2117 3668 5861 4631 1857 4329 4782 4262 2979 4868 4664 4727 5174 4927 3721 3655 1049 3969 4743 3568 2074 3482 2506 2656 5112 2542 1675 2769 1889 2240 3147 
42 3000 2806 5697 2222 6731 3765 2497 4816 5315 4015 5034 2231 5253 2586 4438 1535 3716 4886 1807 3922 4439 5060 3017 5167 1197 3706 6284 1849 2745 1832 1145 5089 2230 1462 4605 4131 2760 2597 4094 2126 2447 3859 0 2690 1902 2149 1937 912 1434 2480 703 4495 1020 2092 590 3774 4625 5083 5160 2861 5209 4240 2981 3089 1498 4914 2581 1860 1002 4230 2958 2500 2931 4423 2744 4505 3200 1828 4438 4292 1073 1042 3616 4429 2525 4646 3918 4487 1166 5567 5501 4879 2218 1574 1255 1338 2406 4460 4250 3587 5473 
43 3000 120 3532 4833 4498 4473 4939 4696 3613 3873 3416 1174 3142 229 5142 3750 4498 2990 2706 2213 2820 2393 1890 3432 3820 3344 3993 4228 2254 1618 3718 3845 2300 4111 3210 1492 3802 747 1530 4204 1728 1193 2690 0 1482 4716 4628 1940 3898 408 3175 4274 3352 707 3272 2875 5359 3920 2960 842 3721 1680 3889 4107 2980 2625 5128 2862 2454 3090 1822 2686 4728 4013 1440 3807 3823 3357 2806 4161 3471 3535 4245 4246 3066 3363 1659 3530 3550 3708 2914 3342 1817 1697 3937 1359 581 2678 2027 2263 3414 
44 3000 1590 5011 3694 5981 4958 3665 5572 5014 4717 3156 2015 4614 1554 5659 2455 4948 4423 2907 3567 2549 3734 2978 4837 2764 4249 5474 2962 3092 2095 3048 5119 2855 3066 2758 2550 4074 1948 2990 2826 600 2353 1902 1482 0 3540 3680 993 3329 1594 2577 5175 2164 1423 2460 3971 5870 5170 4439 1138 5067 3139 4237 4414 2922 4108 3914 3039 2270 4295 1075 3257 4640 4981 844 4881 4307 1917 4164 5017 2940 2935 4755 5129 1613 4633 2100 4690 3032 5146 4331 4691 473 349 3093 1144 1669 4074 3500 1713 4882 
45 3000 4836 7846 215 8881 5188 518 6515 7430 5809 6237 4380 7402 4651 5750 1152 5104 7027 3660 6062 5732 7110 5138 7289 955 5612 8432 672 4799 3966 1808 7129 4243 744 5736 6050 4212 4728 6191 1205 3878 5815 2149 4716 3540 0 915 2776 2047 4570 2115 6267 1382 4195 1712 5811 5892 7106 7309 4666 7294 6340 4457 4465 3182 7060 433 3645 2990 6287 4366 4422 3686 6272 4313 6439 4784 2003 6561 6049 2173 2007 5112 6194 3078 6711 5629 6490 2192 7697 7600 6980 3616 3200 1322 3426 4518 6597 6396 4894 7619 
46 3000 4744 7482 771 8516 4380 1426 5768 6954 5111 6630 4073 7034 4522 4907 1677 4288 6615 3069 5660 6080 6993 4708 6827 945 4974 8097 1377 4289 3594 1142 6565 3718 666 6151 6057 3440 4495 6013 1975 4125 5791 1937 4628 3680 915 0 2767 1272 4410 1610 5552 1616 4020 1364 5263 5038 6526 6971 4742 6775 6157 3681 3663 2555 6757 1194 3022 2532 5750 4638 3828 2796 5592 4510 5804 4031 2546 6111 5332 1525 1370 4325 5476 3607 6177 5771 5902 1512 7251 7414 6486 3868 3331 727 3274 4325 6179 6098 5222 7229 
47 3000 2061 5244 2898 6261 4229 3006 5053 5030 4209 4142 1851 4813 1889 4926 1839 4202 4519 2156 3580 3540 4334 2788 4866 1900 3807 5783 2298 2702 1661 2057 4958 2312 2199 3728 3303 3278 2053 3436 2348 1557 3051 912 1940 993 2776 2767 0 2335 1829 1584 4686 1413 1482 1484 3696 5129 4980 4683 1976 4998 3587 3469 3620 2051 4396 3187 2264 1406 4098 2060 2675 3702 4548 1833 4537 3604 1667 4148 4503 1949 1941 4046 4630 1962 4485 3020 4430 2041 5231 4840 4639 1347 680 2134 756 1807 4119 3741 2694 5058 
48 3000 4003 6385 1975 7411 3141 2555 4499 5775 3840 6469 3111 5939 3746 3708 2231 3056 5488 1861 4553 5872 6152 3594 5659 1395 3717 7020 2210 3117 2583 351 5334 2546 1381 6038 5386 2176 3597 5125 2744 3881 5091 1434 3898 3329 2047 1272 2335 0 3602 757 4279 1866 3217 966 4049 3856 5287 5902 4218 5569 5259 2420 2419 1336 5724 2414 1792 1508 4539 4391 2603 1749 4322 4166 4545 2762 2913 4958 4059 427 393 3071 4204 3819 4965 5286 4663 353 6091 6489 5298 3652 3007 754 2568 3484 5051 5081 5021 6114 
49 3000 461 3462 4672 4462 4064 4831 4316 3420 3486 3814 765 3048 181 4735 3668 4090 2830 2316 1979 3212 2584 1530 3243 3648 2963 3972 4126 1856 1224 3447 3571 1892 3930 3591 1837 3399 387 1621 4159 1954 1524 2480 408 1594 4570 4410 1829 3602 0 2902 3897 3236 391 3046 2530 4952 3635 2893 1209 3486 1769 3482 3702 2616 2585 4991 2472 2125 2782 2129 2278 4348 3646 1740 3463 3414 3369 2577 3777 3175 3253 3837 3866 3207 3085 2067 3209 3250 3554 3030 3109 1994 1735 3703 1148 172 2480 1946 2617 3309 
50 3000 3284 5872 2120 6906 3279 2562 4474 5361 3726 5724 2484 5424 3035 3920 1884 3216 5007 1546 4050 5124 5476 3100 5229 1220 3501 6489 2037 2705 1989 544 5020 2140 1370 5302 4656 2265 2936 4466 2463 3137 4366 703 3175 2577 2115 1610 1584 757 2902 0 4195 1416 2512 466 3704 4095 4993 5363 3464 5201 4606 2502 2571 1090 5155 2537 1541 922 4185 3644 2306 2254 4175 3411 4326 2778 2396 4509 3981 370 368 3159 4124 3194 4611 4531 4376 462 5650 5852 4899 2915 2261 885 1829 2796 4571 4499 4277 5620 
51 3000 4271 3691 6229 4444 1497 6743 423 2610 481 7677 3215 3389 4055 1637 6011 1615 2862 2692 2578 7090 4976 2391 2628 5414 937 4307 6228 2089 3091 4464 1747 2374 5535 7485 5224 2149 3528 4126 6604 5701 4939 4495 4274 5175 6267 5552 4686 4279 3897 4195 0 5502 3843 4651 1496 1782 1612 3546 5106 2198 4152 1924 2027 3104 3665 6666 2663 3493 1605 5986 2021 3274 351 5600 804 1543 6258 2364 220 4093 4260 1398 78 6624 1764 5833 1237 4078 3000 4791 2212 5646 5108 4949 4080 3740 2618 3400 6511 3361 
52 3000 3472 6601 1529 7628 4687 1594 5813 6289 5024 5015 3144 6163 3303 5335 514 4627 5828 2810 4869 4472 5743 3994 6135 674 4726 7162 893 3758 2807 1515 6098 3250 955 4534 4668 3672 3430 4849 1106 2544 4434 1020 3352 2164 1382 1616 1413 1866 3236 1416 5502 0 2875 968 4787 5511 6096 6049 3284 6203 4999 3906 3984 2445 5778 1779 2848 2017 5237 3049 3518 3591 5440 2959 5526 4159 1051 5407 5296 1696 1572 4556 5435 2037 5649 4261 5504 1768 6523 6254 5864 2283 1821 1252 2113 3200 5411 5117 3616 6395 
53 3000 798 3767 4293 4780 3869 4468 4254 3634 3408 3975 628 3341 529 4554 3320 3885 3079 2016 2176 3360 2975 1561 3462 3267 2907 4300 3767 1759 945 3057 3697 1680 3547 3707 2193 3139 578 2002 3828 1878 1887 2092 707 1423 4195 4020 1482 3217 391 2512 3843 2875 0 2655 2562 4771 3747 3203 1351 3659 2149 3243 3454 2273 2913 4619 2171 1752 2873 2143 2083 4025 3619 1759 3484 3212 3077 2767 3705 2790 2864 3647 3805 3019 3211 2319 3273 2866 3799 3411 3286 1867 1492 3311 768 325 2701 2259 2692 3593 
54 3000 3387 6174 1746 7209 3744 2131 4936 5720 4180 5558 2730 5727 3160 4381 1421 3679 5333 1983 4370 4973 5630 3435 5582 778 3937 6776 1577 3087 2278 628 5421 2534 976 5113 4720 2730 3135 4649 1996 2979 4446 590 3272 2460 1712 1364 1484 966 3046 466 4651 968 2655 0 4102 4553 5401 5649 3448 5581 4794 2969 3033 1549 5420 2143 1990 1278 4575 3495 2733 2638 4623 3304 4758 3244 1983 4856 4439 730 620 3625 4581 2855 4999 4501 4789 806 5994 6052 5268 2738 2122 666 1914 2961 4900 4758 4115 5935 
55 3000 2854 2614 5824 3553 2368 6228 1915 1765 1231 6232 1956 2219 2668 2840 5299 2455 1681 2195 1115 5660 3525 1005 1681 4877 733 3274 5617 1029 2037 4120 1319 1568 5068 6072 3730 2384 2144 2635 5882 4439 3448 3774 2875 3971 5811 5263 3696 4049 2530 3704 1496 4787 2562 4102 0 3034 1309 2304 3717 1520 2669 2272 2484 2716 2327 6238 2257 2826 490 4658 1447 3673 1183 4268 933 1946 5354 1103 1453 3738 3892 2155 1492 5525 916 4369 734 3757 2121 3425 1278 4427 3977 4569 2988 2390 1312 1951 5137 2293 
56 3000 5390 5457 5795 6226 912 6405 1574 4390 1820 8745 4190 5132 5130 216 5972 927 4594 2980 4145 8131 6546 3651 4399 5211 2305 6082 6046 3134 3852 4146 3528 3091 5235 8470 6561 1868 4642 5600 6536 6456 6252 4625 5359 5870 5892 5038 5129 3856 4952 4095 1782 5511 4771 4553 3034 0 3391 5268 6120 3980 5656 1662 1536 3134 5343 6229 2865 3736 3294 6840 2687 2292 2114 6478 2575 1568 6450 4059 1685 3851 4002 1125 1733 7071 3522 7010 2993 3798 4780 6455 3977 6334 5703 4608 4726 4780 4301 4981 7434 5125 
57 3000 3872 2168 7112 2839 3031 7531 1863 1050 1745 7100 3182 1950 3743 3249 6608 3143 1499 3461 1745 6571 3831 2210 1119 6178 1606 2742 6925 2338 3331 5386 152 2869 6362 7012 4430 3404 3252 3211 7190 5588 4201 5083 3920 5170 7106 6526 4980 5287 3635 4993 1612 6096 3747 5401 1309 3391 0 2161 4748 618 3183 3232 3400 3971 2383 7531 3504 4129 884 5742 2698 4661 1305 5358 870 2851 6645 1227 1745 5002 5161 2878 1668 6757 559 5216 624 5014 1424 3481 794 5608 5212 5846 4255 3523 1459 2368 6157 1852 
58 3000 2859 571 7378 1579 4667 7630 3896 1198 3452 5462 2929 259 2894 5088 6513 4758 686 4104 1372 5028 1780 2317 1065 6357 3023 1126 6941 2866 3376 5871 2011 3400 6609 5497 2745 4623 2629 1592 7031 4653 2626 5160 2960 4439 7309 6971 4683 5902 2893 5363 3546 6049 3203 5649 2304 5268 2161 0 3607 1587 1482 4543 4764 4608 371 7741 4218 4444 1974 4617 3499 5894 3195 4281 2749 4240 6262 1215 3595 5518 5646 4458 3576 6024 1795 3666 2311 5564 1008 1325 1382 4769 4621 6243 3942 2882 992 947 4847 526 
59 3000 876 4169 4812 5076 5220 4803 5525 4380 4694 2625 1939 3815 1052 5903 3593 5236 3734 3330 3022 2014 2648 2729 4196 3853 4172 4556 4099 3059 2290 3982 4668 3031 4155 2382 1414 4476 1580 2047 3957 1085 1242 2861 842 1138 4666 4742 1976 4218 1209 3464 5106 3284 1351 3448 3717 6120 4748 3607 0 4519 2184 4589 4798 3511 3249 5048 3482 2911 3928 1023 3432 5282 4850 674 4650 4563 3027 3606 4986 3802 3832 4997 5075 2498 4189 1068 4371 3889 4437 3287 4142 1265 1467 4107 1684 1370 3458 2719 1421 4095 
60 3000 3656 1551 7317 2247 3559 7693 2473 432 2267 6748 3152 1359 3568 3829 6707 3667 970 3712 1510 6245 3315 2217 523 6349 2021 2126 7059 2496 3398 5632 467 3061 6554 6699 4038 3823 3119 2806 7277 5433 3837 5209 3721 5067 7294 6775 4998 5569 3486 5201 2198 6203 3659 5581 1520 3980 618 1587 4519 0 2756 3673 3860 4234 1847 7724 3777 4303 1030 5534 2967 5103 1871 5158 1414 3306 6663 915 2310 5251 5404 3389 2248 6676 607 4876 1045 5273 808 2912 378 5481 5150 6074 4250 3398 1075 1954 5899 1239 
61 3000 1563 2018 6442 2892 4886 6593 4561 2485 3893 4022 2152 1720 1697 5450 5417 4949 1814 3681 1577 3561 942 2075 2308 5416 3366 2372 5885 2675 2692 5146 3059 3047 5696 4027 1294 4527 1669 150 5883 3260 1146 4240 1680 3139 6340 6157 3587 5259 1769 4606 4152 4999 2149 4794 2669 5656 3183 1482 2184 2756 0 4526 4759 4106 1110 6760 3826 3751 2600 3169 3307 5685 3818 2854 3455 4320 5035 1961 4122 4841 4938 4655 4155 4662 2663 2191 3053 4906 2427 1261 2422 3407 3375 5440 2916 1834 1724 815 3368 2001 
62 3000 3940 4886 4394 5819 784 4954 2093 3995 1548 7200 2721 4482 3664 1464 4386 738 3950 1330 3221 6580 5463 2452 3934 3680 1652 5546 4515 1850 2299 2653 3321 1594 3751 6893 5224 244 3226 4438 4965 4829 4906 2981 3889 4237 4457 3681 3469 2420 3482 2502 1924 3906 3243 2969 2272 1662 3232 4543 4589 3673 4526 0 233 1483 4507 4834 1207 2074 2711 5237 1242 1431 2048 4887 2383 389 4810 3370 1706 2312 2474 660 1846 5409 3086 5546 2642 2276 4369 5532 3513 4695 4054 3136 3100 3311 3558 3998 5846 4565 
63 3000 4160 5098 4392 6023 723 4969 2153 4191 1686 7402 2942 4698 3883 1352 4455 647 4164 1508 3447 6782 5696 2685 4136 3721 1842 5758 4558 2083 2509 2675 3495 1817 3774 7088 5452 342 3452 4671 5026 5010 5134 3089 4107 4414 4465 3663 3620 2419 3702 2571 2027 3984 3454 3033 2484 1536 3400 4764 4798 3860 4759 233 0 1599 4733 4831 1375 2217 2913 5426 1472 1265 2183 5081 2542 553 4914 3584 1814 2352 2510 669 1949 5547 3279 5763 2821 2308 4568 5762 3711 4868 4220 3152 3284 3530 3777 4229 6039 4776 
64 3000 3065 5074 3164 6093 2267 3645 3387 4439 2637 6024 1975 4630 2785 2943 2940 2219 4165 524 3245 5404 5032 2290 4324 2309 2434 5716 3126 1785 1432 1416 4011 1219 2441 5663 4453 1265 2505 3983 3528 3522 4140 1498 2980 2922 3182 2555 2051 1336 2616 1090 3104 2445 2273 1549 2716 3134 3971 4608 3511 4234 4106 1483 1599 0 4454 3594 468 653 3205 3977 1274 1770 3091 3666 3263 1713 3326 3627 2891 1032 1193 2120 3033 3952 3632 4553 3348 1043 4757 5293 3961 3352 2687 1884 1857 2466 3729 3828 4609 4794 
65 3000 2521 920 7136 1878 4693 7365 4035 1495 3523 5096 2690 618 2573 5155 6232 4777 885 3963 1287 4658 1469 2179 1340 6111 3060 1387 6671 2759 3166 5673 2239 3265 6371 5127 2376 4568 2347 1223 6739 4303 2254 4914 2625 4108 7060 6757 4396 5724 2585 5155 3665 5778 2913 5420 2327 5343 2383 371 3249 1847 1110 4507 4733 4454 0 7490 4086 4244 2063 4254 3405 5821 3313 3923 2884 4226 5951 1300 3692 5330 5451 4477 3687 5682 1956 3295 2447 5381 1356 1128 1588 4426 4302 6029 3665 2589 1048 663 4477 895 
66 3000 5248 8279 439 9313 5552 396 6905 7862 6212 6514 4812 7835 5069 6095 1477 5464 7460 4079 6496 6028 7520 5572 7722 1389 6027 8864 966 5228 4400 2202 7556 4671 1170 6006 6442 4590 5156 6611 1368 4221 6213 2581 5128 3914 433 1194 3187 2414 4991 2537 6666 1779 4619 2143 6238 6229 7531 7741 5048 7724 6760 4834 4831 3594 7490 0 4059 3421 6715 4698 4842 3989 6680 4668 6856 5170 2270 6994 6448 2575 2409 5486 6592 3322 7140 5990 6914 2588 8130 8019 7411 3961 3580 1718 3850 4942 7031 6827 5203 8052 
67 3000 2933 4666 3631 5676 1966 4102 2964 3993 2190 6059 1762 4225 2650 2662 3353 1938 3747 155 2847 5438 4763 1907 3883 2760 1967 5314 3566 1362 1248 1884 3545 820 2903 5730 4294 1034 2298 3711 3945 3635 3976 1860 2862 3039 3645 3022 2264 1792 2472 1541 2663 2848 2171 1990 2257 2865 3504 4218 3482 3777 3826 1207 1375 468 4086 4059 0 889 2747 4058 811 1889 2634 3721 2796 1356 3673 3198 2453 1500 1662 1790 2594 4213 3173 4489 2880 1509 4319 4974 3512 3493 2847 2352 1913 2309 3313 3479 4677 4378 
68 3000 2551 4950 3017 5984 2846 3402 3819 4449 3013 5385 1602 4502 2281 3538 2530 2812 4085 814 3128 4766 4648 2178 4314 2051 2709 5569 2803 1808 1082 1428 4146 1260 2251 5017 3945 1876 2091 3616 3123 2869 3640 1002 2454 2270 2990 2532 1406 1508 2125 922 3493 2017 1752 1278 2826 3736 4129 4444 2911 4303 3751 2074 2217 653 4244 3421 889 0 3298 3330 1500 2391 3422 3025 3516 2245 2790 3591 3291 1094 1207 2677 3428 3335 3721 3967 3522 1156 4731 4981 3992 2699 2034 1808 1232 1994 3649 3593 3963 4697 
69 3000 3052 2213 6304 3110 2718 6697 1990 1290 1477 6362 2299 1850 2901 3114 5746 2815 1308 2684 1034 5810 3383 1327 1223 5349 1086 2865 6078 1490 2454 4607 863 2045 5545 6239 3763 2840 2396 2594 6325 4727 3505 4230 3090 4295 6287 5750 4098 4539 2782 4185 1605 5237 2873 4575 490 3294 884 1974 3928 1030 2600 2711 2913 3205 2063 6715 2747 3298 0 4905 1937 4128 1256 4517 856 2364 5764 766 1629 4225 4379 2520 1624 5877 427 4481 463 4245 1658 3188 804 4738 4330 5053 3371 2661 1015 1816 5346 1883 
70 3000 1879 5174 4543 6057 5929 4396 6398 5402 5551 2081 2771 4830 2003 6627 3223 5929 4757 3918 4031 1481 3506 3655 5219 3698 5049 5533 3732 3902 2997 4099 5668 3767 3995 1687 2184 5089 2516 3039 3453 517 2117 2958 1822 1075 4366 4638 2060 4391 2129 3644 5986 3049 2143 3495 4658 6840 5742 4617 1023 5534 3169 5237 5426 3977 4254 4698 4058 3330 4905 0 4175 5711 5754 389 5590 5272 2483 4620 5849 4010 3998 5717 5949 1685 5186 1410 5337 4102 5460 4190 5157 770 1384 4103 2145 2268 4477 3740 637 5112 
71 3000 2727 3915 4419 4910 1789 4863 2378 3193 1540 6057 1512 3483 2458 2471 4031 1812 2984 764 2130 5444 4248 1256 3089 3512 1209 4571 4293 650 1178 2688 2736 408 3677 5786 3985 1220 1997 3212 4624 3822 3668 2500 2686 3257 4422 3828 2675 2603 2278 2306 2021 3518 2083 2733 1447 2687 2698 3499 3432 2967 3307 1242 1472 1274 3405 4842 811 1500 1937 4175 0 2420 1924 3805 2025 1136 4238 2421 1831 2304 2462 1564 1961 4628 2362 4345 2076 2317 3528 4369 2709 3729 3143 3148 2122 2105 2558 2841 4757 3616 
72 3000 4805 6271 3566 7226 1831 4205 3351 5417 2951 7775 3650 5854 4523 2195 3979 1717 5333 2043 4538 7157 6627 3673 5349 3143 3082 6932 3944 3071 3130 2089 4752 2637 3099 7397 6178 1288 4187 5578 4491 5235 5861 2931 4728 4640 3686 2796 3702 1749 4348 2254 3274 3591 4025 2638 3673 2292 4661 5894 5282 5103 5685 1431 1265 1770 5821 3989 1889 2391 4128 5711 2420 0 3447 5415 3806 1810 4622 4754 3066 1913 2021 1879 3197 5448 4512 6321 4073 1832 5786 6786 4932 5044 4372 2486 3620 4189 4925 5261 6347 5957 
73 3000 4003 3348 6246 4119 1737 6736 742 2276 500 7400 2992 3039 3798 1958 5952 1851 2511 2643 2242 6820 4632 2123 2287 5395 741 3969 6196 1889 2919 4482 1432 2242 5533 7223 4911 2255 3270 3796 6545 5491 4631 4423 4013 4981 6272 5592 4548 4322 3646 4175 351 5440 3619 4623 1183 2114 1305 3195 4850 1871 3818 2048 2183 3091 3313 6680 2634 3422 1256 5754 1924 3447 0 5366 461 1659 6151 2012 440 4105 4270 1602 383 6465 1416 5545 888 4097 2667 4441 1867 5449 4934 4963 3911 3494 2267 3058 6264 3017 
74 3000 1502 4844 4479 5747 5568 4389 6013 5035 5167 2359 2386 4488 1616 6264 3191 5571 4396 3577 3652 1741 3265 3265 4852 3583 4662 5226 3704 3518 2629 3890 5285 3397 3884 2008 1971 4747 2127 2719 3484 477 1857 2744 1440 844 4313 4510 1833 4166 1740 3411 5600 2959 1759 3304 4268 6478 5358 4281 674 5158 2854 4887 5081 3666 3923 4668 3721 3025 4517 389 3805 5415 5366 0 5200 4910 2523 4243 5464 3771 3772 5354 5563 1866 4802 1328 4949 3862 5104 3928 4780 718 1186 3935 1814 1878 4106 3389 958 4768 
75 3000 3785 2887 6428 3661 2162 6887 1151 1815 875 7150 2868 2586 3601 2418 6041 2273 2063 2780 1882 6584 4236 1935 1825 5536 830 3507 6316 1835 2880 4675 986 2280 5695 7000 4597 2569 3078 3445 6631 5362 4329 4505 3807 4881 6439 5804 4537 4545 3463 4326 804 5526 3484 4758 933 2575 870 2749 4650 1414 3455 2383 2542 3263 2884 6856 2796 3516 856 5590 2025 3806 461 5200 0 1997 6174 1587 896 4293 4456 2008 844 6412 960 5279 438 4295 2206 4012 1408 5342 4867 5148 3859 3322 1844 2673 6070 2557 
76 3000 3863 4559 4731 5474 658 5274 1736 3639 1158 7187 2649 4165 3595 1355 4651 675 3628 1449 2946 6571 5248 2248 3586 3977 1289 5218 4809 1668 2286 2976 2944 1532 4067 6904 5097 605 3127 4242 5236 4890 4782 3200 3823 4307 4784 4031 3604 2762 3414 2778 1543 4159 3212 3244 1946 1568 2851 4240 4563 3306 4320 389 553 1713 4226 5170 1356 2245 2364 5272 1136 1810 1659 4910 1997 0 5023 3049 1324 2621 2785 447 1465 5562 2726 5481 2269 2593 4018 5276 3161 4774 4152 3461 3163 3242 3249 3747 5867 4235 
77 3000 3472 6831 2206 7829 5594 1936 6600 6685 5776 4244 3512 6413 3380 6264 880 5544 6153 3604 5229 3760 5651 4455 6518 1665 5415 7334 1332 4347 3317 2562 6625 3910 1890 3738 4439 4587 3655 4885 970 2051 4262 1828 3357 1917 2003 2546 1667 2913 3369 2396 6258 1051 3077 1983 5354 6450 6645 6262 3027 6663 5035 4810 4914 3326 5951 2270 3673 2790 5764 2483 4238 4622 6151 2523 6174 5023 0 5805 6063 2712 2601 5443 6196 1078 6153 3847 6088 2790 6871 6244 6303 1806 1660 2296 2413 3387 5764 5315 2945 6668 
78 3000 2741 1517 6602 2489 3455 6935 2736 883 2239 5884 2296 1115 2654 3876 5902 3547 580 3105 598 5365 2667 1423 729 5608 1811 2178 6280 1842 2607 4978 1112 2412 5832 5813 3204 3469 2215 1984 6461 4520 2979 4438 2806 4164 6561 6111 4148 4958 2577 4509 2364 5407 2767 4856 1103 4059 1227 1215 3606 915 1961 3370 3584 3627 1300 6994 3198 3591 766 4620 2421 4754 2012 4243 1587 3049 5805 0 2395 4606 4749 3248 2386 5776 704 4003 1153 4640 1140 2428 536 4572 4260 5394 3394 2495 258 1147 4993 1203 
79 3000 4163 3771 6010 4557 1311 6526 555 2711 299 7572 3077 3450 3938 1522 5804 1427 2916 2486 2559 6981 4967 2291 2715 5200 818 4399 6016 1946 2926 4246 1872 2196 5318 7368 5159 1929 3414 4088 6396 5552 4868 4292 4161 5017 6049 5332 4503 4059 3777 3981 220 5296 3705 4439 1453 1685 1745 3595 4986 2310 4122 1706 1814 2891 3692 6448 2453 3291 1629 5849 1831 3066 440 5464 896 1324 6063 2395 0 3876 4042 1196 144 6448 1836 5741 1307 3860 3102 4814 2291 5490 4940 4730 3912 3616 2644 3390 6384 3440 
80 3000 3576 6011 2141 7040 3072 2655 4345 5439 3637 6091 2696 5563 3318 3687 2128 2999 5125 1543 4180 5489 5729 3221 5316 1369 3463 6639 2206 2773 2175 384 5040 2201 1447 5671 4959 2069 3176 4705 2684 3505 4664 1073 3471 2940 2173 1525 1949 427 3175 370 4093 1696 2790 730 3738 3851 5002 5518 3802 5251 4841 2312 2352 1032 5330 2575 1500 1094 4225 4010 2304 1913 4105 3771 4293 2621 2712 4606 3876 0 166 2972 4020 3547 4652 4870 4379 92 5744 6075 4967 3283 2628 858 2144 3058 4687 4682 4643 5746 
81 3000 3642 6144 1976 7175 3231 2490 4511 5587 3803 6076 2802 5696 3390 3840 1988 3157 5263 1700 4315 5479 5818 3357 5462 1212 3626 6769 2049 2921 2289 229 5197 2349 1281 5647 5018 2231 3270 4801 2537 3488 4727 1042 3535 2935 2007 1370 1941 393 3253 368 4260 1572 2864 620 3892 4002 5161 5646 3832 5404 4938 2474 2510 1193 5451 2409 1662 1207 4379 3998 2462 2021 4270 3772 4456 2785 2601 4749 4042 166 0 3134 4186 3467 4806 4899 4539 204 5888 6179 5117 3260 2613 693 2194 3141 4826 4800 4628 5882 
82 3000 4280 4734 5046 5606 233 5612 1487 3754 1132 7622 3073 4360 4016 910 5041 300 3818 1890 3218 7007 5571 2601 3722 4339 1439 5385 5175 2048 2727 3311 2989 1966 4410 7344 5486 903 3537 4586 5622 5337 5174 3616 4245 4755 5112 4325 4046 3071 3837 3159 1398 4556 3647 3625 2155 1125 2878 4458 4997 3389 4655 660 669 2120 4477 5486 1790 2677 2520 5717 1564 1879 1602 5354 2008 447 5443 3248 1196 2972 3134 0 1322 6002 2841 5900 2344 2936 4141 5555 3291 5222 4599 3793 3611 3664 3467 4039 6309 4404 
83 3000 4245 3731 6155 4495 1424 6670 450 2657 421 7652 3177 3422 4025 1582 5944 1541 2893 2625 2584 7064 4986 2367 2670 5343 903 4351 6158 2049 3042 4390 1801 2320 5462 7456 5214 2071 3499 4125 6536 5659 4927 4429 4246 5129 6194 5476 4630 4204 3866 4124 78 5435 3805 4581 1492 1733 1668 3576 5075 2248 4155 1846 1949 3033 3687 6592 2594 3428 1624 5949 1961 3197 383 5563 844 1465 6196 2386 144 4020 4186 1322 0 6571 1800 5814 1271 4004 3047 4813 2251 5601 5058 4874 4030 3708 2639 3409 6478 3401 
84 3000 3164 6595 3282 7542 6179 2967 7001 6628 6151 3204 3578 6208 3160 6872 1957 6147 6034 4113 5179 2762 5130 4551 6450 2696 5724 7028 2405 4587 3546 3474 6713 4252 2944 2691 3834 5208 3560 4519 1969 1413 3721 2525 3066 1613 3078 3607 1962 3819 3207 3194 6624 2037 3019 2855 5525 7071 6757 6024 2498 6676 4662 5409 5547 3952 5682 3322 4213 3335 5877 1685 4628 5448 6465 1866 6412 5562 1078 5776 6448 3547 3467 6002 6571 0 6228 3095 6254 3634 6756 5784 6301 1257 1548 3283 2556 3280 5688 5093 2006 6480 
85 3000 3314 1935 6730 2765 3024 7119 2101 915 1743 6547 2663 1626 3188 3355 6157 3127 1108 3111 1187 6015 3363 1699 886 5771 1437 2567 6495 1913 2856 5034 487 2470 5970 6454 3891 3228 2704 2681 6733 5039 3655 4646 3363 4633 6711 6177 4485 4965 3085 4611 1764 5649 3211 4999 916 3522 559 1795 4189 607 2663 3086 3279 3632 1956 7140 3173 3721 427 5186 2362 4512 1416 4802 960 2726 6153 704 1836 4652 4806 2841 1800 6228 0 4663 529 4672 1300 3080 457 5065 4687 5480 3749 2977 955 1851 5597 1603 
86 3000 1619 4179 5788 4946 6129 5717 6257 4649 5463 1884 2833 3910 1886 6793 4516 6156 3977 4335 3478 1373 2245 3450 4469 4862 4924 4423 5028 3887 3261 5045 5112 3959 5165 1837 943 5454 2369 2103 4811 1796 1049 3918 1659 2100 5629 5771 3020 5286 2067 4531 5833 4261 2319 4501 4369 7010 5216 3666 1068 4876 2191 5546 5763 4553 3295 5990 4489 3967 4481 1410 4345 6321 5545 1328 5279 5481 3847 4003 5741 4870 4899 5900 5814 3095 4663 0 4943 4957 4617 2963 4516 2046 2448 5155 2748 2240 3803 2934 1298 4190 
87 3000 3497 2464 6493 3272 2518 6920 1588 1418 1228 6822 2679 2151 3335 2828 6017 2624 1625 2840 1495 6268 3813 1713 1409 5567 996 3093 6323 1750 2771 4763 686 2262 5746 6694 4227 2803 2822 3052 6602 5142 3969 4487 3530 4690 6490 5902 4430 4663 3209 4376 1237 5504 3273 4789 734 2993 624 2311 4371 1045 3053 2642 2821 3348 2447 6914 2880 3522 463 5337 2076 4073 888 4949 438 2269 6088 1153 1307 4379 4539 2344 1271 6254 529 4943 0 4390 1808 3575 984 5141 4705 5224 3722 3081 1412 2259 5791 2132 
88 3000 3654 6053 2151 7081 3030 2681 4323 5467 3625 6183 2758 5606 3395 3636 2190 2955 5163 1561 4221 5581 5798 3262 5346 1415 3465 6684 2251 2802 2233 385 5054 2230 1475 5763 5039 2033 3243 4771 2741 3597 4743 1166 3550 3032 2192 1512 2041 353 3250 462 4078 1768 2866 806 3757 3798 5014 5564 3889 5273 4906 2276 2308 1043 5381 2588 1509 1156 4245 4102 2317 1832 4097 3862 4295 2593 2790 4640 3860 92 204 2936 4004 3634 4672 4957 4390 0 5776 6137 4993 3376 2720 870 2228 3130 4725 4735 4736 5786 
89 3000 3622 778 7740 1465 4322 8064 3282 391 3036 6443 3389 748 3596 4625 7013 4427 723 4233 1655 5988 2786 2559 439 6743 2730 1318 7402 2974 3735 6117 1274 3545 6970 6454 3716 4498 3226 2515 7563 5435 3568 5567 3708 5146 7697 7251 5231 6091 3554 5650 3000 6523 3799 5994 2121 4780 1424 1008 4437 808 2427 4369 4568 4757 1356 8130 4319 4731 1658 5460 3528 5786 2667 5104 2206 4018 6871 1140 3102 5744 5888 4141 3047 6756 1300 4617 1808 5776 0 2272 857 5520 5280 6534 4475 3502 1114 1723 5747 519 
90 3000 2794 1557 7703 2039 5776 7846 5163 2516 4637 4553 3379 1560 2951 6263 6663 5855 1986 4838 2336 4221 723 3113 2389 6678 4159 1539 7137 3719 3907 6390 3332 4167 6958 4691 2037 5569 2919 1409 7115 4371 2074 5501 2914 4331 7600 7414 4840 6489 3030 5852 4791 6254 3411 6052 3425 6455 3481 1325 3287 2912 1261 5532 5762 5293 1128 8019 4974 4981 3188 4190 4369 6786 4441 3928 4012 5276 6244 2428 4814 6075 6179 5555 4813 5784 3080 2963 3575 6137 2272 0 2693 4549 4591 6695 4177 3094 2173 1534 4251 1752 
91 3000 3278 1480 7009 2317 3477 7370 2536 488 2200 6392 2790 1191 3190 3812 6366 3579 707 3437 1132 5883 3038 1870 431 6031 1874 2110 6727 2197 3057 5346 653 2767 6243 6334 3693 3644 2743 2463 6932 5055 3482 4879 3342 4691 6980 6486 4639 5298 3109 4899 2212 5864 3286 5268 1278 3977 794 1382 4142 378 2422 3513 3711 3961 1588 7411 3512 3992 804 5157 2709 4932 1867 4780 1408 3161 6303 536 2291 4967 5117 3291 2251 6301 457 4516 984 4993 857 2693 0 5104 4778 5778 3889 3022 712 1611 5525 1149 
92 3000 1911 5340 3788 6285 5423 3676 6044 5408 5190 2820 2474 4957 1927 6124 2484 5411 4800 3364 3974 2236 3913 3428 5229 2928 4719 5771 2996 3562 2568 3350 5552 3328 3225 2387 2654 4527 2365 3264 2765 261 2506 2218 1817 473 3616 3868 1347 3652 1994 2915 5646 2283 1867 2738 4427 6334 5608 4769 1265 5481 3407 4695 4868 3352 4426 3961 3493 2699 4738 770 3729 5044 5449 718 5342 4774 1806 4572 5490 3283 3260 5222 5601 1257 5065 2046 5141 3376 5520 4549 5104 0 671 3337 1613 2088 4468 3842 1376 5230 
93 3000 1812 5192 3351 6180 4794 3341 5495 5126 4641 3463 2031 4783 1728 5495 2131 4777 4557 2724 3668 2865 4018 3003 4952 2415 4196 5680 2635 3049 2017 2717 5171 2752 2717 3047 2868 3878 2056 3225 2531 877 2656 1574 1697 349 3200 3331 680 3007 1735 2261 5108 1821 1492 2122 3977 5703 5212 4621 1467 5150 3375 4054 4220 2687 4302 3580 2847 2034 4330 1384 3143 4372 4934 1186 4867 4152 1660 4260 4940 2628 2613 4599 5058 1548 4687 2448 4705 2720 5280 4591 4778 671 0 2748 1028 1778 4190 3675 2016 5045 
94 3000 4051 6756 1283 7791 3876 1818 5193 6243 4494 6145 3347 6308 3821 4457 1531 3795 5893 2384 4936 5571 6287 3986 6113 670 4318 7370 1460 3581 2867 485 5878 3013 627 5685 5386 2892 3775 5297 2008 3586 5112 1255 3937 3093 1322 727 2134 754 3703 885 4949 1252 3311 666 4569 4608 5846 6243 4107 6074 5440 3136 3152 1884 6029 1718 2352 1808 5053 4103 3148 2486 4963 3935 5148 3461 2296 5394 4730 858 693 3793 4874 3283 5480 5155 5224 870 6534 6695 5778 3337 2748 0 2578 3612 5457 5371 4711 6505 
95 3000 1472 4499 3525 5522 3814 3704 4467 4275 3613 4168 1098 4066 1248 4515 2571 3806 3763 1775 2824 3548 3722 2050 4111 2500 3170 5050 3006 2030 991 2367 4226 1726 2782 3821 2828 2946 1318 2768 3097 1730 2542 1338 1359 1144 3426 3274 756 2568 1148 1829 4080 2113 768 1914 2988 4726 4255 3942 1684 4250 2916 3100 3284 1857 3665 3850 1913 1232 3371 2145 2122 3620 3911 1814 3859 3163 2413 3394 3912 2144 2194 3611 4030 2556 3749 2748 3722 2228 4475 4177 3889 1613 1028 2578 0 1092 3363 3006 2767 4307 
96 3000 630 3448 4613 4458 3892 4794 4158 3351 3324 3982 593 3025 353 4563 3645 3917 2779 2154 1899 3378 2680 1387 3176 3586 2805 3976 4093 1689 1061 3340 3464 1720 3864 3753 1990 3229 280 1688 4151 2066 1675 2406 581 1669 4518 4325 1807 3484 172 2796 3740 3200 325 2961 2390 4780 3523 2882 1370 3398 1834 3311 3530 2466 2589 4942 2309 1994 2661 2268 2105 4189 3494 1878 3322 3242 3387 2495 3616 3058 3141 3664 3708 3280 2977 2240 3081 3130 3502 3094 3022 2088 1778 3612 1092 0 2413 1937 2771 3280 
97 3000 2605 1357 6646 2364 3678 6957 2993 940 2480 5679 2275 929 2542 4116 5900 3767 437 3212 541 5171 2410 1471 763 5642 2035 2014 6291 1951 2631 5054 1335 2510 5875 5624 2983 3646 2134 1756 6449 4403 2769 4460 2678 4074 6597 6179 4119 5051 2480 4571 2618 5411 2701 4900 1312 4301 1459 992 3458 1075 1724 3558 3777 3729 1048 7031 3313 3649 1015 4477 2558 4925 2267 4106 1844 3249 5764 258 2644 4687 4826 3467 2639 5688 955 3803 1412 4725 1114 2173 712 4468 4190 5457 3363 2413 0 909 4827 1065 
98 3000 1931 1517 6473 2521 4265 6704 3799 1716 3182 4797 2028 1115 1950 4783 5576 4339 1045 3350 836 4308 1577 1589 1534 5448 2676 2044 6011 2190 2511 5021 2244 2662 5708 4768 2084 4036 1689 852 6088 3738 1889 4250 2027 3500 6396 6098 3741 5081 1946 4499 3400 5117 2259 4758 1951 4981 2368 947 2719 1954 815 3998 4229 3828 663 6827 3479 3593 1816 3740 2841 5261 3058 3389 2673 3747 5315 1147 3390 4682 4800 4039 3409 5093 1851 2934 2259 4735 1723 1534 1611 3842 3675 5371 3006 1937 909 0 4027 1388 
99 3000 2294 5385 5079 6204 6525 4881 6928 5728 6089 1447 3312 5077 2470 7220 3742 6529 5066 4535 4420 860 3537 4145 5545 4277 5575 5680 4243 4443 3582 4724 6071 4349 4569 1054 2215 5705 2996 3255 3908 1140 2240 3587 2263 1713 4894 5222 2694 5021 2617 4277 6511 3616 2692 4115 5137 7434 6157 4847 1421 5899 3368 5846 6039 4609 4477 5203 4677 3963 5346 637 4757 6347 6264 958 6070 5867 2945 4993 6384 4643 4628 6309 6478 2006 5597 1298 5791 4736 5747 4251 5525 1376 2016 4711 2767 2771 4827 4027 0 5360 
100 3000 3319 332 7676 1298 4600 7962 3675 811 3337 5989 3253 282 3328 4958 6872 4698 632 4277 1569 5553 2280 2525 740 6664 2968 982 7284 3016 3656 6110 1699 3575 6905 6023 3272 4671 3014 2105 7405 5126 3147 5473 3414 4882 7619 7229 5058 6114 3309 5620 3361 6395 3593 5935 2293 5125 1852 526 4095 1239 2001 4565 4776 4794 895 8052 4378 4697 1883 5112 3616 5957 3017 4768 2557 4235 6668 1203 3440 5746 5882 4404 3401 6480 1603 4190 2132 5786 519 1752 1149 5230 5045 6505 4307 3280 1065 1388 5360 0 
