FILE: 2711EuclS.txt
100 100 0 
1 3000 0 4549 8043 3510 4948 4374 4547 1016 4921 5232 7621 1525 4900 747 7680 4598 3220 5149 5287 6051 2631 5766 5967 729 7717 4394 3335 4669 5283 3142 6168 3016 4029 5916 2386 4412 2545 4926 1663 3380 2945 4434 4408 3612 1036 5735 6510 4787 8452 3015 6214 1704 5335 3842 658 2528 2276 2295 351 2959 4827 350 2169 7733 133 6345 3458 4693 3334 5087 4206 5506 1755 3571 3803 1904 3637 5230 5242 2353 4599 2769 552 3654 3733 1958 1664 5224 890 2062 5974 2792 2634 4086 930 3716 5069 3264 2424 6599 
2 3000 4549 0 5074 5622 3441 1287 1025 3674 4330 835 5307 3466 5082 3997 4315 5591 4781 3564 6588 6069 4043 5936 6418 3837 4721 1070 2682 1942 6765 5344 4005 1634 729 3392 3176 1925 4035 743 4473 1194 4374 6103 3149 6011 3552 2039 4465 730 5292 4699 2552 3014 1160 1803 4254 2250 3087 3306 4361 1589 6565 4845 3185 4420 4488 3174 1495 3922 4595 6531 5719 6723 3122 4607 2545 2646 978 1298 4461 5280 2398 1860 4051 3138 840 4096 5112 1336 3679 3351 4930 3848 3302 463 5468 2920 1778 5623 3167 4353 
3 3000 8043 5074 0 6502 3184 4157 6063 7038 3739 4358 1134 6518 4485 7297 938 5397 5867 3003 6007 4408 5808 4556 5009 7566 355 6135 4707 3576 6273 6515 1973 5516 5740 2127 5675 3795 5877 5583 6883 5816 5765 6218 3683 6899 7088 3037 1823 5667 493 5975 2551 7230 5731 4372 7446 5704 5769 5783 7714 5877 6459 8175 5880 812 8062 1921 4957 3703 5595 6137 5952 5971 6303 5384 4241 6540 5777 6018 3475 7122 3484 5703 7501 4450 5293 6396 7485 6070 7460 6005 3033 5553 5471 5270 8889 4346 3409 6731 5637 1610 
4 3000 3510 5622 6502 0 3513 4634 6226 3132 2763 5870 5668 2784 2134 3065 6559 1378 854 3637 1798 2974 1605 2674 2686 3699 6273 6128 2989 4397 1773 378 4565 4156 5539 4704 2530 4194 1635 6304 1900 4916 1247 932 3222 428 3365 5535 4685 6223 6990 924 5792 4353 6754 3938 2944 3584 2672 2429 3216 4482 1320 3343 2617 6554 3626 5461 4128 2851 1091 1586 803 2021 3006 1204 3300 3861 5163 6808 3038 1208 3990 4021 3299 2697 4879 1877 1921 6830 3750 2497 3618 1774 2336 5265 3815 2926 4915 304 2527 4893 
5 3000 4948 3441 3184 3513 0 2154 4412 3975 1033 3205 2674 3430 1940 4202 3074 2742 2772 202 3640 2692 2625 2613 3130 4558 2895 4401 1676 1525 3877 3448 1232 2947 3820 1194 2562 1518 2693 4172 3701 3546 2610 3498 547 3936 4064 2311 1565 4171 3640 2850 2406 4438 4535 1835 4324 2878 2684 2654 4607 3389 3868 5046 2783 3082 4983 1956 2462 716 2497 3672 3152 3707 3268 2321 1302 3707 3644 4725 1055 3968 1043 3046 4426 1295 3142 3217 4301 4767 4476 2886 1503 2369 2324 3348 5753 1244 1901 3694 2524 1655 
6 3000 4374 1287 4157 4634 2154 0 2268 3381 3055 1242 4201 3002 3840 3696 3544 4417 3779 2281 5407 4791 3149 4668 5159 3747 3802 2272 1650 685 5601 4404 2809 1442 1729 2240 2428 637 3164 2023 3835 1663 3411 4998 1878 5046 3339 1375 3269 2017 4459 3736 1885 3184 2405 704 3919 1846 2404 2568 4108 1741 5446 4607 2523 3627 4350 2247 922 2650 3558 5371 4614 5528 2683 3525 1370 2575 1657 2577 3176 4515 1112 1670 3827 1991 1151 3385 4506 2618 3609 2693 3647 2913 2444 1238 5299 1760 767 4686 2405 3191 
7 3000 4547 1025 6063 6226 4412 2268 0 3827 5248 1719 6331 3765 5945 4130 5272 6371 5418 4547 7364 6985 4621 6832 7297 3817 5714 160 3432 2944 7521 5914 5028 2071 690 4417 3702 2897 4596 571 4835 1332 4993 6806 4072 6587 3654 3027 5488 435 6257 5307 3519 2866 829 2666 4394 2664 3575 3814 4432 1796 7276 4876 3651 5381 4461 4181 2192 4839 5266 7284 6427 7515 3436 5317 3396 2750 1069 682 5406 5710 3377 2225 4120 3945 1393 4534 5420 679 3657 3799 5912 4465 3894 1079 5418 3746 2804 6185 3702 5378 
8 3000 1016 3674 7038 3132 3975 3381 3827 0 4041 4303 6649 556 4142 324 6664 3992 2626 4177 4801 5325 1886 5055 5320 643 6710 3686 2334 3654 4845 2755 5184 2077 3237 4911 1422 3396 1805 4134 1268 2560 2268 3995 3429 3347 236 4732 5540 4006 7443 2430 5204 1270 4567 2829 579 1539 1290 1354 727 2105 4434 1226 1195 6717 1024 5329 2475 3778 2668 4628 3705 5011 739 2877 2797 1076 2830 4502 4355 2172 3584 1833 465 2692 2839 1299 1676 4504 639 1118 5085 1980 1701 3215 1923 2733 4062 2951 1460 5617 
9 3000 4921 4330 3739 2763 1033 3055 5248 4041 0 4186 2949 3487 915 4204 3844 1773 2170 1049 2621 1739 2339 1616 2120 4673 3514 5217 2051 2491 2865 2790 1818 3536 4613 2075 2649 2426 2422 5072 3444 4232 2163 2569 1181 3162 4183 3345 1924 5054 4227 2306 3421 4769 5461 2586 4265 3295 2811 2693 4569 3983 2899 4947 2877 3827 4982 2894 3144 409 1911 2670 2257 2679 3424 1678 1886 4048 4376 5628 326 3472 1992 3572 4451 1502 3903 3011 3947 5666 4623 2925 1054 2138 2348 4169 5620 1614 2912 2994 2612 2130 
10 3000 5232 835 4358 5870 3205 1242 1719 4303 4186 0 4707 4018 5019 4627 3553 5641 5016 3286 6625 5895 4359 5800 6306 4541 4012 1810 2881 1695 6826 5632 3523 2226 1564 2883 3576 1792 4367 1225 4951 1971 4640 6238 3039 6280 4209 1341 3972 1310 4539 4966 1807 3780 1438 1932 4873 2794 3522 3714 5014 2303 6684 5508 3633 3663 5183 2511 1899 3793 4799 6598 5854 6738 3679 4767 2610 3334 1789 1697 4259 5690 2194 2471 4711 3232 1514 4530 5613 1748 4387 3805 4623 4133 3636 1232 6160 3000 1330 5914 3558 3822 
11 3000 7621 5307 1134 5668 2674 4201 6331 6649 2949 4707 0 6104 3571 6876 1869 4465 5119 2472 4985 3335 5199 3509 3935 7227 1175 6376 4334 3539 5250 5730 1487 5406 5900 1962 5236 3705 5276 5915 6304 5844 5087 5279 3219 6042 6734 3374 1110 5973 1583 5253 2997 7036 6139 4230 6991 5472 5358 5326 7278 5814 5477 7709 5457 1765 7657 2212 4861 3019 4859 5132 5048 4930 5938 4627 3912 6314 5858 6405 2645 6417 3295 5558 7100 3966 5349 5836 6858 6455 7139 5559 2072 4963 4991 5411 8412 3916 3537 5920 5197 1054 
12 3000 1525 3466 6518 2784 3430 3002 3765 556 3487 4018 6104 0 3614 779 6175 3519 2183 3631 4372 4801 1392 4537 4823 1187 6195 3637 1811 3204 4436 2416 4645 1832 3126 4393 869 2944 1316 4003 1079 2445 1794 3597 2887 3051 708 4320 4995 3886 6932 1997 4772 1578 4449 2398 947 1227 750 798 1196 1976 4051 1672 646 6224 1553 4846 2134 3222 2190 4211 3282 4575 344 2382 2283 1109 2717 4421 3800 1985 3091 1609 996 2142 2627 907 1661 4429 1153 562 4530 1453 1145 3021 2387 2193 3640 2643 908 5077 
13 3000 4900 5082 4485 2134 1940 3840 5945 4142 915 5019 3571 3614 0 4240 4688 913 1786 1965 1706 1191 2276 948 1357 4786 4296 5897 2568 3331 1950 2267 2655 4081 5282 2978 2876 3232 2361 5825 3289 4826 1962 1733 1980 2482 4322 4248 2667 5792 4979 1973 4337 5063 6233 3289 4244 3725 3054 2876 4553 4515 2014 4861 3087 4661 4981 3801 3774 1248 1596 1760 1477 1767 3638 1346 2550 4378 5003 6377 1055 3077 2835 4069 4496 2019 4564 2941 3667 6413 4766 3084 1500 2162 2563 4869 5482 2202 3782 2410 2846 2905 
14 3000 747 3997 7297 3065 4202 3696 4130 324 4204 4627 6876 779 4240 0 6945 4019 2639 4403 4784 5410 1963 5133 5370 635 6973 3987 2590 3952 4810 2687 5422 2401 3550 5172 1639 3693 1879 4449 1165 2875 2316 3956 3661 3242 479 5042 5765 4319 7709 2437 5509 1477 4879 3132 264 1859 1529 1552 422 2424 4381 914 1422 6996 784 5613 2794 3962 2714 4599 3688 4998 1030 2938 3060 1385 3145 4808 4523 2023 3862 2158 256 2910 3162 1320 1457 4809 709 1317 5255 2096 1894 3537 1622 2969 4368 2858 1678 5852 
15 3000 7680 4315 938 6559 3074 3544 5272 6664 3844 3553 1869 6175 4688 6945 0 5594 5844 2929 6319 4840 5652 4938 5429 7145 708 5356 4384 3052 6581 6517 2034 4964 5011 1887 5372 3297 5711 4766 6675 5166 5677 6406 3491 6974 6685 2287 2097 4861 989 5923 1763 6706 4878 3882 7120 5238 5441 5493 7368 5286 6702 7847 5559 126 7684 1339 4411 3708 5569 6419 6101 6314 5924 5384 3903 6049 5095 5171 3635 7030 3084 5172 7130 4232 4636 6181 7310 5224 7025 5700 3365 5387 5211 4561 8562 4086 2777 6756 5336 1832 
16 3000 4598 5591 5397 1378 2742 4417 6371 3992 1773 5641 4465 3519 913 4019 5594 0 1382 2802 996 1597 2128 1297 1376 4620 5209 6303 2938 3996 1184 1616 3560 4385 5688 3847 2940 3855 2202 6324 2935 5156 1726 820 2657 1656 4200 5006 3580 6272 5891 1586 5147 5068 6752 3793 3968 3926 3116 2897 4268 4788 1128 4497 3114 5569 4697 4662 4179 2027 1328 958 610 1146 3629 1154 3058 4447 5365 6865 1959 2494 3517 4322 4273 2453 4977 2702 3164 6896 4631 3061 2393 2123 2650 5320 5051 2674 4481 1679 2919 3818 
17 3000 3220 4781 5867 854 2772 3779 5418 2626 2170 5016 5119 2183 1786 2639 5844 1382 0 2917 2188 2863 840 2570 2747 3246 5613 5326 2136 3553 2261 682 3900 3354 4728 3966 1756 3345 894 5472 1561 4123 430 1443 2426 1271 2842 4701 4077 5396 6345 204 4977 3757 5921 3084 2586 2808 1915 1675 2887 3704 1912 3134 1880 5849 3317 4692 3291 2165 275 2032 1103 2392 2340 492 2448 3188 4362 5984 2479 1314 3159 3238 2892 1853 4055 1328 1880 6008 3265 1789 3143 952 1526 4435 3720 2079 4071 947 1746 4261 
18 3000 5149 3564 3003 3637 202 2281 4547 4177 1049 3286 2472 3631 1965 4403 2929 2802 2917 0 3671 2632 2805 2576 3098 4761 2722 4542 1879 1629 3914 3588 1040 3130 3968 1070 2763 1650 2875 4289 3888 3715 2773 3576 750 4056 4267 2323 1363 4294 3464 3003 2373 4637 4641 2004 4523 3076 2886 2854 4807 3570 3930 5244 2985 2932 5184 1864 2636 796 2641 3716 3239 3727 3471 2455 1498 3906 3804 4839 1007 4133 1169 3236 4628 1495 3299 3406 4482 4882 4678 3087 1366 2552 2523 3491 5950 1447 1966 3828 2725 1458 
19 3000 5287 6588 6007 1798 3640 5407 7364 4801 2621 6625 4985 4372 1706 4784 6319 996 2188 3671 0 1712 3007 1485 1184 5407 5862 7294 3933 4966 266 2151 4303 5365 6680 4674 3874 4835 3072 7320 3641 6138 2591 867 3616 1854 5023 5938 4240 7268 6498 2376 6042 5945 7749 4788 4694 4887 4046 3816 4979 5760 643 5136 4031 6279 5398 5500 5173 2935 2217 237 1097 222 4520 2092 4052 5358 6352 7862 2733 3006 4480 5293 5029 3449 5971 3502 3720 7892 5437 3959 2980 3047 3597 6316 5613 3669 5441 2081 3856 4497 
20 3000 6051 6069 4408 2974 2692 4791 6985 5325 1739 5895 3335 4801 1191 5410 4840 1597 2863 2632 1712 0 3447 300 600 5968 4308 6951 3696 4205 1969 3207 2928 5209 6343 3436 4066 4158 3531 6811 4413 5933 3106 2253 2920 3221 5508 4940 2746 6793 4891 3063 4913 6252 7196 4319 5400 4890 4244 4067 5708 5651 2293 5990 4278 4783 6138 4246 4857 2148 2718 1900 2184 1619 4829 2480 3604 5564 6092 7366 1636 4076 3710 5216 5666 3137 5630 4099 4722 7405 5952 4275 1501 3348 3753 5905 6584 3293 4591 3276 4036 3015 
21 3000 2631 4043 5808 1605 2625 3149 4621 1886 2339 4359 5199 1392 2276 1963 5652 2128 840 2805 3007 3447 0 3173 3436 2526 5520 4523 1514 3044 3094 1302 3842 2550 3934 3770 927 2808 85 4710 1108 3311 416 2283 2160 1973 2083 4222 4105 4625 6265 693 4565 2944 5162 2445 1973 1982 1079 837 2282 2881 2752 2621 1040 5674 2708 4406 2548 2183 801 2863 1938 3204 1512 993 1924 2353 3557 5208 2666 1420 2728 2418 2220 1433 3281 678 1676 5228 2522 953 3389 267 741 3671 3283 1617 3557 1580 922 4246 
22 3000 5766 5936 4556 2674 2613 4668 6832 5055 1616 5800 3509 4537 948 5133 4938 1297 2570 2576 1485 300 3173 0 524 5697 4434 6792 3499 4105 1749 2906 2978 5014 6181 3446 3820 4041 3256 6679 4124 5749 2823 1969 2790 2927 5242 4898 2840 6656 5043 2771 4903 6006 7073 4165 5118 4672 3998 3815 5425 5452 2038 5700 4028 4887 5855 4267 4682 2018 2432 1656 1887 1420 4576 2197 3439 5325 5916 7234 1568 3776 3607 5010 5389 2943 5465 3818 4424 7272 5686 4018 1573 3084 3507 5752 6289 3112 4513 2976 3790 3106 
23 3000 5967 6418 5009 2686 3130 5159 7297 5320 2120 6306 3935 4823 1357 5370 5429 1376 2747 3098 1184 600 3436 524 0 5957 4905 7251 3924 4610 1425 2970 3491 5435 6637 3969 4157 4537 3516 7162 4306 6182 3056 1860 3282 2869 5519 5421 3332 7134 5492 2951 5428 6333 7562 4635 5331 5059 4336 4138 5634 5866 1806 5873 4354 5374 6064 4788 5130 2515 2656 1397 1883 1055 4893 2443 3900 5673 6360 7716 2090 3854 4112 5416 5625 3376 5920 4049 4535 7752 5958 4327 2073 3382 3849 6219 6426 3558 5027 2990 4130 3600 
24 3000 729 3837 7566 3699 4558 3747 3817 643 4673 4541 7227 1187 4786 635 7145 4620 3246 4761 5407 5968 2526 5697 5957 0 7231 3665 2893 4102 5438 3321 5751 2347 3302 5441 2034 3850 2444 4198 1801 2660 2901 4586 4011 3877 495 5120 6122 4059 7956 3047 5614 990 4606 3269 812 1919 1888 1979 679 2251 5013 1063 1804 7205 653 5805 2825 4398 3302 5226 4310 5619 1290 3515 3336 1207 2914 4500 4984 2652 4088 2102 431 3292 3033 1918 2052 4495 161 1747 5712 2624 2326 3375 1631 3313 4469 3494 2072 6186 
25 3000 7717 4721 355 6273 2895 3802 5714 6710 3514 4012 1175 6195 4296 6973 708 5209 5613 2722 5862 4308 5520 4434 4905 7231 0 5784 4383 3225 6127 6270 1713 5165 5386 1801 5357 3447 5587 5238 6586 5461 5494 6029 3380 6676 6755 2687 1631 5320 745 5713 2207 6883 5394 4025 7127 5362 5447 5467 7391 5524 6290 7856 5559 594 7734 1565 4606 3448 5340 5981 5749 5839 5973 5135 3913 6195 5421 5679 3265 6853 3145 5354 7174 4146 4937 6097 7196 5731 7123 5687 2882 5263 5161 4915 8571 4033 3053 6492 5319 1392 
26 3000 4394 1070 6135 6128 4401 2272 160 3686 5217 1810 6376 3637 5897 3987 5356 6303 5326 4542 7294 6951 4523 6792 7251 3665 5784 0 3368 2954 7447 5812 5054 1973 616 4450 3600 2892 4496 712 4710 1219 4900 6723 4046 6485 3509 3097 5514 567 6339 5211 3598 2710 990 2631 4251 2556 3469 3710 4283 1676 7194 4725 3542 5464 4308 4242 2131 4809 5180 7210 6346 7449 3310 5237 3353 2610 965 836 5383 5590 3374 2116 3972 3889 1333 4418 5289 829 3505 3687 5904 4373 3800 1054 5262 3695 2841 6080 3602 5412 
27 3000 3335 2682 4707 2989 1676 1650 3432 2334 2051 2881 4334 1811 2568 2590 4384 2938 2136 1879 3933 3696 1514 3499 3924 2893 4383 3368 0 1549 4097 2754 2857 1515 2752 2582 988 1304 1538 3400 2350 2258 1760 3421 1131 3398 2403 2729 3233 3341 5121 2086 3108 2781 3838 949 2745 1252 1064 1112 3007 1954 3883 3474 1178 4427 3356 3070 1240 1682 1927 3861 3037 4082 1608 1925 480 2049 2445 3935 2308 2915 1315 1526 2796 559 2039 1864 3015 3964 2804 1316 2988 1269 870 2384 4190 455 2053 3036 952 3292 
28 3000 4669 1942 3576 4397 1525 685 2944 3654 2491 1695 3539 3204 3331 3952 3052 3996 3553 1629 4966 4205 3044 4105 4610 4102 3225 2954 1549 0 5177 4214 2127 1939 2414 1576 2489 260 3076 2660 3888 2305 3232 4645 1354 4822 3654 1179 2586 2670 3915 3545 1575 3666 3012 833 4149 2188 2514 2624 4373 2308 5072 4865 2636 3120 4663 1716 1380 2098 3306 4954 4266 5067 2921 3227 1122 2997 2326 3210 2572 4458 498 2133 4117 1700 1814 3408 4558 3253 3978 2796 2993 2786 2417 1923 5574 1474 518 4491 2458 2517 
29 3000 5283 6765 6273 1773 3877 5601 7521 4845 2865 6826 5250 4436 1950 4810 6581 1184 2261 3914 266 1969 3094 1749 1425 5438 6127 7447 4097 5177 0 2141 4563 5505 6835 4925 3982 5039 3154 7494 3654 6280 2677 853 3832 1767 5070 6167 4504 7438 6764 2439 6282 6013 7926 4970 4705 5010 4151 3916 4984 5891 496 5116 4128 6542 5397 5750 5334 3168 2320 237 1157 380 4601 2219 4239 5447 6499 8032 2987 2968 4695 5423 5051 3629 6130 3551 3685 8061 5476 4047 3245 3154 3715 6482 5566 3853 5658 2038 3967 4760 
30 3000 3142 5344 6515 378 3448 4404 5914 2755 2790 5632 5730 2416 2267 2687 6517 1616 682 3588 2151 3207 1302 2906 2970 3321 6270 5812 2754 4214 2141 0 4557 3844 5230 4643 2212 3999 1319 6013 1522 4595 993 1292 3108 672 2988 5371 4712 5927 6997 670 5656 3980 6465 3702 2568 3259 2345 2103 2843 4154 1696 2985 2282 6520 3256 5374 3849 2823 954 1945 1101 2372 2647 1136 3100 3501 4848 6508 3085 884 3832 3699 2921 2519 4584 1509 1581 6528 3372 2154 3711 1502 2043 4974 3480 2740 4733 282 2212 4906 
31 3000 6168 4005 1973 4565 1232 2809 5028 5184 1818 3523 1487 4645 2655 5422 2034 3560 3900 1040 4303 2928 3842 2978 3491 5751 1713 5054 2857 2127 4563 4557 0 3935 4536 645 3783 2262 3913 4672 4928 4413 3792 4372 1761 4973 5261 2287 460 4708 2446 4003 2097 5549 4955 2760 5550 3985 3896 3880 5830 4352 4669 6274 3999 2011 6199 1348 3397 1735 3627 4394 4073 4312 4465 3422 2426 4827 4451 5196 1601 5149 1826 4079 5640 2525 3938 4447 5518 5243 5660 4109 1427 3591 3554 4044 6983 2452 2236 4781 3744 435 
32 3000 3016 1634 5516 4156 2947 1442 2071 2077 3536 2226 5406 1832 4081 2401 4964 4385 3354 3130 5365 5209 2550 5014 5435 2347 5165 1973 1515 1939 5505 3844 3935 0 1386 3470 1632 1725 2525 2208 2848 775 2927 4760 2463 4517 1986 2813 4372 2106 5851 3238 3327 1744 2660 1176 2649 622 1511 1747 2788 448 5232 3283 1595 5040 2975 3642 558 3146 3215 5268 4387 5530 1488 3287 1677 1148 1008 2674 3765 3682 2112 246 2488 2072 797 2497 3479 2691 2200 1752 4397 2401 1828 1195 3946 1924 2201 4115 1631 4357 
33 3000 4029 729 5740 5539 3820 1729 690 3237 4613 1564 5900 3126 5282 3550 5011 5688 4728 3968 6680 6343 3934 6181 6637 3302 5386 616 2752 2414 6835 5230 4536 1386 0 3952 3018 2327 3910 899 4185 682 4304 6116 3447 5903 3082 2725 4996 768 5980 4618 3249 2408 1330 2027 3813 1989 2895 3133 3880 1150 6586 4344 2975 5112 3955 3825 1514 4205 4576 6598 5738 6833 2790 4628 2742 2166 409 1298 4786 5047 2807 1553 3567 3273 717 3866 4787 1311 3141 3126 5324 3776 3205 492 4928 3080 2369 5501 3017 4910 
34 3000 5916 3392 2127 4704 1194 2240 4417 4911 2075 2883 1962 4393 2978 5172 1887 3847 3966 1070 4674 3436 3770 3446 3969 5441 1801 4450 2582 1576 4925 4643 645 3470 3952 0 3556 1751 3831 4044 4810 3882 3790 4634 1610 5125 4961 1644 1088 4086 2541 4039 1493 5145 4318 2298 5325 3599 3646 3668 5590 3865 4975 6055 3758 1904 5934 827 2917 1866 3691 4738 4305 4708 4175 3515 2113 4440 3896 4562 1942 5143 1377 3637 5374 2364 3387 4319 5436 4610 5337 3887 1965 3507 3367 3461 6769 2237 1615 4888 3519 961 
35 3000 2386 3176 5675 2530 2562 2428 3702 1422 2649 3576 5236 869 2876 1639 5372 2940 1756 2763 3874 4066 927 3820 4157 2034 5357 3600 988 2489 3982 2212 3783 1632 3018 3556 0 2232 895 3817 1412 2386 1325 3192 2021 2885 1540 3651 4126 3725 6097 1621 4063 2186 4271 1750 1772 1055 179 140 2047 1953 3664 2500 229 5414 2421 4058 1699 2364 1661 3747 2834 4059 777 1789 1469 1516 2636 4302 2955 2117 2301 1491 1865 1272 2386 958 2085 4320 1976 330 3680 827 313 2781 3214 1333 2966 2483 38 4213 
36 3000 4412 1925 3795 4194 1518 637 2897 3396 2426 1792 3705 2944 3232 3693 3297 3855 3345 1650 4835 4158 2808 4041 4537 3850 3447 2892 1304 260 5039 3999 2262 1725 2327 1751 2232 0 2838 2660 3634 2151 3012 4478 1256 4616 3399 1426 2715 2655 4146 3329 1835 3436 3037 585 3889 1940 2255 2368 4115 2113 4914 4606 2377 3363 4407 1959 1168 2023 3104 4813 4097 4946 2662 3038 898 2757 2198 3215 2539 4218 481 1907 3859 1499 1685 3156 4304 3255 3728 2537 3014 2553 2168 1844 5315 1268 749 4278 2202 2668 
37 3000 2545 4035 5877 1635 2693 3164 4596 1805 2422 4367 5276 1316 2361 1879 5711 2202 894 2875 3072 3531 85 3256 3516 2444 5587 4496 1538 3076 3154 1319 3913 2525 3910 3831 895 2838 0 4696 1029 3281 481 2336 2221 1992 2004 4256 4180 4608 6332 736 4606 2875 5148 2461 1887 1949 1039 795 2196 2847 2803 2536 992 5735 2622 4459 2542 2261 874 2924 1997 3271 1448 1072 1959 2294 3531 5189 2748 1381 2771 2386 2135 1486 3265 593 1608 5209 2441 895 3473 324 735 3657 3199 1663 3587 1594 893 4318 
38 3000 4926 743 5583 6304 4172 2023 571 4134 5072 1225 5915 4003 5825 4449 4766 6324 5472 4289 7320 6811 4710 6679 7162 4198 5238 712 3400 2660 7494 6013 4672 2208 899 4044 3817 2660 4696 0 5048 1575 5058 6817 3891 6684 3982 2563 5128 151 5754 5380 3032 3286 453 2542 4712 2828 3710 3940 4780 2036 7282 5243 3800 4878 4850 3732 2183 4665 5297 7258 6434 7459 3663 5321 3284 3066 1304 555 5199 5891 3129 2404 4467 3872 1431 4705 5664 595 4037 3959 5653 4529 3971 1039 5820 3657 2435 6290 3812 4998 
39 3000 1663 4473 6883 1900 3701 3835 4835 1268 3444 4951 6304 1079 3289 1165 6675 2935 1561 3888 3641 4413 1108 4124 4306 1801 6586 4710 2350 3888 3654 1522 4928 2848 4185 4810 1412 3634 1029 5048 0 3508 1330 2801 3206 2084 1505 5058 5206 4937 7331 1357 5456 2532 5498 3163 1052 2226 1434 1272 1341 3040 3218 1577 1319 6706 1766 5392 3053 3291 1698 3449 2551 3858 1399 1944 2819 2177 3779 5483 3770 917 3656 2643 1399 2446 3644 493 672 5494 1860 1147 4489 1341 1483 4043 2198 2589 4374 1694 1438 5339 
40 3000 3380 1194 5816 4916 3546 1663 1332 2560 4232 1971 5844 2445 4826 2875 5166 5156 4123 3715 6138 5933 3311 5749 6182 2660 5461 1219 2258 2305 6280 4595 4413 775 682 3882 2386 2151 3281 1575 3508 0 3694 5534 3108 5268 2412 2903 4866 1449 6104 4002 3437 1820 2012 1711 3138 1337 2251 2492 3215 468 6007 3687 2323 5256 3313 3899 1094 3832 3989 6042 5161 6302 2111 4062 2347 1495 272 1975 4439 4378 2604 897 2902 2807 530 3202 4105 1985 2500 2468 5034 3171 2597 743 4291 2640 2409 4863 2389 4816 
41 3000 2945 4374 5765 1247 2610 3411 4993 2268 2163 4640 5087 1794 1962 2316 5677 1726 430 2773 2591 3106 416 2823 3056 2901 5494 4900 1760 3232 2677 993 3792 2927 4304 3790 1325 3012 481 5058 1330 3694 0 1870 2202 1643 2474 4398 4013 4979 6234 326 4705 3356 5508 2709 2295 2377 1485 1246 2602 3274 2340 2899 1454 5690 3032 4476 2881 2077 400 2446 1521 2789 1928 625 2113 2770 3935 5566 2486 1359 2869 2808 2572 1550 3636 996 1784 5588 2907 1370 3190 529 1099 4019 3528 1764 3751 1275 1315 4176 
42 3000 4434 6103 6218 932 3498 4998 6806 3995 2569 6238 5279 3597 1733 3956 6406 820 1443 3576 867 2253 2283 1969 1860 4586 6029 6723 3421 4645 853 1292 4372 4760 6116 4634 3192 4478 2336 6817 2801 5534 1870 0 3345 1017 4222 5709 4401 6752 6711 1608 5887 5176 7258 4335 3853 4236 3355 3116 4132 5129 472 4275 3323 6383 4547 5440 4638 2785 1545 653 385 1089 3777 1496 3628 4628 5764 7345 2773 2139 4186 4660 4197 3007 5424 2705 2853 7371 4625 3231 3209 2372 2943 5790 4745 3238 5147 1214 3180 4637 
43 3000 4408 3149 3683 3222 547 1878 4072 3429 1181 3039 3219 2887 1980 3661 3491 2657 2426 750 3616 2920 2160 2790 3282 4011 3380 4046 1131 1354 3832 3108 1761 2463 3447 1610 2021 1256 2221 3891 3206 3108 2202 3345 0 3651 3517 2364 2112 3873 4125 2473 2573 3902 4283 1422 3788 2348 2139 2118 4069 2911 3754 4513 2240 3514 4440 2274 2014 773 2156 3613 2976 3714 2721 2019 789 3170 3231 4447 1340 3545 863 2543 3882 768 2745 2717 3826 4485 3928 2348 1934 1897 1794 2994 5223 697 1825 3369 1983 2191 
44 3000 3612 6011 6899 428 3936 5046 6587 3347 3162 6280 6042 3051 2482 3242 6974 1656 1271 4056 1854 3221 1973 2927 2869 3877 6676 6485 3398 4822 1767 672 4973 4517 5903 5125 2885 4616 1992 6684 2084 5268 1643 1017 3651 0 3583 5963 5078 6599 7388 1316 6220 4596 7135 4348 3092 3931 3017 2775 3343 4825 1275 3409 2951 6967 3734 5886 4515 3267 1516 1622 1047 2072 3300 1632 3720 4149 5520 7181 3427 1258 4418 4371 3462 3121 5255 2150 1964 7201 3944 2820 3980 2163 2713 5644 3814 3349 5340 410 2885 5291 
45 3000 1036 3552 7088 3365 4064 3339 3654 236 4183 4209 6734 708 4322 479 6685 4200 2842 4267 5023 5508 2083 5242 5519 495 6755 3509 2403 3654 5070 2988 5261 1986 3082 4961 1540 3399 2004 3982 1505 2412 2474 4222 3517 3583 0 4703 5629 3850 7483 2648 5186 1036 4408 2823 743 1493 1392 1490 808 1968 4664 1298 1310 6742 1013 5346 2422 3904 2874 4851 3927 5231 796 3076 2852 916 2679 4332 4493 2408 3616 1740 502 2797 2724 1520 1900 4333 445 1260 5220 2160 1835 3090 1965 2819 4041 3186 1578 5695 
46 3000 5735 2039 3037 5535 2311 1375 3027 4732 3345 1341 3374 4320 4248 5042 2287 5006 4701 2323 5938 4940 4222 4898 5421 5120 2687 3097 2729 1179 6167 5371 2287 2813 2725 1644 3651 1426 4256 2563 5058 2903 4398 5709 2364 5963 4703 0 2712 2638 3256 4706 533 4547 2765 1924 5255 3210 3663 3789 5459 3075 6115 5956 3785 2387 5716 1170 2297 3003 4446 5955 5340 6014 4017 4346 2298 3951 2814 3034 3330 5637 1545 3044 5186 2852 2374 4582 5729 3085 4983 3949 3542 3963 3595 2275 6655 2634 685 5646 3622 2535 
47 3000 6510 4465 1823 4685 1565 3269 5488 5540 1924 3972 1110 4995 2667 5765 2097 3580 4077 1363 4240 2746 4105 2840 3332 6122 1631 5514 3233 2586 4504 4712 460 4372 4996 1088 4126 2715 4180 5128 5206 4866 4013 4401 2112 5078 5629 2712 0 5167 2315 4198 2476 5960 5406 3200 5881 4394 4250 4215 6168 4794 4658 6599 4348 2047 6547 1692 3840 1936 3810 4353 4129 4225 4832 3589 2822 5234 4908 5649 1651 5358 2270 4508 5991 2855 4394 4734 5772 5698 6037 4448 1269 3864 3880 4504 7303 2809 2694 4919 4087 269 
48 3000 4787 730 5667 6223 4171 2017 435 4006 5054 1310 5973 3886 5792 4319 4861 6272 5396 4294 7268 6793 4625 6656 7134 4059 5320 567 3341 2670 7438 5927 4708 2106 768 4086 3725 2655 4608 151 4937 1449 4979 6752 3873 6599 3850 2638 5167 0 5848 5299 3117 3141 563 2504 4582 2723 3614 3846 4645 1914 7218 5107 3700 4972 4710 3802 2113 4645 5226 7202 6370 7410 3548 5256 3245 2934 1177 593 5190 5787 3128 2295 4333 3824 1343 4602 5548 623 3898 3858 5660 4449 3887 962 5679 3613 2472 6202 3721 5044 
49 3000 8452 5292 493 6990 3640 4459 6257 7443 4227 4539 1583 6932 4979 7709 989 5891 6345 3464 6498 4891 6265 5043 5492 7956 745 6339 5121 3915 6764 6997 2446 5851 5980 2541 6097 4146 6332 5754 7331 6104 6234 6711 4125 7388 7483 3256 2315 5848 0 6449 2741 7581 5867 4729 7866 6075 6185 6209 8128 6195 6952 8595 6298 876 8467 2213 5293 4180 6073 6629 6444 6460 6705 5864 4649 6903 6046 6160 3965 7593 3868 6048 7908 4891 5576 6842 7941 6213 7845 6428 3526 6008 5904 5523 9310 4776 3698 7215 6060 2097 
50 3000 3015 4699 5975 924 2850 3736 5307 2430 2306 4966 5253 1997 1973 2437 5923 1586 204 3003 2376 3063 693 2771 2951 3047 5713 5211 2086 3545 2439 670 4003 3238 4618 4039 1621 3329 736 5380 1357 4002 326 1608 2473 1316 2648 4706 4198 5299 6449 0 5001 3574 5830 3035 2382 2676 1772 1529 2683 3574 2071 2931 1729 5932 3113 4747 3205 2272 398 2213 1284 2583 2168 646 2430 3021 4246 5885 2622 1165 3171 3111 2689 1854 3956 1130 1695 5907 3068 1627 3300 851 1414 4341 3522 2073 4064 951 1614 4374 
51 3000 6214 2552 2551 5792 2406 1885 3519 5204 3421 1807 2997 4772 4337 5509 1763 5147 4977 2373 6042 4913 4565 4903 5428 5614 2207 3598 3108 1575 6282 5656 2097 3327 3249 1493 4063 1835 4606 3032 5456 3437 4705 5887 2573 6220 5186 533 2476 3117 2741 5001 0 5067 3191 2377 5714 3697 4090 4198 5929 3602 6271 6424 4212 1867 6200 802 2800 3121 4714 6079 5529 6100 4480 4590 2651 4457 3347 3473 3356 5985 1839 3555 5662 3155 2908 4972 6123 3525 5481 4372 3456 4301 3978 2805 7128 2952 1145 5925 4032 2264 
52 3000 1704 3014 7230 4353 4438 3184 2866 1270 4769 3780 7036 1578 5063 1477 6706 5068 3757 4637 5945 6252 2944 6006 6333 990 6883 2710 2781 3666 6013 3980 5549 1744 2408 5145 2186 3436 2875 3286 2532 1820 3356 5176 3902 4596 1036 4547 5960 3141 7581 3574 5067 0 3674 2858 1720 1565 2008 2195 1658 1495 5630 2047 1980 6780 1607 5378 2294 4436 3745 5788 4858 6145 1442 3918 3142 732 2048 3547 5055 3442 3768 1534 1370 3284 2273 2479 2929 3538 838 2010 5757 2955 2499 2563 2552 3236 3946 4193 2216 5981 
53 3000 5335 1160 5731 6754 4535 2405 829 4567 5461 1438 6139 4449 6233 4879 4878 6752 5921 4641 7749 7196 5162 7073 7562 4606 5394 990 3838 3012 7926 6465 4955 2660 1330 4318 4271 3037 5148 453 5498 2012 5508 7258 4283 7135 4408 2765 5406 563 5867 5830 3191 3674 0 2963 5142 3280 4164 4394 5201 2477 7722 5658 4253 4996 5255 3933 2630 5055 5743 7691 6875 7884 4110 5762 3703 3494 1739 302 5574 6343 3494 2855 4888 4299 1884 5158 6110 353 4445 4412 5999 4979 4422 1491 6220 4081 2734 6742 4265 5260 
54 3000 3842 1803 4372 3938 1835 704 2666 2829 2586 1932 4230 2398 3289 3132 3882 3793 3084 2004 4788 4319 2445 4165 4635 3269 4025 2631 949 833 4970 3702 2760 1176 2027 2298 1750 585 2461 2542 3163 1711 2709 4335 1422 4348 2823 1924 3200 2504 4729 3035 2377 2858 2963 0 3337 1355 1746 1890 3552 1593 4790 4046 1867 3948 3833 2544 640 2177 2869 4737 3950 4921 2102 2849 742 2173 1814 3092 2762 3817 935 1338 3290 1340 1323 2701 3835 3126 3145 2034 3328 2210 1746 1587 4752 1119 1242 3984 1725 3181 
55 3000 658 4254 7446 2944 4324 3919 4394 579 4265 4873 6991 947 4244 264 7120 3968 2586 4523 4694 5400 1973 5118 5331 812 7127 4251 2745 4149 4705 2568 5550 2649 3813 5325 1772 3889 1887 4712 1052 3138 2295 3853 3788 3092 743 5255 5881 4582 7866 2382 5714 1720 5142 3337 0 2093 1681 1670 308 2684 4264 729 1567 7168 737 5793 3026 4044 2687 4501 3603 4910 1238 2920 3222 1648 3407 5072 4588 1851 4036 2408 381 3028 3417 1303 1240 5073 917 1442 5319 2134 2000 3794 1444 3104 4578 2720 1810 5978 
56 3000 2528 2250 5704 3584 2878 1846 2664 1539 3295 2794 5472 1227 3725 1859 5238 3926 2808 3076 4887 4890 1982 4672 5059 1919 5362 2556 1252 2188 5010 3259 3985 622 1989 3599 1055 1940 1949 2828 2226 1337 2377 4236 2348 3931 1493 3210 4394 2723 6075 2676 3697 1565 3280 1355 2093 0 914 1156 2266 898 4709 2765 986 5303 2506 3899 935 2934 2695 4773 3872 5063 885 2795 1578 843 1595 3285 3559 3063 2223 440 1981 1792 1417 1879 2861 3300 1791 1137 4240 1864 1295 1816 3453 1706 2551 3525 1062 4418 
57 3000 2276 3087 5769 2672 2684 2404 3575 1290 2811 3522 5358 750 3054 1529 5441 3116 1915 2886 4046 4244 1079 3998 4336 1888 5447 3469 1064 2514 4151 2345 3896 1511 2895 3646 179 2255 1039 3710 1434 2251 1485 3355 2139 3017 1392 3663 4250 3614 6185 1772 4090 2008 4164 1746 1681 914 0 243 1944 1810 3826 2410 121 5487 2303 4119 1629 2516 1831 3917 3000 4233 613 1964 1540 1337 2506 4185 3114 2193 2361 1354 1744 1405 2281 1013 2103 4202 1822 289 3837 999 490 2680 3126 1444 2978 2611 207 4328 
58 3000 2295 3306 5783 2429 2654 2568 3814 1354 2693 3714 5326 798 2876 1552 5493 2897 1675 2854 3816 4067 837 3815 4138 1979 5467 3710 1112 2624 3916 2103 3880 1747 3133 3668 140 2368 795 3940 1272 2492 1246 3116 2118 2775 1490 3789 4215 3846 6209 1529 4198 2195 4394 1890 1670 1156 243 0 1952 2053 3586 2396 217 5533 2336 4183 1833 2424 1599 3683 2764 4006 761 1742 1593 1550 2746 4420 3004 1982 2428 1595 1785 1359 2509 818 1945 4438 1931 236 3733 773 347 2907 3107 1436 3104 2370 166 4308 
59 3000 351 4361 7714 3216 4607 4108 4432 727 4569 5014 7278 1196 4553 422 7368 4268 2887 4807 4979 5708 2282 5425 5634 679 7391 4283 3007 4373 4984 2843 5830 2788 3880 5590 2047 4115 2196 4780 1341 3215 2602 4132 4069 3343 808 5459 6168 4645 8128 2683 5929 1658 5201 3552 308 2266 1944 1952 0 2776 4536 499 1835 7418 430 6036 3201 4343 2993 4783 3892 5197 1452 3228 3480 1720 3480 5113 4891 2090 4284 2543 312 3312 3533 1611 1434 5111 820 1721 5623 2441 2289 3899 1200 3380 4787 2982 2086 6260 
60 3000 2959 1589 5877 4482 3389 1741 1796 2105 3983 2303 5814 1976 4515 2424 5286 4788 3704 3570 5760 5651 2881 5452 5866 2251 5524 1676 1954 2308 5891 4154 4352 448 1150 3865 1953 2113 2847 2036 3040 468 3274 5129 2911 4825 1968 3075 4794 1914 6195 3574 3602 1495 2477 1593 2684 898 1810 2053 2776 0 5601 3256 1874 5368 2900 3982 954 3595 3585 5655 4761 5931 1642 3673 2125 1057 741 2444 4214 3914 2525 468 2465 2513 788 2741 3637 2453 2094 2014 4845 2758 2185 1126 3880 2371 2509 4418 1960 4769 
61 3000 4827 6565 6459 1320 3868 5446 7276 4434 2899 6684 5477 4051 2014 4381 6702 1128 1912 3930 643 2293 2752 2038 1806 5013 6290 7194 3883 5072 496 1696 4669 5232 6586 4975 3664 4914 2803 7282 3218 6007 2340 472 3754 1275 4664 6115 4658 7218 6952 2071 6271 5630 7722 4790 4264 4709 3826 3586 4536 5601 0 4649 3792 6672 4944 5791 5105 3152 2017 412 849 840 4239 1962 4076 5093 6236 7812 3069 2495 4606 5133 4617 3456 5893 3153 3211 7839 5059 3698 3427 2844 3416 6257 5083 3686 5569 1566 3652 4905 
62 3000 350 4845 8175 3343 5046 4607 4876 1226 4947 5508 7709 1672 4861 914 7847 4497 3134 5244 5136 5990 2621 5700 5873 1063 7856 4725 3474 4865 5116 2985 6274 3283 4344 6055 2500 4606 2536 5243 1577 3687 2899 4275 4513 3409 1298 5956 6599 5107 8595 2931 6424 2047 5658 4046 729 2765 2410 2396 499 3256 4649 0 2297 7895 471 6519 3700 4744 3274 4929 4070 5357 1944 3518 3951 2198 3949 5559 5271 2156 4763 3037 796 3750 4021 1942 1445 5555 1221 2170 6000 2808 2721 4382 715 3832 5283 3082 2538 6701 
63 3000 2169 3185 5880 2617 2783 2523 3651 1195 2877 3633 5457 646 3087 1422 5559 3114 1880 2985 4031 4278 1040 4028 4354 1804 5559 3542 1178 2636 4128 2282 3999 1595 2975 3758 229 2377 992 3800 1319 2323 1454 3323 2240 2951 1310 3785 4348 3700 6298 1729 4212 1980 4253 1867 1567 986 121 217 1835 1874 3792 2297 0 5604 2200 4238 1738 2594 1813 3896 2974 4221 553 1960 1656 1332 2582 4268 3184 2095 2479 1426 1643 1497 2374 910 1986 4284 1746 171 3910 990 534 2773 3012 1547 3100 2544 267 4430 
64 3000 7733 4420 812 6554 3082 3627 5381 6717 3827 3663 1765 6224 4661 6996 126 5569 5849 2932 6279 4783 5674 4887 5374 7205 594 5464 4427 3120 6542 6520 2011 5040 5112 1904 5414 3363 5735 4878 6706 5256 5690 6383 3514 6967 6742 2387 2047 4972 876 5932 1867 6780 4996 3948 7168 5303 5487 5533 7418 5368 6672 7895 5604 0 7739 1404 4486 3704 5574 6384 6083 6271 5978 5385 3947 6118 5189 5288 3610 7046 3134 5246 7183 4261 4727 6213 7337 5340 7087 5743 3317 5411 5247 4659 8611 4120 2860 6756 5378 1784 
65 3000 133 4488 8062 3626 4983 4350 4461 1024 4982 5183 7657 1553 4981 784 7684 4697 3317 5184 5398 6138 2708 5855 6064 653 7734 4308 3356 4663 5397 3256 6199 2975 3955 5934 2421 4407 2622 4850 1766 3313 3032 4547 4440 3734 1013 5716 6547 4710 8467 3113 6200 1607 5255 3833 737 2506 2303 2336 430 2900 4944 471 2200 7739 0 6348 3431 4746 3424 5200 4314 5617 1762 3658 3820 1850 3567 5144 5302 2476 4607 2729 560 3692 3679 2040 1792 5137 813 2101 6034 2860 2678 4026 979 3747 5054 3384 2459 6631 
66 3000 6345 3174 1921 5461 1956 2247 4181 5329 2894 2511 2212 4846 3801 5613 1339 4662 4692 1864 5500 4246 4406 4267 4788 5805 1565 4242 3070 1716 5750 5374 1348 3642 3825 827 4058 1959 4459 3732 5392 3899 4476 5440 2274 5886 5346 1170 1692 3802 2213 4747 802 5378 3933 2544 5793 3899 4119 4183 6036 3982 5791 6519 4238 1404 6348 0 3086 2658 4419 5561 5102 5536 4589 4261 2590 4714 3856 4205 2770 5810 1758 3844 5794 2973 3374 4899 6040 4256 5686 4384 2757 4139 3915 3351 7233 2806 1490 5628 4023 1468 
67 3000 3458 1495 4957 4128 2462 922 2192 2475 3144 1899 4861 2134 3774 2794 4411 4179 3291 2636 5173 4857 2548 4682 5130 2825 4606 2131 1240 1380 5334 3849 3397 558 1514 2917 1699 1168 2542 2183 3053 1094 2881 4638 2014 4515 2422 2297 3840 2113 5293 3205 2800 2294 2630 640 3026 935 1629 1833 3201 954 5105 3700 1738 4486 3431 3086 0 2741 3114 5098 4256 5323 1802 3143 1257 1657 1234 2706 3346 3816 1571 761 2914 1759 799 2642 3713 2733 2687 1908 3942 2353 1807 1151 4385 1572 1661 4128 1686 3815 
68 3000 4693 3922 3703 2851 716 2650 4839 3778 409 3793 3019 3222 1248 3962 3708 2027 2165 796 2935 2148 2183 2018 2515 4398 3448 4809 1682 2098 3168 2823 1735 3146 4205 1866 2364 2023 2261 4665 3291 3832 2077 2785 773 3267 3904 3003 1936 4645 4180 2272 3121 4436 5055 2177 4044 2934 2516 2424 4343 3595 3152 4744 2594 3704 4746 2658 2741 0 1892 2960 2444 3012 3128 1687 1485 3709 3972 5220 625 3425 1600 3193 4203 1151 3496 2833 3839 5258 4338 2659 1324 1955 2077 3760 5433 1234 2536 3053 2326 2103 
69 3000 3334 4595 5595 1091 2497 3558 5266 2668 1911 4799 4859 2190 1596 2714 5569 1328 275 2641 2217 2718 801 2432 2656 3302 5340 5180 1927 3306 2320 954 3627 3215 4576 3691 1661 3104 874 5297 1698 3989 400 1545 2156 1516 2874 4446 3810 5226 6073 398 4714 3745 5743 2869 2687 2695 1831 1599 2993 3585 2017 3274 1813 5574 3424 4419 3114 1892 0 2086 1176 2409 2309 252 2212 3141 4221 5817 2224 1561 2902 3116 2970 1606 3891 1394 2085 5842 3307 1745 2902 834 1400 4264 3886 1835 3824 1213 1646 3991 
70 3000 5087 6531 6137 1586 3672 5371 7284 4628 2670 6598 5132 4211 1760 4599 6419 958 2032 3716 237 1900 2863 1656 1397 5226 5981 7210 3861 4954 237 1945 4394 5268 6598 4738 3747 4813 2924 7258 3449 6042 2446 653 3613 1622 4851 5955 4353 7202 6629 2213 6079 5788 7691 4737 4501 4773 3917 3683 4783 5655 412 4929 3896 6384 5200 5561 5098 2960 2086 0 929 451 4372 1982 4007 5217 6262 7796 2807 2790 4474 5186 4843 3396 5893 3331 3505 7825 5261 3816 3104 2920 3479 6245 5394 3620 5438 1862 3732 4606 
71 3000 4206 5719 5952 803 3152 4614 6427 3705 2257 5854 5048 3282 1477 3688 6101 610 1103 3239 1097 2184 1938 1887 1883 4310 5749 6346 3037 4266 1157 1101 4073 4387 5738 4305 2834 4097 1997 6434 2551 5161 1521 385 2976 1047 3927 5340 4129 6370 6444 1284 5529 4858 6875 3950 3603 3872 3000 2764 3892 4761 849 4070 2974 6083 4314 5102 4256 2444 1176 929 0 1309 3444 1113 3244 4290 5389 6963 2484 1983 3812 4292 3934 2622 5044 2406 2682 6990 4340 2890 2976 2009 2577 5408 4581 2854 4771 1108 2820 4357 
72 3000 5506 6723 5971 2021 3707 5528 7515 5011 2679 6738 4930 4575 1767 4998 6314 1146 2392 3727 222 1619 3204 1420 1055 5619 5839 7449 4082 5067 380 2372 4312 5530 6833 4708 4059 4946 3271 7459 3858 6302 2789 1089 3714 2072 5231 6014 4225 7410 6460 2583 6100 6145 7884 4921 4910 5063 4233 4006 5197 5931 840 5357 4221 6271 5617 5536 5323 3012 2409 451 1309 0 4716 2272 4182 5551 6512 8003 2766 3228 4577 5465 5244 3587 6122 3711 3942 8034 5648 4154 2958 3234 3778 6461 5835 3802 5534 2303 4041 4486 
73 3000 1755 3122 6303 3006 3268 2683 3436 739 3424 3679 5938 344 3638 1030 5924 3629 2340 3471 4520 4829 1512 4576 4893 1290 5973 3310 1608 2921 4601 2647 4465 1488 2790 4175 777 2662 1448 3663 1399 2111 1928 3777 2721 3300 796 4017 4832 3548 6705 2168 4480 1442 4110 2102 1238 885 613 761 1452 1642 4239 1944 553 5978 1762 4589 1802 3128 2309 4372 3444 4716 0 2477 2062 856 2382 4086 3727 2289 2844 1265 1205 2006 2283 1153 2001 4096 1214 568 4449 1513 1087 2678 2652 2023 3341 2889 812 4899 
74 3000 3571 4607 5384 1204 2321 3525 5317 2877 1678 4767 4627 2382 1346 2938 5384 1154 492 2455 2092 2480 993 2197 2443 3515 5135 5237 1925 3227 2219 1136 3422 3287 4628 3515 1789 3038 1072 5321 1944 4062 625 1496 2019 1632 3076 4346 3589 5256 5864 646 4590 3918 5762 2849 2920 2795 1964 1742 3228 3673 1962 3518 1960 5385 3658 4261 3143 1687 252 1982 1113 2272 2477 0 2161 3293 4284 5849 1987 1802 2801 3204 3194 1542 3931 1621 2338 5876 3514 1909 2656 969 1506 4294 4136 1774 3741 1373 1769 3776 
75 3000 3803 2545 4241 3300 1302 1370 3396 2797 1886 2610 3912 2283 2550 3060 3903 3058 2448 1498 4052 3604 1924 3439 3900 3336 3913 3353 480 1122 4239 3100 2426 1677 2742 2113 1469 898 1959 3284 2819 2347 2113 3628 789 3720 2852 2298 2822 3245 4649 2430 2651 3142 3703 742 3222 1578 1540 1593 3480 2125 4076 3951 1656 3947 3820 2590 1257 1485 2212 4007 3244 4182 2062 2161 0 2413 2490 3834 2095 3341 837 1754 3261 621 2027 2330 3480 3868 3239 1796 2720 1664 1336 2319 4666 389 1639 3379 1433 2861 
76 3000 1904 2646 6540 3861 3707 2575 2750 1076 4048 3334 6314 1109 4378 1385 6049 4447 3188 3906 5358 5564 2353 5325 5673 1207 6195 2610 2049 2997 5447 3501 4827 1148 2166 4440 1516 2757 2294 3066 2177 1495 2770 4628 3170 4149 916 3951 5234 2934 6903 3021 4457 732 3494 2173 1648 843 1337 1550 1720 1057 5093 2198 1332 6118 1850 4714 1657 3709 3141 5217 4290 5551 856 3293 2413 0 1762 3425 4329 3091 3062 908 1408 2557 1830 1998 2702 3427 1056 1400 5028 2323 1823 2183 2828 2503 3319 3739 1542 5260 
77 3000 3637 978 5777 5163 3644 1657 1069 2830 4376 1789 5858 2717 5003 3145 5095 5365 4362 3804 6352 6092 3557 5916 6360 2914 5421 965 2445 2326 6499 4848 4451 1008 409 3896 2636 2198 3531 1304 3779 272 3935 5764 3231 5520 2679 2814 4908 1177 6046 4246 3347 2048 1739 1814 3407 1595 2506 2746 3480 741 6236 3949 2582 5189 3567 3856 1234 3972 4221 6262 5389 6512 2382 4284 2490 1762 0 1704 4569 4645 2667 1155 3167 2984 513 3467 4378 1715 2754 2730 5142 3410 2836 563 4544 2804 2370 5117 2637 4843 
78 3000 5230 1298 6018 6808 4725 2577 682 4502 5628 1697 6405 4421 6377 4808 5171 6865 5984 4839 7862 7366 5208 7234 7716 4500 5679 836 3935 3210 8032 6508 5196 2674 1298 4562 4302 3215 5189 555 5483 1975 5566 7345 4447 7181 4332 3034 5649 593 6160 5885 3473 3547 302 3092 5072 3285 4185 4420 5113 2444 7812 5559 4268 5288 5144 4205 2706 5220 5817 7796 6963 8003 4086 5849 3834 3425 1704 0 5754 6346 3682 2850 4802 4416 1929 5164 6080 52 4340 4422 6203 5037 4472 1554 6099 4204 2964 6782 4299 5511 
79 3000 5242 4461 3475 3038 1055 3176 5406 4355 326 4259 2645 3800 1055 4523 3635 1959 2479 1007 2733 1636 2666 1568 2090 4984 3265 5383 2308 2572 2987 3085 1601 3765 4786 1942 2955 2539 2748 5199 3770 4439 2486 2773 1340 3427 4493 3330 1651 5190 3965 2622 3356 5055 5574 2762 4588 3559 3114 3004 4891 4214 3069 5271 3184 3610 5302 2770 3346 625 2224 2807 2484 2766 3727 1987 2095 4329 4569 5754 0 3786 2081 3817 4769 1773 4085 3336 4270 5795 4931 3238 731 2463 2658 4330 5946 1860 2955 3280 2918 1873 
80 3000 2353 5280 7122 1208 3968 4515 5710 2172 3472 5690 6417 1985 3077 2023 7030 2494 1314 4133 3006 4076 1420 3776 3854 2652 6853 5590 2915 4458 2968 884 5149 3682 5047 5143 2117 4218 1381 5891 917 4378 1359 2139 3545 1258 2408 5637 5358 5787 7593 1165 5985 3442 6343 3817 1851 3063 2193 1982 2090 3914 2495 2156 2095 7046 2476 5810 3816 3425 1561 2790 1983 3228 2289 1802 3341 3091 4645 6346 3786 0 4148 3495 2228 2846 4468 1186 716 6359 2732 1932 4458 1685 2071 4868 2607 3036 4967 930 2133 5528 
81 3000 4599 2398 3484 3990 1043 1112 3377 3584 1992 2194 3295 3091 2835 3862 3084 3517 3159 1169 4480 3710 2728 3607 4112 4088 3145 3374 1315 498 4695 3832 1826 2112 2807 1377 2301 481 2771 3129 3656 2604 2869 4186 863 4418 3616 1545 2270 3128 3868 3171 1839 3768 3494 935 4036 2223 2361 2428 4284 2525 4606 4763 2479 3134 4607 1758 1571 1600 2902 4474 3812 4577 2844 2801 837 3062 2667 3682 2081 4148 0 2266 4050 1319 2155 3165 4315 3723 3977 2625 2535 2463 2173 2325 5478 1113 964 4105 2266 2245 
82 3000 2769 1860 5703 4021 3046 1670 2225 1833 3572 2471 5558 1609 4069 2158 5172 4322 3238 3236 5293 5216 2418 5010 5416 2102 5354 2116 1526 2133 5423 3699 4079 246 1553 3637 1491 1907 2386 2404 2643 897 2808 4660 2543 4371 1740 3044 4508 2295 6048 3111 3555 1534 2855 1338 2408 440 1354 1595 2543 468 5133 3037 1426 5246 2729 3844 761 3193 3116 5186 4292 5465 1265 3204 1754 908 1155 2850 3817 3495 2266 0 2242 2084 1020 2313 3264 2864 1956 1574 4469 2290 1716 1412 3699 1959 2421 3965 1496 4505 
83 3000 552 4051 7501 3299 4426 3827 4120 465 4451 4711 7100 996 4496 256 7130 4273 2892 4628 5029 5666 2220 5389 5625 431 7174 3972 2796 4117 5051 2921 5640 2488 3567 5374 1865 3859 2135 4467 1399 2902 2572 4197 3882 3462 502 5186 5991 4333 7908 2689 5662 1370 4888 3290 381 1981 1744 1785 312 2465 4617 796 1643 7183 560 5794 2914 4203 2970 4843 3934 5244 1205 3194 3261 1408 3167 4802 4769 2228 4050 2242 0 3138 3225 1576 1621 4800 545 1549 5500 2349 2130 3589 1471 3188 4518 3084 1904 6072 
84 3000 3654 3138 4450 2697 1295 1991 3945 2692 1502 3232 3966 2142 2019 2910 4232 2453 1853 1495 3449 3137 1433 2943 3376 3292 4146 3889 559 1700 3629 2519 2525 2072 3273 2364 1272 1499 1486 3872 2446 2807 1550 3007 768 3121 2797 2852 2855 3824 4891 1854 3155 3284 4299 1340 3028 1792 1405 1359 3312 2513 3456 3750 1497 4261 3692 2973 1759 1151 1606 3396 2622 3587 2006 1542 621 2557 2984 4416 1773 2846 1319 2084 3138 0 2556 1955 3077 4448 3221 1592 2473 1166 1029 2879 4458 232 2218 2794 1233 2950 
85 3000 3733 840 5293 4879 3142 1151 1393 2839 3903 1514 5349 2627 4564 3162 4636 4977 4055 3299 5971 5630 3281 5465 5920 3033 4937 1333 2039 1814 6130 4584 3938 797 717 3387 2386 1685 3265 1431 3644 530 3636 5424 2745 5255 2724 2374 4394 1343 5576 3956 2908 2273 1884 1323 3417 1417 2281 2509 3533 788 5893 4021 2374 4727 3679 3374 799 3496 3891 5893 5044 6122 2283 3931 2027 1830 513 1929 4085 4468 2155 1020 3225 2556 0 3282 4276 1952 2878 2535 4643 3107 2543 399 4658 2362 1884 4859 2380 4331 
86 3000 1958 4096 6396 1877 3217 3385 4534 1299 3011 4530 5836 907 2941 1320 6181 2702 1328 3406 3502 4099 678 3818 4049 1918 6097 4418 1864 3408 3551 1509 4447 2497 3866 4319 958 3156 593 4705 493 3202 996 2705 2717 2150 1520 4582 4734 4602 6842 1130 4972 2479 5158 2701 1303 1879 1013 818 1611 2741 3153 1942 910 6213 2040 4899 2642 2833 1394 3331 2406 3711 1153 1621 2330 1998 3467 5164 3336 1186 3165 2313 1576 1955 3282 0 1151 5178 1937 746 4063 878 994 3682 2609 2096 3900 1740 979 4860 
87 3000 1664 5112 7485 1921 4301 4506 5420 1676 3947 5613 6858 1661 3667 1457 7310 3164 1880 4482 3720 4722 1676 4424 4535 2052 7196 5289 3015 4558 3685 1581 5518 3479 4787 5436 2085 4304 1608 5664 672 4105 1784 2853 3826 1964 1900 5729 5772 5548 7941 1695 6123 2929 6110 3835 1240 2861 2103 1945 1434 3637 3211 1445 1986 7337 1792 6040 3713 3839 2085 3505 2682 3942 2001 2338 3480 2702 4378 6080 4270 716 4315 3264 1621 3077 4276 1151 0 6088 2155 1815 4972 1933 2145 4674 1898 3234 5046 1647 2111 5919 
88 3000 5224 1336 6070 6830 4767 2618 679 4504 5666 1748 6455 4429 6413 4809 5224 6896 6008 4882 7892 7405 5228 7272 7752 4495 5731 829 3964 3253 8061 6528 5243 2691 1311 4610 4320 3255 5209 595 5494 1985 5588 7371 4485 7201 4333 3085 5698 623 6213 5907 3525 3538 353 3126 5073 3300 4202 4438 5111 2453 7839 5555 4284 5340 5137 4256 2733 5258 5842 7825 6990 8034 4096 5876 3868 3427 1715 52 5795 6359 3723 2864 4800 4448 1952 5178 6088 0 4334 4437 6246 5059 4493 1581 6091 4236 3011 6802 4318 5560 
89 3000 890 3679 7460 3750 4476 3609 3657 639 4623 4387 7139 1153 4766 709 7025 4631 3265 4678 5437 5952 2522 5686 5958 161 7123 3505 2804 3978 5476 3372 5660 2200 3141 5337 1976 3728 2441 4037 1860 2500 2907 4625 3928 3944 445 4983 6037 3898 7845 3068 5481 838 4445 3145 917 1791 1822 1931 820 2094 5059 1221 1746 7087 813 5686 2687 4338 3307 5261 4340 5648 1214 3514 3239 1056 2754 4340 4931 2732 3977 1956 545 3221 2878 1937 2155 4334 0 1703 5657 2604 2275 3217 1790 3232 4336 3555 2013 6095 
90 3000 2062 3351 6005 2497 2886 2693 3799 1118 2925 3805 5559 562 3084 1317 5700 3061 1789 3087 3959 4275 953 4018 4327 1747 5687 3687 1316 2796 4047 2154 4109 1752 3126 3887 330 2537 895 3959 1147 2468 1370 3231 2348 2820 1260 3949 4448 3858 6428 1627 4372 2010 4412 2034 1442 1137 289 236 1721 2014 3698 2170 171 5743 2101 4384 1908 2659 1745 3816 2890 4154 568 1909 1796 1400 2730 4422 3238 1932 2625 1574 1549 1592 2535 746 1815 4437 1703 0 3967 945 582 2935 2884 1662 3264 2411 368 4539 
91 3000 5974 4930 3033 3618 1503 3647 5912 5085 1054 4623 2072 4530 1500 5255 3365 2393 3143 1366 2980 1501 3389 1573 2073 5712 2882 5904 2988 2993 3245 3711 1427 4397 5324 1965 3680 3014 3473 5653 4489 5034 3190 3209 1934 3980 5220 3542 1269 5660 3526 3300 3456 5757 5999 3328 5319 4240 3837 3733 5623 4845 3427 6000 3910 3317 6034 2757 3942 1324 2902 3104 2976 2958 4449 2656 2720 5028 5142 6203 731 4458 2535 4469 5500 2473 4643 4063 4972 6246 5657 3967 0 3192 3386 4851 6672 2533 3293 3881 3643 1533 
92 3000 2792 3848 5553 1774 2369 2913 4465 1980 2138 4133 4963 1453 2162 2096 5387 2123 952 2552 3047 3348 267 3084 3382 2624 5263 4373 1269 2786 3154 1502 3591 2401 3776 3507 827 2553 324 4529 1341 3171 529 2372 1897 2163 2160 3963 3864 4449 6008 851 4301 2955 4979 2210 2134 1864 999 773 2441 2758 2844 2808 990 5411 2860 4139 2353 1955 834 2920 2009 3234 1513 969 1664 2323 3410 5037 2463 1685 2463 2290 2349 1166 3107 878 1933 5059 2604 945 3192 0 574 3490 3485 1351 3300 1783 812 3998 
93 3000 2634 3302 5471 2336 2324 2444 3894 1701 2348 3636 4991 1145 2563 1894 5211 2650 1526 2523 3597 3753 741 3507 3849 2326 5161 3800 870 2417 3715 2043 3554 1828 3205 3367 313 2168 735 3971 1483 2597 1099 2943 1794 2713 1835 3595 3880 3887 5904 1414 3978 2499 4422 1746 2000 1295 490 347 2289 2185 3416 2721 534 5247 2678 3915 1807 2077 1400 3479 2577 3778 1087 1506 1336 1823 2836 4472 2658 2071 2173 1716 2130 1029 2543 994 2145 4493 2275 582 3386 574 0 2931 3429 1129 2915 2321 282 3979 
94 3000 4086 463 5270 5265 3348 1238 1079 3215 4169 1232 5411 3021 4869 3537 4561 5320 4435 3491 6316 5905 3671 5752 6219 3375 4915 1054 2384 1923 6482 4974 4044 1195 492 3461 2781 1844 3657 1039 4043 743 4019 5790 2994 5644 3090 2275 4504 962 5523 4341 2805 2563 1491 1587 3794 1816 2680 2907 3899 1126 6257 4382 2773 4659 4026 3351 1151 3760 4264 6245 5408 6461 2678 4294 2319 2183 563 1554 4330 4868 2325 1412 3589 2879 399 3682 4674 1581 3217 2935 4851 3490 2931 0 5005 2675 1884 5250 2775 4418 
95 3000 930 5468 8889 3815 5753 5299 5418 1923 5620 6160 8412 2387 5482 1622 8562 5051 3720 5950 5613 6584 3283 6289 6426 1631 8571 5262 4190 5574 5566 3480 6983 3946 4928 6769 3214 5315 3199 5820 2198 4291 3528 4745 5223 3814 1965 6655 7303 5679 9310 3522 7128 2552 6220 4752 1444 3453 3126 3107 1200 3880 5083 715 3012 8611 979 7233 4385 5433 3886 5394 4581 5835 2652 4136 4666 2828 4544 6099 5946 2607 5478 3699 1471 4458 4658 2609 1898 6091 1790 2884 6672 3485 3429 5005 0 4544 5986 3532 3252 7408 
96 3000 3716 2920 4346 2926 1244 1760 3746 2733 1614 3000 3916 2193 2202 2969 4086 2674 2079 1447 3669 3293 1617 3112 3558 3313 4033 3695 455 1474 3853 2740 2452 1924 3080 2237 1333 1268 1663 3657 2589 2640 1764 3238 697 3349 2819 2634 2809 3613 4776 2073 2952 3236 4081 1119 3104 1706 1444 1436 3380 2371 3686 3832 1547 4120 3747 2806 1572 1234 1835 3620 2854 3802 2023 1774 389 2503 2804 4204 1860 3036 1113 1959 3188 232 2362 2096 3234 4236 3232 1662 2533 1351 1129 2675 4544 0 1993 3017 1294 2884 
97 3000 5069 1778 3409 4915 1901 767 2804 4062 2912 1330 3537 3640 3782 4368 2777 4481 4071 1966 5441 4591 3557 4513 5027 4469 3053 2841 2053 518 5658 4733 2236 2201 2369 1615 2966 749 3587 2435 4374 2409 3751 5147 1825 5340 4041 685 2694 2472 3698 4064 1145 3946 2734 1242 4578 2551 2978 3104 4787 2509 5569 5283 3100 2860 5054 1490 1661 2536 3824 5438 4771 5534 3341 3741 1639 3319 2370 2964 2955 4967 964 2421 4518 2218 1884 3900 5046 3011 4336 3264 3293 3300 2915 1884 5986 1993 0 5010 2938 2575 
98 3000 3264 5623 6731 304 3694 4686 6185 2951 2994 5914 5920 2643 2410 2858 6756 1679 947 3828 2081 3276 1580 2976 2990 3494 6492 6080 3036 4491 2038 282 4781 4115 5501 4888 2483 4278 1594 6290 1694 4863 1275 1214 3369 410 3186 5646 4919 6202 7215 951 5925 4193 6742 3984 2720 3525 2611 2370 2982 4418 1566 3082 2544 6756 3384 5628 4128 3053 1213 1862 1108 2303 2889 1373 3379 3739 5117 6782 3280 930 4105 3965 3084 2794 4859 1740 1647 6802 3555 2411 3881 1783 2321 5250 3532 3017 5010 0 2484 5120 
99 3000 2424 3167 5637 2527 2524 2405 3702 1460 2612 3558 5197 908 2846 1678 5336 2919 1746 2725 3856 4036 922 3790 4130 2072 5319 3602 952 2458 3967 2212 3744 1631 3017 3519 38 2202 893 3812 1438 2389 1315 3180 1983 2885 1578 3622 4087 3721 6060 1614 4032 2216 4265 1725 1810 1062 207 166 2086 1960 3652 2538 267 5378 2459 4023 1686 2326 1646 3732 2820 4041 812 1769 1433 1542 2637 4299 2918 2133 2266 1496 1904 1233 2380 979 2111 4318 2013 368 3643 812 282 2775 3252 1294 2938 2484 0 4174 
100 3000 6599 4353 1610 4893 1655 3191 5378 5617 2130 3822 1054 5077 2905 5852 1832 3818 4261 1458 4497 3015 4246 3106 3600 6186 1392 5412 3292 2517 4760 4906 435 4357 4910 961 4213 2668 4318 4998 5339 4816 4176 4637 2191 5291 5695 2535 269 5044 2097 4374 2264 5981 5260 3181 5978 4418 4328 4308 6260 4769 4905 6701 4430 1784 6631 1468 3815 2103 3991 4606 4357 4486 4899 3776 2861 5260 4843 5511 1873 5528 2245 4505 6072 2950 4331 4860 5919 5560 6095 4539 1533 3998 3979 4418 7408 2884 2575 5120 4174 0 
